"","...1","game_id","date","type","team","opp","conf","opp_conf","location","result","score","team_rtg","opp_rtg","bub_rtg","bub_win_prob","wab","game_score","game_type","wab_if_win","wab_if_loss","expected_wab","opp_net_rank","quad"
"1",1,"Air ForceBelmont11-3",2025-11-03,"nc","Air Force","Belmont","MWC","MVC","A","L","63-79",0.105682919431014,0.80633083929574,0.789142831518436,0.473381084368494,-0.473381084368494,41.9,"played",NA,NA,NA,64,"Q1"
"2",2,"Air ForceBelmont11-3",2025-11-03,"nc","Belmont","Air Force","MVC","MWC","H","W","79-63",0.80633083929574,0.105682919431014,0.87694452176131,0.983688285585496,0.0163117144145042,40.6,"played",NA,NA,NA,336,"Q4"
"3",3,"AlbanyMarquette11-3",2025-11-03,"nc","Albany","Marquette","AE","BE","A","L","53-80",0.187386733437233,0.679338014949704,0.789142831518436,0.638540499954744,-0.638540499954744,5.4,"played",NA,NA,NA,142,"Q3"
"4",4,"AlbanyMarquette11-3",2025-11-03,"nc","Marquette","Albany","BE","AE","H","W","80-53",0.679338014949704,0.187386733437233,0.87694452176131,0.968656075522331,0.0313439244776691,89.6,"played",NA,NA,NA,309,"Q4"
"5",5,"AmericanWake Forest11-3",2025-11-03,"nc","American","Wake Forest","Pat","ACC","A","L","74-88",0.351681313504199,0.830188381602287,0.789142831518436,0.433595457149497,-0.433595457149497,39.5,"played",NA,NA,NA,67,"Q1"
"6",6,"AmericanWake Forest11-3",2025-11-03,"nc","Wake Forest","American","ACC","Pat","H","W","88-74",0.830188381602287,0.351681313504199,0.87694452176131,0.929265785702261,0.0707342142977385,80.3,"played",NA,NA,NA,228,"Q4"
"7",7,"Appalachian St.Central Michigan11-3",2025-11-03,"nc","Appalachian St.","Central Michigan","SB","MAC","A","L","66-82",0.322413113123934,0.241994330286212,0.789142831518436,0.921401475256222,-0.921401475256222,1.9,"played",NA,NA,NA,329,"Q4"
"8",8,"Appalachian St.Central Michigan11-3",2025-11-03,"nc","Central Michigan","Appalachian St.","MAC","SB","H","W","82-66",0.241994330286212,0.322413113123934,0.87694452176131,0.937409842186305,0.0625901578136946,88.6,"played",NA,NA,NA,212,"Q4"
"9",9,"ArizonaFlorida11-3",2025-11-03,"nc","Arizona","Florida","B12","SEC","N","W","93-87",0.969557623062076,0.956063022904127,0.837778001870703,0.191811815252024,0.808188184747976,97.1,"played",NA,NA,NA,14,"Q1"
"10",10,"ArizonaFlorida11-3",2025-11-03,"nc","Florida","Arizona","SEC","B12","N","L","87-93",0.956063022904127,0.969557623062076,0.837778001870703,0.139527865567766,-0.139527865567766,95.3,"played",NA,NA,NA,3,"Q1"
"11",11,"Arkansas Pine BluffWashington11-3",2025-11-03,"nc","Arkansas Pine Bluff","Washington","SWAC","B10","A","L","50-94",0.210499397365107,0.850500833069505,0.789142831518436,0.396811542881163,-0.396811542881163,2.1,"played",NA,NA,NA,62,"Q1"
"12",12,"Arkansas Pine BluffWashington11-3",2025-11-03,"nc","Washington","Arkansas Pine Bluff","B10","SWAC","H","W","94-50",0.850500833069505,0.210499397365107,0.87694452176131,0.963935877536827,0.0360641224631731,98.6,"played",NA,NA,NA,311,"Q4"
"13",13,"Arkansas St.Ohio11-3",2025-11-03,"nc","Arkansas St.","Ohio","SB","MAC","A","W","89-85",0.486958310027856,0.450162132915252,0.789142831518436,0.820506375236532,0.179493624763468,47.8,"played",NA,NA,NA,216,"Q3"
"14",14,"Arkansas St.Ohio11-3",2025-11-03,"nc","Ohio","Arkansas St.","MAC","SB","H","L","85-89",0.450162132915252,0.486958310027856,0.87694452176131,0.882465421492392,-0.882465421492392,45.9,"played",NA,NA,NA,141,"Q3"
"15",15,"BellarmineGeorgia11-3",2025-11-03,"nc","Bellarmine","Georgia","ASun","SEC","A","L","59-104",0.146521869965627,0.91600808149171,0.789142831518436,0.255490906957154,-0.255490906957154,10.1,"played",NA,NA,NA,24,"Q1"
"16",16,"BellarmineGeorgia11-3",2025-11-03,"nc","Georgia","Bellarmine","SEC","ASun","H","W","104-59",0.91600808149171,0.146521869965627,0.87694452176131,0.976476566376086,0.0235234336239143,94.3,"played",NA,NA,NA,291,"Q4"
"17",17,"Bethune CookmanAuburn11-3",2025-11-03,"nc","Auburn","Bethune Cookman","SEC","SWAC","H","W","95-90",0.914477539067104,0.251758726760507,0.87694452176131,0.954914569002642,0.0450854309973584,34.3,"played",NA,NA,NA,268,"Q4"
"18",18,"Bethune CookmanAuburn11-3",2025-11-03,"nc","Bethune Cookman","Auburn","SWAC","SEC","A","L","90-95",0.251758726760507,0.914477539067104,0.789142831518436,0.259262066114196,-0.259262066114196,87.3,"played",NA,NA,NA,34,"Q1"
"19",19,"BinghamtonSyracuse11-3",2025-11-03,"nc","Binghamton","Syracuse","AE","ACC","A","L","47-85",0.0455455848513069,0.839475742553748,0.789142831518436,0.417130023189949,-0.417130023189949,2,"played",NA,NA,NA,77,"Q2"
"20",20,"BinghamtonSyracuse11-3",2025-11-03,"nc","Syracuse","Binghamton","ACC","AE","H","W","85-47",0.839475742553748,0.0455455848513069,0.87694452176131,0.993348470028501,0.00665152997149854,92.4,"played",NA,NA,NA,362,"Q4"
"21",21,"Boston CollegeFlorida Atlantic11-3",2025-11-03,"nc","Boston College","Florida Atlantic","ACC","Amer","A","L","78-83",0.452301733460503,0.793840431015816,0.789142831518436,0.492884070110421,-0.492884070110421,66.6,"played",NA,NA,NA,91,"Q2"
"22",22,"Boston CollegeFlorida Atlantic11-3",2025-11-03,"nc","Florida Atlantic","Boston College","Amer","ACC","H","W","83-78",0.793840431015816,0.452301733460503,0.87694452176131,0.896152158479263,0.103847841520737,61.5,"played",NA,NA,NA,157,"Q3"
"23",23,"Boston UniversityNortheastern11-3",2025-11-03,"nc","Boston University","Northeastern","Pat","CAA","A","W","76-75",0.173160301084916,0.389208555122323,0.789142831518436,0.854508227313528,0.145491772686472,36.7,"played",NA,NA,NA,249,"Q4"
"24",24,"Boston UniversityNortheastern11-3",2025-11-03,"nc","Northeastern","Boston University","CAA","Pat","H","L","75-76",0.389208555122323,0.173160301084916,0.87694452176131,0.97145190396275,-0.97145190396275,18.7,"played",NA,NA,NA,292,"Q4"
"25",25,"BradleySt. Bonaventure11-3",2025-11-03,"nc","Bradley","St. Bonaventure","MVC","A10","N","L","63-69",0.552773882823195,0.508897937887209,0.837778001870703,0.832882008344926,-0.832882008344926,24.3,"played",NA,NA,NA,144,"Q3"
"26",26,"BradleySt. Bonaventure11-3",2025-11-03,"nc","St. Bonaventure","Bradley","A10","MVC","N","W","69-63",0.508897937887209,0.552773882823195,0.837778001870703,0.806886153412191,0.193113846587809,79.9,"played",NA,NA,NA,124,"Q3"
"27",27,"BryantSiena11-3",2025-11-03,"nc","Bryant","Siena","AE","MAAC","A","L","66-82",0.0698036017290083,0.54942727469335,0.789142831518436,0.75425005854782,-0.75425005854782,8.6,"played",NA,NA,NA,172,"Q3"
"28",28,"BryantSiena11-3",2025-11-03,"nc","Siena","Bryant","MAAC","AE","H","W","82-66",0.54942727469335,0.0698036017290083,0.87694452176131,0.989579639055569,0.0104203609444309,49.2,"played",NA,NA,NA,345,"Q4"
"29",29,"BYUVillanova11-3",2025-11-03,"nc","BYU","Villanova","B12","BE","N","W","71-66",0.923341616444686,0.885126507728777,0.837778001870703,0.401285495716006,0.598714504283994,96.3,"played",NA,NA,NA,33,"Q1"
"30",30,"BYUVillanova11-3",2025-11-03,"nc","Villanova","BYU","BE","B12","N","L","66-71",0.885126507728777,0.923341616444686,0.837778001870703,0.300093447405032,-0.300093447405032,78.2,"played",NA,NA,NA,12,"Q1"
"31",31,"Cal PolyUSC11-3",2025-11-03,"nc","Cal Poly","USC","BW","B10","A","L","64-94",0.22558726115521,0.850928400566256,0.789142831518436,0.396005997866024,-0.396005997866024,18.4,"played",NA,NA,NA,56,"Q1"
"32",32,"Cal PolyUSC11-3",2025-11-03,"nc","USC","Cal Poly","B10","BW","H","W","94-64",0.850928400566256,0.22558726115521,0.87694452176131,0.960729012486904,0.0392709875130959,88.1,"played",NA,NA,NA,257,"Q4"
"33",33,"Cal St. BakersfieldCalifornia11-3",2025-11-03,"nc","Cal St. Bakersfield","California","BW","ACC","A","L","60-87",0.159533932612316,0.828977030903702,0.789142831518436,0.435700951290163,-0.435700951290163,12.1,"played",NA,NA,NA,60,"Q1"
"34",34,"Cal St. BakersfieldCalifornia11-3",2025-11-03,"nc","California","Cal St. Bakersfield","ACC","BW","H","W","87-60",0.828977030903702,0.159533932612316,0.87694452176131,0.974055493161456,0.0259445068385435,87,"played",NA,NA,NA,301,"Q4"
"35",35,"CampbellWisconsin11-3",2025-11-03,"nc","Campbell","Wisconsin","CAA","B10","A","L","64-96",0.327073956545687,0.913235229454143,0.789142831518436,0.262304234633571,-0.262304234633571,36,"played",NA,NA,NA,36,"Q1"
"36",36,"CampbellWisconsin11-3",2025-11-03,"nc","Wisconsin","Campbell","B10","CAA","H","W","96-64",0.913235229454143,0.327073956545687,0.87694452176131,0.936151100895773,0.0638488991042273,90.1,"played",NA,NA,NA,203,"Q4"
"37",37,"CanisiusDayton11-3",2025-11-03,"nc","Canisius","Dayton","MAAC","A10","A","L","48-88",0.0962828763969484,0.806502743818976,0.789142831518436,0.473106576585408,-0.473106576585408,1.1,"played",NA,NA,NA,80,"Q2"
"38",38,"CanisiusDayton11-3",2025-11-03,"nc","Dayton","Canisius","A10","MAAC","H","W","88-48",0.806502743818976,0.0962828763969484,0.87694452176131,0.985270070495874,0.0147299295041264,97.6,"played",NA,NA,NA,342,"Q4"
"39",39,"Central ArkansasNorth Carolina11-3",2025-11-03,"nc","Central Arkansas","North Carolina","ASun","ACC","A","L","54-94",0.418552667589624,0.914942599410585,0.789142831518436,0.258118902076419,-0.258118902076419,2.9,"played",NA,NA,NA,27,"Q1"
"40",40,"Central ArkansasNorth Carolina11-3",2025-11-03,"nc","North Carolina","Central Arkansas","ACC","ASun","H","W","94-54",0.914942599410585,0.418552667589624,0.87694452176131,0.908256159397106,0.0917438406028938,99.6,"played",NA,NA,NA,206,"Q4"
"41",41,"Charleston SouthernVirginia Tech11-3",2025-11-03,"nc","Charleston Southern","Virginia Tech","BSth","ACC","A","L","67-98",0.304852499335177,0.853893151640768,0.789142831518436,0.39038325210195,-0.39038325210195,23.8,"played",NA,NA,NA,51,"Q1"
"42",42,"Charleston SouthernVirginia Tech11-3",2025-11-03,"nc","Virginia Tech","Charleston Southern","ACC","BSth","H","W","98-67",0.853893151640768,0.304852499335177,0.87694452176131,0.942029615136421,0.0579703848635789,89.2,"played",NA,NA,NA,219,"Q4"
"43",43,"Chicago St.DePaul11-3",2025-11-03,"nc","Chicago St.","DePaul","NEC","BE","A","L","62-92",0.0739186417080468,0.723148523927946,0.789142831518436,0.588951567067976,-0.588951567067976,3.2,"played",NA,NA,NA,113,"Q2"
"44",44,"Chicago St.DePaul11-3",2025-11-03,"nc","DePaul","Chicago St.","BE","NEC","H","W","92-62",0.723148523927946,0.0739186417080468,0.87694452176131,0.988923656012592,0.011076343987408,86.3,"played",NA,NA,NA,352,"Q4"
"45",45,"Cleveland St.Loyola Chicago11-3",2025-11-03,"nc","Cleveland St.","Loyola Chicago","Horz","A10","A","L","88-91",0.170841144385821,0.28923647413666,0.789142831518436,0.901930542270354,-0.901930542270354,20.5,"played",NA,NA,NA,315,"Q4"
"46",46,"Cleveland St.Loyola Chicago11-3",2025-11-03,"nc","Loyola Chicago","Cleveland St.","A10","Horz","H","W","91-88",0.28923647413666,0.170841144385821,0.87694452176131,0.971900073963006,0.0280999260369942,24.5,"played",NA,NA,NA,321,"Q4"
"47",47,"Coastal CarolinaWestern Michigan11-3",2025-11-03,"nc","Coastal Carolina","Western Michigan","SB","MAC","A","L","71-76",0.252170326443001,0.39706717406787,0.789142831518436,0.850365000236185,-0.850365000236185,33.1,"played",NA,NA,NA,256,"Q4"
"48",48,"Coastal CarolinaWestern Michigan11-3",2025-11-03,"nc","Western Michigan","Coastal Carolina","MAC","SB","H","W","76-71",0.39706717406787,0.252170326443001,0.87694452176131,0.954820456841901,0.0451795431580991,31,"played",NA,NA,NA,235,"Q4"
"49",49,"ColgateMichigan St.11-3",2025-11-03,"nc","Colgate","Michigan St.","Pat","B10","A","L","69-80",0.363069644263239,0.96316998011938,0.789142831518436,0.125192612565118,-0.125192612565118,84.6,"played",NA,NA,NA,11,"Q1"
"50",50,"ColgateMichigan St.11-3",2025-11-03,"nc","Michigan St.","Colgate","B10","Pat","H","W","80-69",0.96316998011938,0.363069644263239,0.87694452176131,0.925935900293245,0.074064099706755,73.1,"played",NA,NA,NA,196,"Q4"
"51",51,"Coppin St.Maryland11-3",2025-11-03,"nc","Coppin St.","Maryland","MEAC","B10","N","L","61-83",0.0355009329202983,0.649382320058387,0.837778001870703,0.736035195543301,-0.736035195543301,6.9,"played",NA,NA,NA,152,"Q3"
"52",52,"Coppin St.Maryland11-3",2025-11-03,"nc","Maryland","Coppin St.","B10","MEAC","N","W","83-61",0.649382320058387,0.0355009329202983,0.837778001870703,0.992923240706748,0.00707675929325202,47.8,"played",NA,NA,NA,364,"Q4"
"53",53,"DelawareBucknell11-3",2025-11-03,"nc","Bucknell","Delaware","Pat","CUSA","H","W","78-70",0.217206619977822,0.176954731417496,0.87694452176131,0.970714096550497,0.0292859034495031,47.6,"played",NA,NA,NA,300,"Q4"
"54",54,"DelawareBucknell11-3",2025-11-03,"nc","Delaware","Bucknell","CUSA","Pat","A","L","70-78",0.176954731417496,0.217206619977822,0.789142831518436,0.930976439518599,-0.930976439518599,6.2,"played",NA,NA,NA,333,"Q4"
"55",55,"DenverSeattle11-3",2025-11-03,"nc","Denver","Seattle","Sum","WCC","A","L","73-84",0.263838573314094,0.74544303723052,0.789142831518436,0.561022355526039,-0.561022355526039,38.3,"played",NA,NA,NA,114,"Q2"
"56",56,"DenverSeattle11-3",2025-11-03,"nc","Seattle","Denver","WCC","Sum","H","W","84-73",0.74544303723052,0.263838573314094,0.87694452176131,0.952116681640977,0.0478833183590227,62.9,"played",NA,NA,NA,251,"Q4"
"57",57,"Detroit MercyIllinois Chicago11-3",2025-11-03,"nc","Detroit Mercy","Illinois Chicago","Horz","MVC","A","L","71-91",0.268076298487336,0.656335877113298,0.789142831518436,0.662120554275075,-0.662120554275075,24,"played",NA,NA,NA,161,"Q3"
"58",58,"Detroit MercyIllinois Chicago11-3",2025-11-03,"nc","Illinois Chicago","Detroit Mercy","MVC","Horz","H","W","91-71",0.656335877113298,0.268076298487336,0.87694452176131,0.951117264043805,0.0488827359561953,68.9,"played",NA,NA,NA,273,"Q4"
"59",59,"DrakeNorthern Arizona11-3",2025-11-03,"nc","Drake","Northern Arizona","MVC","BSky","N","W","77-71",0.458549979761406,0.188759162670482,0.837778001870703,0.956887812962886,0.0431121870371141,27,"played",NA,NA,NA,318,"Q4"
"60",60,"DrakeNorthern Arizona11-3",2025-11-03,"nc","Northern Arizona","Drake","BSky","MVC","N","L","71-77",0.188759162670482,0.458549979761406,0.837778001870703,0.859116214099368,-0.859116214099368,34.8,"played",NA,NA,NA,166,"Q3"
"61",61,"Eastern WashingtonUCLA11-3",2025-11-03,"nc","Eastern Washington","UCLA","BSky","B10","A","L","74-80",0.310791476526984,0.883383237146971,0.789142831518436,0.330682521038581,-0.330682521038581,66.3,"played",NA,NA,NA,40,"Q1"
"62",62,"Eastern WashingtonUCLA11-3",2025-11-03,"nc","UCLA","Eastern Washington","B10","BSky","H","W","80-74",0.883383237146971,0.310791476526984,0.87694452176131,0.940488514720462,0.0595114852795378,63.4,"played",NA,NA,NA,254,"Q4"
"63",63,"FairfieldPenn St.11-3",2025-11-03,"nc","Fairfield","Penn St.","MAAC","B10","A","L","68-76",0.22489171654641,0.644016964773121,0.789142831518436,0.674129982609513,-0.674129982609513,53.4,"played",NA,NA,NA,131,"Q2"
"64",64,"FairfieldPenn St.11-3",2025-11-03,"nc","Penn St.","Fairfield","B10","MAAC","H","W","76-68",0.644016964773121,0.22489171654641,0.87694452176131,0.960879115225298,0.0391208847747024,31.4,"played",NA,NA,NA,248,"Q4"
"65",65,"Fairleigh DickinsonIowa St.11-3",2025-11-03,"nc","Fairleigh Dickinson","Iowa St.","NEC","B12","A","L","50-88",0.105857899301199,0.963201567205515,0.789142831518436,0.125095084414269,-0.125095084414269,7.5,"played",NA,NA,NA,6,"Q1"
"66",66,"Fairleigh DickinsonIowa St.11-3",2025-11-03,"nc","Iowa St.","Fairleigh Dickinson","B12","NEC","H","W","88-50",0.963201567205515,0.105857899301199,0.87694452176131,0.983658574348393,0.0163414256516066,97.5,"played",NA,NA,NA,339,"Q4"
"67",67,"Florida A&MSouth Florida11-3",2025-11-03,"nc","Florida A&M","South Florida","SWAC","Amer","A","L","67-102",0.193160437433708,0.827671121247399,0.789142831518436,0.437960160751415,-0.437960160751415,13.3,"played",NA,NA,NA,66,"Q1"
"68",68,"Florida A&MSouth Florida11-3",2025-11-03,"nc","South Florida","Florida A&M","Amer","SWAC","H","W","102-67",0.827671121247399,0.193160437433708,0.87694452176131,0.967498013170315,0.0325019868296846,88.2,"played",NA,NA,NA,307,"Q4"
"69",69,"FurmanHigh Point11-3",2025-11-03,"nc","Furman","High Point","SC","BSth","N","L","71-97",0.46822719049668,0.692779084178116,0.837778001870703,0.696067989091798,-0.696067989091798,8.1,"played",NA,NA,NA,90,"Q2"
"70",70,"FurmanHigh Point11-3",2025-11-03,"nc","High Point","Furman","BSth","SC","N","W","97-71",0.692779084178116,0.46822719049668,0.837778001870703,0.854339503890307,0.145660496109693,95.7,"played",NA,NA,NA,189,"Q3"
"71",71,"Gardner WebbMinnesota11-3",2025-11-03,"nc","Gardner Webb","Minnesota","BSth","B10","A","L","60-87",0.031054600359691,0.837995134981792,0.789142831518436,0.419793884137052,-0.419793884137052,2.4,"played",NA,NA,NA,83,"Q2"
"72",72,"Gardner WebbMinnesota11-3",2025-11-03,"nc","Minnesota","Gardner Webb","B10","BSth","H","W","87-60",0.837995134981792,0.031054600359691,0.87694452176131,0.995522798064527,0.00447720193547285,87,"played",NA,NA,NA,363,"Q4"
"73",73,"Georgia St.Eastern Michigan11-3",2025-11-03,"nc","Eastern Michigan","Georgia St.","MAC","SB","H","W","71-49",0.534059422473723,0.207313157197796,0.87694452176131,0.964600153744441,0.0353998462555593,86.4,"played",NA,NA,NA,261,"Q4"
"74",74,"Georgia St.Eastern Michigan11-3",2025-11-03,"nc","Georgia St.","Eastern Michigan","SB","MAC","A","L","49-71",0.207313157197796,0.534059422473723,0.789142831518436,0.765543748596947,-0.765543748596947,4.5,"played",NA,NA,NA,179,"Q3"
"75",75,"Green BayKansas11-3",2025-11-03,"nc","Green Bay","Kansas","Horz","B12","A","L","51-94",0.347484853107807,0.958273819187545,0.789142831518436,0.140126652159027,-0.140126652159027,7,"played",NA,NA,NA,18,"Q1"
"76",76,"Green BayKansas11-3",2025-11-03,"nc","Kansas","Green Bay","B12","Horz","H","W","94-51",0.958273819187545,0.347484853107807,0.87694452176131,0.93046936539492,0.0695306346050797,99.4,"played",NA,NA,NA,230,"Q4"
"77",77,"HamptonMilwaukee11-3",2025-11-03,"nc","Hampton","Milwaukee","CAA","Horz","A","L","86-90",0.224878457335432,0.384994055716157,0.789142831518436,0.856702814984429,-0.856702814984429,19.9,"played",NA,NA,NA,233,"Q3"
"78",78,"HamptonMilwaukee11-3",2025-11-03,"nc","Milwaukee","Hampton","Horz","CAA","H","W","90-86",0.384994055716157,0.224878457335432,0.87694452176131,0.960881974481878,0.0391180255181218,42.2,"played",NA,NA,NA,238,"Q4"
"79",79,"HofstraUCF11-3",2025-11-03,"nc","Hofstra","UCF","CAA","B12","A","L","78-82",0.550605304781333,0.866736847529921,0.789142831518436,0.365251362941497,-0.365251362941497,80.8,"played",NA,NA,NA,39,"Q1"
"80",80,"HofstraUCF11-3",2025-11-03,"nc","UCF","Hofstra","B12","CAA","H","W","82-78",0.866736847529921,0.550605304781333,0.87694452176131,0.853296277500354,0.146703722499646,65.5,"played",NA,NA,NA,106,"Q3"
"81",81,"Holy CrossProvidence11-3",2025-11-03,"nc","Holy Cross","Providence","Pat","BE","A","L","79-89",0.118107022625567,0.803485279294478,0.789142831518436,0.477900616033965,-0.477900616033965,39.4,"played",NA,NA,NA,89,"Q2"
"82",82,"Holy CrossProvidence11-3",2025-11-03,"nc","Providence","Holy Cross","BE","Pat","H","W","89-79",0.803485279294478,0.118107022625567,0.87694452176131,0.981553972347959,0.0184460276520411,45.7,"played",NA,NA,NA,314,"Q4"
"83",83,"IdahoWashington St.11-3",2025-11-03,"nc","Idaho","Washington St.","BSky","WCC","A","W","83-81",0.431116462873849,0.640213899600399,0.789142831518436,0.67775499260287,0.32224500739713,85.7,"played",NA,NA,NA,156,"Q3"
"84",84,"IdahoWashington St.11-3",2025-11-03,"nc","Washington St.","Idaho","WCC","BSky","H","L","81-83",0.640213899600399,0.431116462873849,0.87694452176131,0.903880582257921,-0.903880582257921,18.4,"played",NA,NA,NA,158,"Q3"
"85",85,"Incarnate WordColorado St.11-3",2025-11-03,"nc","Colorado St.","Incarnate Word","MWC","Slnd","H","W","98-64",0.761948848530048,0.261903553465073,0.87694452176131,0.95256990795582,0.0474300920441801,94.3,"played",NA,NA,NA,246,"Q4"
"86",86,"Incarnate WordColorado St.11-3",2025-11-03,"nc","Incarnate Word","Colorado St.","Slnd","MWC","A","L","64-98",0.261903553465073,0.761948848530048,0.789142831518436,0.539013660019678,-0.539013660019678,6.4,"played",NA,NA,NA,92,"Q2"
"87",87,"Indiana St.Charlotte11-3",2025-11-03,"nc","Charlotte","Indiana St.","Amer","MVC","H","W","92-76",0.567723178537992,0.363662236714813,0.87694452176131,0.925760033172288,0.0742399668277122,81.6,"played",NA,NA,NA,205,"Q4"
"88",88,"Indiana St.Charlotte11-3",2025-11-03,"nc","Indiana St.","Charlotte","MVC","Amer","A","L","76-92",0.363662236714813,0.567723178537992,0.789142831518436,0.740236588946491,-0.740236588946491,14.4,"played",NA,NA,NA,173,"Q3"
"89",89,"IU IndyOhio St.11-3",2025-11-03,"nc","IU Indy","Ohio St.","Horz","B10","A","L","102-118",0.178820401046325,0.895316100144004,0.789142831518436,0.304393013328042,-0.304393013328042,55.5,"played",NA,NA,NA,35,"Q1"
"90",90,"IU IndyOhio St.11-3",2025-11-03,"nc","Ohio St.","IU Indy","B10","Horz","H","W","118-102",0.895316100144004,0.178820401046325,0.87694452176131,0.970349240873804,0.0296507591261961,59.9,"played",NA,NA,NA,310,"Q4"
"91",91,"Jackson St.Illinois11-3",2025-11-03,"nc","Illinois","Jackson St.","B10","SWAC","H","W","113-55",0.970104643724092,0.118376704856031,0.87694452176131,0.981507081310067,0.0184929186899327,99.5,"played",NA,NA,NA,347,"Q4"
"92",92,"Jackson St.Illinois11-3",2025-11-03,"nc","Jackson St.","Illinois","SWAC","B10","A","L","55-113",0.118376704856031,0.970104643724092,0.789142831518436,0.103406530476857,-0.103406530476857,2.3,"played",NA,NA,NA,9,"Q1"
"93",93,"JacksonvilleMiami FL11-3",2025-11-03,"nc","Jacksonville","Miami FL","ASun","ACC","A","L","69-86",0.161966016954007,0.882624997146115,0.789142831518436,0.332309029138053,-0.332309029138053,44.9,"played",NA,NA,NA,37,"Q1"
"94",94,"JacksonvilleMiami FL11-3",2025-11-03,"nc","Miami FL","Jacksonville","ACC","ASun","H","W","86-69",0.882624997146115,0.161966016954007,0.87694452176131,0.973595990398377,0.0264040096016227,64,"played",NA,NA,NA,293,"Q4"
"95",95,"James MadisonAkron11-3",2025-11-03,"nc","Akron","James Madison","MAC","SB","H","W","85-71",0.848029041448943,0.248008473110579,0.87694452176131,0.955768164170376,0.0442318358296244,47,"played",NA,NA,NA,244,"Q4"
"96",96,"James MadisonAkron11-3",2025-11-03,"nc","James Madison","Akron","SB","MAC","A","L","71-85",0.248008473110579,0.848029041448943,0.789142831518436,0.401442307127826,-0.401442307127826,67.5,"played",NA,NA,NA,54,"Q1"
"97",97,"LafayetteSaint Joseph's11-3",2025-11-03,"nc","Lafayette","Saint Joseph's","Pat","A10","A","L","76-85",0.147463233359836,0.600718255311877,0.789142831518436,0.713267667429442,-0.713267667429442,27.8,"played",NA,NA,NA,192,"Q3"
"98",98,"LafayetteSaint Joseph's11-3",2025-11-03,"nc","Saint Joseph's","Lafayette","A10","Pat","H","W","85-76",0.600718255311877,0.147463233359836,0.87694452176131,0.976303494184094,0.023696505815906,40.4,"played",NA,NA,NA,328,"Q4"
"99",99,"LehighHouston11-3",2025-11-03,"nc","Houston","Lehigh","B12","Pat","H","W","75-57",0.978859960512281,0.155993773443698,0.87694452176131,0.974720382753838,0.0252796172461617,88,"played",NA,NA,NA,298,"Q4"
"100",100,"LehighHouston11-3",2025-11-03,"nc","Lehigh","Houston","Pat","B12","A","L","57-75",0.155993773443698,0.978859960512281,0.789142831518436,0.0747819159995559,-0.0747819159995559,53.8,"played",NA,NA,NA,10,"Q1"
"101",101,"LipscombVanderbilt11-3",2025-11-03,"nc","Lipscomb","Vanderbilt","ASun","SEC","A","L","61-105",0.400063738169319,0.960919519146125,0.789142831518436,0.132101847871506,-0.132101847871506,6.2,"played",NA,NA,NA,16,"Q1"
"102",102,"LipscombVanderbilt11-3",2025-11-03,"nc","Vanderbilt","Lipscomb","SEC","ASun","H","W","105-61",0.960919519146125,0.400063738169319,0.87694452176131,0.914433271367804,0.0855667286321963,99.6,"played",NA,NA,NA,160,"Q3"
"103",103,"LIUNotre Dame11-3",2025-11-03,"nc","LIU","Notre Dame","NEC","ACC","A","L","67-89",0.325501227881235,0.775906977662226,0.789142831518436,0.519438937310661,-0.519438937310661,10.2,"played",NA,NA,NA,81,"Q2"
"104",104,"LIUNotre Dame11-3",2025-11-03,"nc","Notre Dame","LIU","ACC","NEC","H","W","89-67",0.775906977662226,0.325501227881235,0.87694452176131,0.936577409173886,0.0634225908261143,93.6,"played",NA,NA,NA,201,"Q4"
"105",105,"Louisiana MonroeNorthern Illinois11-3",2025-11-03,"nc","Louisiana Monroe","Northern Illinois","SB","MAC","A","L","82-102",0.0612505362259951,0.231423124479628,0.789142831518436,0.925536135207541,-0.925536135207541,4.1,"played",NA,NA,NA,312,"Q4"
"106",106,"Louisiana MonroeNorthern Illinois11-3",2025-11-03,"nc","Northern Illinois","Louisiana Monroe","MAC","SB","H","W","102-82",0.231423124479628,0.0612505362259951,0.87694452176131,0.990927418635129,0.0090725813648711,31.6,"played",NA,NA,NA,359,"Q4"
"107",107,"LouisianaBall St.11-3",2025-11-03,"nc","Ball St.","Louisiana","MAC","SB","H","W","75-64",0.288514481287383,0.137657594317457,0.87694452176131,0.978090705272969,0.021909294727031,34.1,"played",NA,NA,NA,334,"Q4"
"108",108,"LouisianaBall St.11-3",2025-11-03,"nc","Louisiana","Ball St.","SB","MAC","A","L","64-75",0.137657594317457,0.288514481287383,0.789142831518436,0.902240976851439,-0.902240976851439,11.1,"played",NA,NA,NA,316,"Q4"
"109",109,"Loyola MDTowson11-3",2025-11-03,"nc","Loyola MD","Towson","Pat","CAA","N","L","56-67",0.123000081111359,0.427732241294341,0.837778001870703,0.873569726413223,-0.873569726413223,14.5,"played",NA,NA,NA,162,"Q3"
"110",110,"Loyola MDTowson11-3",2025-11-03,"nc","Towson","Loyola MD","CAA","Pat","N","W","67-56",0.427732241294341,0.123000081111359,0.837778001870703,0.973560716593218,0.0264392834067817,38.1,"played",NA,NA,NA,340,"Q4"
"111",111,"MaineGeorge Washington11-3",2025-11-03,"nc","George Washington","Maine","A10","AE","H","W","67-47",0.805846857394486,0.0653376419463159,0.87694452176131,0.990285998285382,0.00971400171461845,58,"played",NA,NA,NA,343,"Q4"
"112",112,"MaineGeorge Washington11-3",2025-11-03,"nc","Maine","George Washington","AE","A10","A","L","47-67",0.0653376419463159,0.805846857394486,0.789142831518436,0.474153029460988,-0.474153029460988,17.4,"played",NA,NA,NA,75,"Q1"
"113",113,"MaristXavier11-3",2025-11-03,"nc","Marist","Xavier","MAAC","BE","A","L","62-66",0.444102896546951,0.780139218822579,0.789142831518436,0.513318973154326,-0.513318973154326,55,"played",NA,NA,NA,94,"Q2"
"114",114,"MaristXavier11-3",2025-11-03,"nc","Xavier","Marist","BE","MAAC","H","W","66-62",0.780139218822579,0.444102896546951,0.87694452176131,0.899197121104733,0.100802878895267,69.9,"played",NA,NA,NA,150,"Q3"
"115",115,"MarshallMassachusetts11-3",2025-11-03,"nc","Marshall","Massachusetts","SB","MAC","A","W","78-72",0.405108655210775,0.572880082018046,0.789142831518436,0.736169735795053,0.263830264204947,79.3,"played",NA,NA,NA,195,"Q3"
"116",116,"MarshallMassachusetts11-3",2025-11-03,"nc","Massachusetts","Marshall","MAC","SB","H","L","72-78",0.572880082018046,0.405108655210775,0.87694452176131,0.912777664866289,-0.912777664866289,19.3,"played",NA,NA,NA,138,"Q3"
"117",117,"Maryland Eastern ShoreGeorgia Tech11-3",2025-11-03,"nc","Georgia Tech","Maryland Eastern Shore","ACC","MEAC","H","W","56-52",0.649662104684215,0.112768939573491,0.87694452176131,0.98247717744524,0.0175228225547599,16.8,"played",NA,NA,NA,325,"Q4"
"118",118,"Maryland Eastern ShoreGeorgia Tech11-3",2025-11-03,"nc","Maryland Eastern Shore","Georgia Tech","MEAC","ACC","A","L","52-56",0.112768939573491,0.649662104684215,0.789142831518436,0.668678034087465,-0.668678034087465,53.9,"played",NA,NA,NA,146,"Q3"
"119",119,"MercerTennessee11-3",2025-11-03,"nc","Mercer","Tennessee","SC","SEC","A","L","61-76",0.497972452629038,0.951108153148531,0.789142831518436,0.161345502513521,-0.161345502513521,56,"played",NA,NA,NA,26,"Q1"
"120",120,"MercerTennessee11-3",2025-11-03,"nc","Tennessee","Mercer","SEC","SC","H","W","76-61",0.951108153148531,0.497972452629038,0.87694452176131,0.877817047848107,0.122182952151893,93.8,"played",NA,NA,NA,125,"Q3"
"121",121,"MercyhurstNorthwestern11-3",2025-11-03,"nc","Mercyhurst","Northwestern","NEC","B10","A","L","47-70",0.197715059489074,0.848307220201776,0.789142831518436,0.400923368847485,-0.400923368847485,9.7,"played",NA,NA,NA,69,"Q1"
"122",122,"MercyhurstNorthwestern11-3",2025-11-03,"nc","Northwestern","Mercyhurst","B10","NEC","H","W","70-47",0.848307220201776,0.197715059489074,0.87694452176131,0.966574696119011,0.0334253038809886,92.8,"played",NA,NA,NA,290,"Q4"
"123",123,"MerrimackSouth Dakota St.11-3",2025-11-03,"nc","Merrimack","South Dakota St.","MAAC","Sum","N","L","66-75",0.415261359347054,0.455349451977215,0.837778001870703,0.860670084162074,-0.860670084162074,25.4,"played",NA,NA,NA,180,"Q3"
"124",124,"MerrimackSouth Dakota St.11-3",2025-11-03,"nc","South Dakota St.","Merrimack","Sum","MAAC","N","W","75-66",0.455349451977215,0.415261359347054,0.837778001870703,0.879111623887987,0.120888376112013,63.6,"played",NA,NA,NA,217,"Q4"
"125",125,"Mississippi Valley St.UAB11-3",2025-11-03,"nc","Mississippi Valley St.","UAB","SWAC","Amer","A","L","55-106",0.0200041175334786,0.677896014710966,0.789142831518436,0.640065139338454,-0.640065139338454,0.3,"played",NA,NA,NA,122,"Q2"
"126",126,"Mississippi Valley St.UAB11-3",2025-11-03,"nc","UAB","Mississippi Valley St.","Amer","SWAC","H","W","106-55",0.677896014710966,0.0200041175334786,0.87694452176131,0.997143844867186,0.00285615513281423,92.6,"played",NA,NA,NA,365,"Q4"
"127",127,"MissouriHoward11-3",2025-11-03,"nc","Howard","Missouri","MEAC","SEC","H","L","67-88",0.366972280657132,0.730398132959743,0.87694452176131,0.724554054905934,-0.724554054905934,10.4,"played",NA,NA,NA,70,"Q2"
"128",128,"MissouriHoward11-3",2025-11-03,"nc","Missouri","Howard","SEC","MEAC","A","W","88-67",0.730398132959743,0.366972280657132,0.789142831518436,0.865878007408998,0.134121992591002,93.1,"played",NA,NA,NA,252,"Q4"
"129",129,"Montana St.Colorado11-3",2025-11-03,"nc","Colorado","Montana St.","B12","BSky","H","W","84-78",0.772290823716488,0.518194021185584,0.87694452176131,0.868869531125587,0.131130468874413,65.3,"played",NA,NA,NA,134,"Q3"
"130",130,"Montana St.Colorado11-3",2025-11-03,"nc","Montana St.","Colorado","BSky","B12","A","L","78-84",0.518194021185584,0.772290823716488,0.789142831518436,0.524598733389019,-0.524598733389019,66,"played",NA,NA,NA,78,"Q2"
"131",131,"Morgan St.Georgetown11-3",2025-11-03,"nc","Georgetown","Morgan St.","BE","MEAC","H","W","87-70",0.736066932523059,0.0419653130687214,0.87694452176131,0.99389090633261,0.00610909366739021,27.7,"played",NA,NA,NA,361,"Q4"
"132",132,"Morgan St.Georgetown11-3",2025-11-03,"nc","Morgan St.","Georgetown","MEAC","BE","A","L","70-87",0.0419653130687214,0.736066932523059,0.789142831518436,0.573009575192196,-0.573009575192196,24.2,"played",NA,NA,NA,118,"Q2"
"133",133,"Murray St.Nebraska Omaha11-3",2025-11-03,"nc","Murray St.","Nebraska Omaha","MVC","Sum","N","W","85-77",0.706574138306363,0.30984810725345,0.837778001870703,0.920019859944757,0.0799801400552427,58,"played",NA,NA,NA,281,"Q4"
"134",134,"Murray St.Nebraska Omaha11-3",2025-11-03,"nc","Nebraska Omaha","Murray St.","Sum","MVC","N","L","77-85",0.30984810725345,0.706574138306363,0.837778001870703,0.682001299672887,-0.682001299672887,43.9,"played",NA,NA,NA,74,"Q2"
"135",135,"NavyPresbyterian11-3",2025-11-03,"nc","Navy","Presbyterian","Pat","BSth","A","W","76-55",0.313792818654193,0.33833969804482,0.789142831518436,0.879792664762907,0.120207335237093,94.8,"played",NA,NA,NA,258,"Q4"
"136",136,"NavyPresbyterian11-3",2025-11-03,"nc","Presbyterian","Navy","BSth","Pat","H","L","55-76",0.33833969804482,0.313792818654193,0.87694452176131,0.939701501811385,-0.939701501811385,1.3,"played",NA,NA,NA,193,"Q4"
"137",137,"New HampshireClemson11-3",2025-11-03,"nc","Clemson","New Hampshire","ACC","AE","H","W","88-38",0.937538780726441,0.179474847733072,0.87694452176131,0.970220927546977,0.0297790724530229,99.8,"played",NA,NA,NA,323,"Q4"
"138",138,"New HampshireClemson11-3",2025-11-03,"nc","New Hampshire","Clemson","AE","ACC","A","L","38-88",0.179474847733072,0.937538780726441,0.789142831518436,0.199576091999099,-0.199576091999099,0.7,"played",NA,NA,NA,32,"Q1"
"139",139,"New HavenConnecticut11-3",2025-11-03,"nc","Connecticut","New Haven","BE","NEC","H","W","79-55",0.972195245967499,0.109352159726003,0.87694452176131,0.983063190078944,0.0169368099210561,82.2,"played",NA,NA,NA,326,"Q4"
"140",140,"New HavenConnecticut11-3",2025-11-03,"nc","New Haven","Connecticut","NEC","BE","A","L","55-79",0.109352159726003,0.972195245967499,0.789142831518436,0.0966876003580351,-0.0966876003580351,48.2,"played",NA,NA,NA,8,"Q1"
"141",141,"New OrleansTCU11-3",2025-11-03,"nc","New Orleans","TCU","Slnd","B12","A","W","78-74",0.331235610868882,0.865296099885822,0.789142831518436,0.368134924888612,0.631865075111388,97.6,"played",NA,NA,NA,46,"Q1"
"142",142,"New OrleansTCU11-3",2025-11-03,"nc","TCU","New Orleans","B12","Slnd","H","L","74-78",0.865296099885822,0.331235610868882,0.87694452176131,0.93501525605322,-0.93501525605322,7.4,"played",NA,NA,NA,231,"Q4"
"143",143,"NiagaraDuquesne11-3",2025-11-03,"nc","Duquesne","Niagara","A10","MAAC","H","W","83-63",0.664548733997581,0.0710982537629475,0.87694452176131,0.989373790127263,0.0106262098727368,76.1,"played",NA,NA,NA,355,"Q4"
"144",144,"NiagaraDuquesne11-3",2025-11-03,"nc","Niagara","Duquesne","MAAC","A10","A","L","63-83",0.0710982537629475,0.664548733997581,0.789142831518436,0.653879211488026,-0.653879211488026,4.5,"played",NA,NA,NA,155,"Q3"
"145",145,"North Carolina CentralN.C. State11-3",2025-11-03,"nc","N.C. State","North Carolina Central","ACC","MEAC","H","W","114-66",0.928506150979041,0.082756424692227,0.87694452176131,0.987497925961696,0.0125020740383036,94.4,"played",NA,NA,NA,344,"Q4"
"146",146,"North Carolina CentralN.C. State11-3",2025-11-03,"nc","North Carolina Central","N.C. State","MEAC","ACC","A","L","66-114",0.082756424692227,0.928506150979041,0.789142831518436,0.223705894573487,-0.223705894573487,6.5,"played",NA,NA,NA,29,"Q1"
"147",147,"North Dakota St.Oregon St.11-3",2025-11-03,"nc","North Dakota St.","Oregon St.","Sum","WCC","A","L","65-67",0.525202618458169,0.48746862199899,0.789142831518436,0.797364378973173,-0.797364378973173,39.6,"played",NA,NA,NA,213,"Q3"
"148",148,"North Dakota St.Oregon St.11-3",2025-11-03,"nc","Oregon St.","North Dakota St.","WCC","Sum","H","W","67-65",0.48746862199899,0.525202618458169,0.87694452176131,0.865636057338206,0.134363942661794,61.6,"played",NA,NA,NA,132,"Q3"
"149",149,"North DakotaAlabama11-3",2025-11-03,"nc","Alabama","North Dakota","SEC","Sum","H","W","91-62",0.954434190116709,0.215415619860043,0.87694452176131,0.962902167938933,0.0370978320610666,94,"played",NA,NA,NA,282,"Q4"
"150",150,"North DakotaAlabama11-3",2025-11-03,"nc","North Dakota","Alabama","Sum","SEC","A","L","62-91",0.215415619860043,0.954434190116709,0.789142831518436,0.151588690123373,-0.151588690123373,26.9,"played",NA,NA,NA,19,"Q1"
"151",151,"Northwestern St.Texas A&M11-3",2025-11-03,"nc","Northwestern St.","Texas A&M","Slnd","SEC","A","L","68-98",0.172988629015108,0.915550420652576,0.789142831518436,0.256621248205328,-0.256621248205328,17.7,"played",NA,NA,NA,41,"Q1"
"152",152,"Northwestern St.Texas A&M11-3",2025-11-03,"nc","Texas A&M","Northwestern St.","SEC","Slnd","H","W","98-68",0.915550420652576,0.172988629015108,0.87694452176131,0.971485151015013,0.028514848984987,91.3,"played",NA,NA,NA,306,"Q4"
"153",153,"OaklandMichigan11-3",2025-11-03,"nc","Michigan","Oakland","B10","Horz","H","W","121-78",0.98755383780862,0.482772141388938,0.87694452176131,0.884192673060866,0.115807326939134,98.9,"played",NA,NA,NA,135,"Q3"
"154",154,"OaklandMichigan11-3",2025-11-03,"nc","Oakland","Michigan","Horz","B10","A","L","78-121",0.482772141388938,0.98755383780862,0.789142831518436,0.0450428444038855,-0.0450428444038855,44.9,"played",NA,NA,NA,1,"Q1"
"155",155,"Old DominionMiami OH11-3",2025-11-03,"nc","Miami OH","Old Dominion","MAC","SB","H","W","87-72",0.813854927875804,0.270343466440864,0.87694452176131,0.950578683851748,0.0494213161482524,43.4,"played",NA,NA,NA,250,"Q4"
"156",156,"Old DominionMiami OH11-3",2025-11-03,"nc","Old Dominion","Miami OH","SB","MAC","A","L","72-87",0.270343466440864,0.813854927875804,0.789142831518436,0.461205767573537,-0.461205767573537,67.9,"played",NA,NA,NA,49,"Q1"
"157",157,"Purdue Fort WayneGrand Canyon11-3",2025-11-03,"nc","Grand Canyon","Purdue Fort Wayne","MWC","Horz","H","W","90-71",0.843748589646882,0.292872856878609,0.87694452176131,0.945074204187965,0.054925795812035,90.6,"played",NA,NA,NA,210,"Q4"
"158",158,"Purdue Fort WayneGrand Canyon11-3",2025-11-03,"nc","Purdue Fort Wayne","Grand Canyon","Horz","MWC","A","L","71-90",0.292872856878609,0.843748589646882,0.789142831518436,0.409357541008259,-0.409357541008259,18.9,"played",NA,NA,NA,86,"Q2"
"159",159,"QueensWinthrop11-3",2025-11-03,"nc","Queens","Winthrop","ASun","BSth","A","L","74-81",0.358618140773719,0.589293391463423,0.789142831518436,0.72286571295832,-0.72286571295832,38.8,"played",NA,NA,NA,130,"Q2"
"160",160,"QueensWinthrop11-3",2025-11-03,"nc","Winthrop","Queens","BSth","ASun","H","W","81-74",0.589293391463423,0.358618140773719,0.87694452176131,0.927248717001686,0.0727512829983142,55.9,"played",NA,NA,NA,183,"Q4"
"161",161,"QuinnipiacSt. John's11-3",2025-11-03,"nc","Quinnipiac","St. John's","MAAC","BE","A","L","74-108",0.407246884569133,0.941505441293299,0.789142831518436,0.188653986484811,-0.188653986484811,23.8,"played",NA,NA,NA,23,"Q1"
"162",162,"QuinnipiacSt. John's11-3",2025-11-03,"nc","St. John's","Quinnipiac","BE","MAAC","H","W","108-74",0.941505441293299,0.407246884569133,0.87694452176131,0.912069287849074,0.0879307121509264,97.2,"played",NA,NA,NA,184,"Q4"
"163",163,"RiderVirginia11-3",2025-11-03,"nc","Rider","Virginia","MAAC","ACC","A","L","53-87",0.0692807104895986,0.96842400434267,0.789142831518436,0.108756479072216,-0.108756479072216,30.6,"played",NA,NA,NA,13,"Q1"
"164",164,"RiderVirginia11-3",2025-11-03,"nc","Virginia","Rider","ACC","MAAC","H","W","87-53",0.96842400434267,0.0692807104895986,0.87694452176131,0.989662640329338,0.010337359670662,83.8,"played",NA,NA,NA,357,"Q4"
"165",165,"Saint FrancisOklahoma11-3",2025-11-03,"nc","Oklahoma","Saint Francis","SEC","NEC","H","W","102-66",0.795763730228384,0.0661980827384546,0.87694452176131,0.990150353814344,0.00984964618565609,59.9,"played",NA,NA,NA,354,"Q4"
"166",166,"Saint FrancisOklahoma11-3",2025-11-03,"nc","Saint Francis","Oklahoma","NEC","SEC","A","L","66-102",0.0661980827384546,0.795763730228384,0.789142831518436,0.489936745058446,-0.489936745058446,15.6,"played",NA,NA,NA,76,"Q2"
"167",167,"Saint Peter'sSeton Hall11-3",2025-11-03,"nc","Saint Peter's","Seton Hall","MAAC","BE","A","L","50-77",0.312643989802408,0.873855128810157,0.789142831518436,0.350756125662828,-0.350756125662828,10.5,"played",NA,NA,NA,45,"Q1"
"168",168,"Saint Peter'sSeton Hall11-3",2025-11-03,"nc","Seton Hall","Saint Peter's","BE","MAAC","H","W","77-50",0.873855128810157,0.312643989802408,0.87694452176131,0.940003404180597,0.0599965958194028,96.4,"played",NA,NA,NA,223,"Q4"
"169",169,"SamfordTulane11-3",2025-11-03,"nc","Samford","Tulane","SC","Amer","A","L","72-85",0.172321727445834,0.499347286934666,0.789142831518436,0.789576940282949,-0.789576940282949,16.8,"played",NA,NA,NA,202,"Q3"
"170",170,"SamfordTulane11-3",2025-11-03,"nc","Tulane","Samford","Amer","SC","H","W","85-72",0.499347286934666,0.172321727445834,0.87694452176131,0.971614197909055,0.0283858020909451,50.7,"played",NA,NA,NA,269,"Q4"
"171",171,"San Jose St.Utah11-3",2025-11-03,"nc","San Jose St.","Utah","MWC","B12","A","L","75-84",0.280831199129306,0.735923022179889,0.789142831518436,0.573190776567456,-0.573190776567456,45.9,"played",NA,NA,NA,117,"Q2"
"172",172,"San Jose St.Utah11-3",2025-11-03,"nc","Utah","San Jose St.","B12","MWC","H","W","84-75",0.735923022179889,0.280831199129306,0.87694452176131,0.9480512429362,0.0519487570637999,56.2,"played",NA,NA,NA,259,"Q4"
"173",173,"South AlabamaToledo11-3",2025-11-03,"nc","South Alabama","Toledo","SB","MAC","A","W","76-74",0.306238592181222,0.565070766531367,0.789142831518436,0.742307911949207,0.257692088050793,84,"played",NA,NA,NA,169,"Q3"
"174",174,"South AlabamaToledo11-3",2025-11-03,"nc","Toledo","South Alabama","MAC","SB","H","L","74-76",0.565070766531367,0.306238592181222,0.87694452176131,0.941671849852463,-0.941671849852463,9.9,"played",NA,NA,NA,197,"Q4"
"175",175,"South Carolina St.Louisville11-3",2025-11-03,"nc","Louisville","South Carolina St.","ACC","MEAC","H","W","104-45",0.960766906153242,0.0507325033248179,0.87694452176131,0.992556422425133,0.00744357757486747,99.8,"played",NA,NA,NA,360,"Q4"
"176",176,"South Carolina St.Louisville11-3",2025-11-03,"nc","South Carolina St.","Louisville","MEAC","ACC","A","L","45-104",0.0507325033248179,0.960766906153242,0.789142831518436,0.132567603493666,-0.132567603493666,0.2,"played",NA,NA,NA,15,"Q1"
"177",177,"Southeast Missouri St.Saint Louis11-3",2025-11-03,"nc","Saint Louis","Southeast Missouri St.","A10","OVC","H","W","92-67",0.934398970437872,0.215113414869716,0.87694452176131,0.962966020309848,0.0370339796901523,80.2,"played",NA,NA,NA,242,"Q4"
"178",178,"Southeast Missouri St.Saint Louis11-3",2025-11-03,"nc","Southeast Missouri St.","Saint Louis","OVC","A10","A","L","67-92",0.215113414869716,0.934398970437872,0.789142831518436,0.20807868025584,-0.20807868025584,49.1,"played",NA,NA,NA,22,"Q1"
"179",179,"Southeastern LouisianaMississippi11-3",2025-11-03,"nc","Mississippi","Southeastern Louisiana","SEC","Slnd","H","W","88-58",0.782795445947566,0.210763265088124,0.87694452176131,0.963880666391084,0.0361193336089162,88.4,"played",NA,NA,NA,288,"Q4"
"180",180,"Southeastern LouisianaMississippi11-3",2025-11-03,"nc","Southeastern Louisiana","Mississippi","Slnd","SEC","A","L","58-88",0.210763265088124,0.782795445947566,0.789142831518436,0.509432503898883,-0.509432503898883,11.2,"played",NA,NA,NA,87,"Q2"
"181",181,"Southern MissBuffalo11-3",2025-11-03,"nc","Buffalo","Southern Miss","MAC","SB","H","W","85-79",0.546556873185776,0.288887976904287,0.87694452176131,0.946068457441536,0.0539315425584639,33.7,"played",NA,NA,NA,236,"Q4"
"182",182,"Southern MissBuffalo11-3",2025-11-03,"nc","Southern Miss","Buffalo","SB","MAC","A","L","79-85",0.288887976904287,0.546556873185776,0.789142831518436,0.756391714958197,-0.756391714958197,49,"played",NA,NA,NA,165,"Q3"
"183",183,"SouthernArkansas11-3",2025-11-03,"nc","Arkansas","Southern","SEC","SWAC","H","W","109-77",0.944779447184236,0.265907681407748,0.87694452176131,0.951629886177392,0.0483701138226084,93.7,"played",NA,NA,NA,278,"Q4"
"184",184,"SouthernArkansas11-3",2025-11-03,"nc","Southern","Arkansas","SWAC","SEC","A","L","77-109",0.265907681407748,0.944779447184236,0.789142831518436,0.17948361785422,-0.17948361785422,29.5,"played",NA,NA,NA,20,"Q1"
"185",185,"St. ThomasSaint Mary's11-3",2025-11-03,"nc","Saint Mary's","St. Thomas","WCC","Sum","H","W","84-58",0.908833684887652,0.564022211588619,0.87694452176131,0.846356554376,0.153643445624,96.8,"played",NA,NA,NA,116,"Q3"
"186",186,"St. ThomasSaint Mary's11-3",2025-11-03,"nc","St. Thomas","Saint Mary's","Sum","WCC","A","L","58-84",0.564022211588619,0.908833684887652,0.789142831518436,0.272949274196153,-0.272949274196153,29.6,"played",NA,NA,NA,28,"Q1"
"187",187,"StetsonRhode Island11-3",2025-11-03,"nc","Rhode Island","Stetson","A10","ASun","H","W","93-62",0.656655293009964,0.131178587745499,0.87694452176131,0.979252959192397,0.020747040807603,87.7,"played",NA,NA,NA,327,"Q4"
"188",188,"StetsonRhode Island11-3",2025-11-03,"nc","Stetson","Rhode Island","ASun","A10","A","L","62-93",0.131178587745499,0.656655293009964,0.789142831518436,0.661803604151082,-0.661803604151082,3.9,"played",NA,NA,NA,133,"Q2"
"189",189,"Tarleton St.SMU11-3",2025-11-03,"nc","SMU","Tarleton St.","ACC","WAC","H","W","96-76",0.916602426915101,0.400519815714214,0.87694452176131,0.914284499452316,0.0857155005476835,83.3,"played",NA,NA,NA,185,"Q4"
"190",190,"Tarleton St.SMU11-3",2025-11-03,"nc","Tarleton St.","SMU","WAC","ACC","A","L","76-96",0.400519815714214,0.916602426915101,0.789142831518436,0.254019532125076,-0.254019532125076,59.5,"played",NA,NA,NA,30,"Q1"
"191",191,"Tennessee TechWestern Kentucky11-3",2025-11-03,"nc","Tennessee Tech","Western Kentucky","OVC","CUSA","A","L","70-82",0.08709095231161,0.539993818540962,0.789142831518436,0.761232506402088,-0.761232506402088,13.2,"played",NA,NA,NA,167,"Q3"
"192",192,"Tennessee TechWestern Kentucky11-3",2025-11-03,"nc","Western Kentucky","Tennessee Tech","CUSA","OVC","H","W","82-70",0.539993818540962,0.08709095231161,0.87694452176131,0.986790111553305,0.0132098884466947,42.4,"played",NA,NA,NA,331,"Q4"
"193",193,"Texas SouthernGonzaga11-3",2025-11-03,"nc","Gonzaga","Texas Southern","WCC","SWAC","H","W","98-43",0.966086351861385,0.127997519309955,0.87694452176131,0.979818278787393,0.0201817212126065,98.3,"played",NA,NA,NA,348,"Q4"
"194",194,"Texas SouthernGonzaga11-3",2025-11-03,"nc","Texas Southern","Gonzaga","SWAC","WCC","A","L","43-98",0.127997519309955,0.966086351861385,0.789142831518436,0.116122856905454,-0.116122856905454,6.6,"played",NA,NA,NA,4,"Q1"
"195",195,"Texas St.Bowling Green11-3",2025-11-03,"nc","Bowling Green","Texas St.","MAC","SB","H","W","83-48",0.717673284740088,0.245509808153534,0.87694452176131,0.956333012725181,0.043666987274819,95.4,"played",NA,NA,NA,265,"Q4"
"196",196,"Texas St.Bowling Green11-3",2025-11-03,"nc","Texas St.","Bowling Green","SB","MAC","A","L","48-83",0.245509808153534,0.717673284740088,0.789142831518436,0.595516196130015,-0.595516196130015,3.8,"played",NA,NA,NA,101,"Q2"
"197",197,"TroyKent St.11-3",2025-11-03,"nc","Kent St.","Troy","MAC","SB","H","L","97-103",0.638568943065511,0.574223488770011,0.87694452176131,0.840868495508097,-0.840868495508097,29.2,"played",NA,NA,NA,103,"Q3"
"198",198,"TroyKent St.11-3",2025-11-03,"nc","Troy","Kent St.","SB","MAC","A","W","103-97",0.574223488770011,0.638568943065511,0.789142831518436,0.679311168960651,0.320688831039349,85.2,"played",NA,NA,NA,148,"Q3"
"199",199,"USC UpstateCal Baptist11-3",2025-11-03,"nc","Cal Baptist","USC Upstate","WAC","BSth","H","W","87-75",0.691435207905624,0.171715590878374,0.87694452176131,0.97173133605275,0.0282686639472497,56.6,"played",NA,NA,NA,285,"Q4"
"200",200,"USC UpstateCal Baptist11-3",2025-11-03,"nc","USC Upstate","Cal Baptist","BSth","WAC","A","L","75-87",0.171715590878374,0.691435207905624,0.789142831518436,0.625492790676781,-0.625492790676781,26.2,"played",NA,NA,NA,120,"Q2"
"201",201,"UT Rio Grande ValleyBaylor11-3",2025-11-03,"nc","Baylor","UT Rio Grande Valley","B12","Slnd","H","W","96-81",0.844844372317854,0.397957356960562,0.87694452176131,0.915118069533995,0.0848819304660049,74.6,"played",NA,NA,NA,194,"Q4"
"202",202,"UT Rio Grande ValleyBaylor11-3",2025-11-03,"nc","UT Rio Grande Valley","Baylor","Slnd","B12","A","L","81-96",0.397957356960562,0.844844372317854,0.789142831518436,0.407343680053834,-0.407343680053834,55.1,"played",NA,NA,NA,53,"Q1"
"203",203,"Utah TechSouth Dakota11-3",2025-11-03,"nc","South Dakota","Utah Tech","Sum","WAC","H","L","79-81",0.342292200243587,0.326398450988887,0.87694452176131,0.936334401660849,-0.936334401660849,25.1,"played",NA,NA,NA,199,"Q4"
"204",204,"Utah TechSouth Dakota11-3",2025-11-03,"nc","Utah Tech","South Dakota","WAC","Sum","A","W","81-79",0.326398450988887,0.342292200243587,0.789142831518436,0.877918226219965,0.122081773780035,43,"played",NA,NA,NA,272,"Q4"
"205",205,"WagnerVCU11-3",2025-11-03,"nc","VCU","Wagner","A10","NEC","H","W","103-74",0.832009910410597,0.136887136003035,0.87694452176131,0.978229684731794,0.0217703152682057,69.3,"played",NA,NA,NA,324,"Q4"
"206",206,"WagnerVCU11-3",2025-11-03,"nc","Wagner","VCU","NEC","A10","A","L","74-103",0.136887136003035,0.832009910410597,0.789142831518436,0.430411360912575,-0.430411360912575,25.8,"played",NA,NA,NA,55,"Q1"
"207",207,"West GeorgiaNebraska11-3",2025-11-03,"nc","Nebraska","West Georgia","B10","ASun","H","W","86-53",0.960111303481749,0.124454025605907,0.87694452176131,0.980443929756687,0.0195560702433134,76.9,"played",NA,NA,NA,322,"Q4"
"208",208,"West GeorgiaNebraska11-3",2025-11-03,"nc","West Georgia","Nebraska","ASun","B10","A","L","53-86",0.124454025605907,0.960111303481749,0.789142831518436,0.134564422606148,-0.134564422606148,50.6,"played",NA,NA,NA,7,"Q1"
"209",209,"Western CarolinaCincinnati11-3",2025-11-03,"nc","Cincinnati","Western Carolina","B12","SC","H","W","94-63",0.873465038086542,0.189337564487005,0.87694452176131,0.968266322969144,0.0317336770308555,95.8,"played",NA,NA,NA,289,"Q4"
"210",210,"Western CarolinaCincinnati11-3",2025-11-03,"nc","Western Carolina","Cincinnati","SC","B12","A","L","63-94",0.189337564487005,0.873465038086542,0.789142831518436,0.351561364376916,-0.351561364376916,6.6,"played",NA,NA,NA,72,"Q1"
"211",211,"Western IllinoisRadford11-3",2025-11-03,"nc","Radford","Western Illinois","BSth","OVC","H","W","80-75",0.361659659316487,0.0596043465683944,0.87694452176131,0.991184425486864,0.0088155745131363,15,"played",NA,NA,NA,356,"Q4"
"212",212,"Western IllinoisRadford11-3",2025-11-03,"nc","Western Illinois","Radford","OVC","BSth","A","L","75-80",0.0596043465683944,0.361659659316487,0.789142831518436,0.868519826317415,-0.868519826317415,16.9,"played",NA,NA,NA,260,"Q4"
"213",213,"WoffordGeorge Mason11-3",2025-11-03,"nc","George Mason","Wofford","A10","SC","H","W","70-46",0.758834600748699,0.281320852120458,0.87694452176131,0.947931772553643,0.0520682274463571,92.6,"played",NA,NA,NA,225,"Q4"
"214",214,"WoffordGeorge Mason11-3",2025-11-03,"nc","Wofford","George Mason","SC","A10","A","L","46-70",0.281320852120458,0.758834600748699,0.789142831518436,0.543257964252141,-0.543257964252141,8.9,"played",NA,NA,NA,63,"Q1"
"215",215,"Youngstown St.Pittsburgh11-3",2025-11-03,"nc","Pittsburgh","Youngstown St.","ACC","Horz","H","W","74-59",0.730765128903465,0.38787784894262,0.87694452176131,0.918343480785251,0.0816565192147493,75.5,"played",NA,NA,NA,221,"Q4"
"216",216,"Youngstown St.Pittsburgh11-3",2025-11-03,"nc","Youngstown St.","Pittsburgh","Horz","ACC","A","L","59-74",0.38787784894262,0.730765128903465,0.789142831518436,0.579630896823016,-0.579630896823016,35.8,"played",NA,NA,NA,121,"Q2"
"217",217,"Blue Mountain (MS)Alabama A&M11-3",2025-11-03,"nond1","Alabama A&M","Blue Mountain (MS)","SWAC",NA,"H","W","60-80",NA,NA,NA,NA,0,NA,"played",NA,NA,NA,NA,NA
"218",218,"Northern St.Wyoming11-3",2025-11-03,"nond1","Wyoming","Northern St.","MWC",NA,"H","W","75-99",NA,NA,NA,NA,0,NA,"played",NA,NA,NA,NA,NA
"219",219,"PaineKennesaw St.11-3",2025-11-03,"nond1","Kennesaw St.","Paine","CUSA",NA,"H","W","29-105",NA,NA,NA,NA,0,NA,"played",NA,NA,NA,NA,NA
"220",220,"Western New Eng.Vermont11-3",2025-11-03,"nond1","Vermont","Western New Eng.","AE",NA,"H","W","68-75",NA,NA,NA,NA,0,NA,"played",NA,NA,NA,NA,NA
"221",221,"Farmingdale St.Stony Brook11-3",2025-11-03,"nond1","Stony Brook","Farmingdale St.","CAA",NA,"H","W","59-66",NA,NA,NA,NA,0,NA,"played",NA,NA,NA,NA,NA
"222",222,"WidenerDrexel11-3",2025-11-03,"nond1","Drexel","Widener","CAA",NA,"H","W","59-93",NA,NA,NA,NA,0,NA,"played",NA,NA,NA,NA,NA
"223",223,"Okla. ChristianTulsa11-3",2025-11-03,"nond1","Tulsa","Okla. Christian","Amer",NA,"H","W","57-100",NA,NA,NA,NA,0,NA,"played",NA,NA,NA,NA,NA
"224",224,"NobelCal St. Northridge11-3",2025-11-03,"nond1","Cal St. Northridge","Nobel","BW",NA,"H","W","58-99",NA,NA,NA,NA,0,NA,"played",NA,NA,NA,NA,NA
"225",225,"La VerneUC San Diego11-3",2025-11-03,"nond1","UC San Diego","La Verne","BW",NA,"H","W","73-105",NA,NA,NA,NA,0,NA,"played",NA,NA,NA,NA,NA
"226",226,"RivierUMass Lowell11-3",2025-11-03,"nond1","UMass Lowell","Rivier","AE",NA,"H","W","55-107",NA,NA,NA,NA,0,NA,"played",NA,NA,NA,NA,NA
"227",227,"Ky. ChristianLiberty11-3",2025-11-03,"nond1","Liberty","Ky. Christian","CUSA",NA,"H","W","57-98",NA,NA,NA,NA,0,NA,"played",NA,NA,NA,NA,NA
"228",228,"SUNY MaritimeArmy11-3",2025-11-03,"nond1","Army","SUNY Maritime","Pat",NA,"H","W","49-73",NA,NA,NA,NA,0,NA,"played",NA,NA,NA,NA,NA
"229",229,"VTSU-JohnsonCentral Connecticut11-3",2025-11-03,"nond1","Central Connecticut","VTSU-Johnson","NEC",NA,"H","W","55-117",NA,NA,NA,NA,0,NA,"played",NA,NA,NA,NA,NA
"230",230,"Georgian CourtWilliam & Mary11-3",2025-11-03,"nond1","William & Mary","Georgian Court","CAA",NA,"H","W","63-110",NA,NA,NA,NA,0,NA,"played",NA,NA,NA,NA,NA
"231",231,"TAMU-San AntonioLamar11-3",2025-11-03,"nond1","Lamar","TAMU-San Antonio","Slnd",NA,"H","W","53-93",NA,NA,NA,NA,0,NA,"played",NA,NA,NA,NA,NA
"232",232,"WillamettePortland11-3",2025-11-03,"nond1","Portland","Willamette","WCC",NA,"H","W","83-120",NA,NA,NA,NA,0,NA,"played",NA,NA,NA,NA,NA
"233",233,"UC ClermontNorthern Kentucky11-3",2025-11-03,"nond1","Northern Kentucky","UC Clermont","Horz",NA,"H","W","69-126",NA,NA,NA,NA,0,NA,"played",NA,NA,NA,NA,NA
"234",234,"Hawaii PacificBoise St.11-3",2025-11-03,"nond1","Boise St.","Hawaii Pacific","MWC",NA,"H","L","78-79",NA,NA,NA,NA,-1,NA,"played",NA,NA,NA,NA,NA
"235",235,"Biblical Stud. (TX)Prairie View A&M11-3",2025-11-03,"nond1","Prairie View A&M","Biblical Stud. (TX)","SWAC",NA,"H","W","48-95",NA,NA,NA,NA,0,NA,"played",NA,NA,NA,NA,NA
"236",236,"West Coast BaptistWeber St.11-3",2025-11-03,"nond1","Weber St.","West Coast Baptist","BSky",NA,"H","W","38-130",NA,NA,NA,NA,0,NA,"played",NA,NA,NA,NA,NA
"237",237,"N.M. HighlandsNorth Texas11-3",2025-11-03,"nond1","North Texas","N.M. Highlands","Amer",NA,"H","W","54-88",NA,NA,NA,NA,0,NA,"played",NA,NA,NA,NA,NA
"238",238,"Florida NationalFIU11-3",2025-11-03,"nond1","FIU","Florida National","CUSA",NA,"H","W","49-101",NA,NA,NA,NA,0,NA,"played",NA,NA,NA,NA,NA
"239",239,"Mary BaldwinLongwood11-3",2025-11-03,"nond1","Longwood","Mary Baldwin","BSth",NA,"H","W","55-92",NA,NA,NA,NA,0,NA,"played",NA,NA,NA,NA,NA
"240",240,"EvangelUMKC11-3",2025-11-03,"nond1","UMKC","Evangel","Sum",NA,"H","W","74-80",NA,NA,NA,NA,0,NA,"played",NA,NA,NA,NA,NA
"241",241,"UNT DallasUT Arlington11-3",2025-11-03,"nond1","UT Arlington","UNT Dallas","WAC",NA,"H","W","40-91",NA,NA,NA,NA,0,NA,"played",NA,NA,NA,NA,NA
"242",242,"Champion Chris.McNeese St.11-3",2025-11-03,"nond1","McNeese St.","Champion Chris.","Slnd",NA,"H","W","65-127",NA,NA,NA,NA,0,NA,"played",NA,NA,NA,NA,NA
"243",243,"UC Santa CruzSan Francisco11-3",2025-11-03,"nond1","San Francisco","UC Santa Cruz","WCC",NA,"H","W","53-98",NA,NA,NA,NA,0,NA,"played",NA,NA,NA,NA,NA
"244",244,"Non-DIUTEP11-3",2025-11-03,"nond1","UTEP","Non-DI","CUSA",NA,"H","W","56-98",NA,NA,NA,NA,0,NA,"played",NA,NA,NA,NA,NA
"245",245,"Thomas (ME)Stonehill11-3",2025-11-03,"nond1","Stonehill","Thomas (ME)","NEC",NA,"H","W","48-100",NA,NA,NA,NA,0,NA,"played",NA,NA,NA,NA,NA
"246",246,"ErskineThe Citadel11-3",2025-11-03,"nond1","The Citadel","Erskine","SC",NA,"H","W","61-105",NA,NA,NA,NA,0,NA,"played",NA,NA,NA,NA,NA
"247",247,"Westminster (UT)Utah St.11-3",2025-11-03,"nond1","Utah St.","Westminster (UT)","MWC",NA,"H","W","54-110",NA,NA,NA,NA,0,NA,"played",NA,NA,NA,NA,NA
"248",248,"McKendreeSouthern Illinois11-3",2025-11-03,"nond1","Southern Illinois","McKendree","MVC",NA,"H","W","42-83",NA,NA,NA,NA,0,NA,"played",NA,NA,NA,NA,NA
"249",249,"FranklinWright St.11-3",2025-11-03,"nond1","Wright St.","Franklin","Horz",NA,"H","W","37-86",NA,NA,NA,NA,0,NA,"played",NA,NA,NA,NA,NA
"250",250,"OakwoodJacksonville St.11-3",2025-11-03,"nond1","Jacksonville St.","Oakwood","CUSA",NA,"H","W","63-117",NA,NA,NA,NA,0,NA,"played",NA,NA,NA,NA,NA
"251",251,"Trinity (TX)Texas A&M Corpus Chris11-3",2025-11-03,"nond1","Texas A&M Corpus Chris","Trinity (TX)","Slnd",NA,"H","W","56-83",NA,NA,NA,NA,0,NA,"played",NA,NA,NA,NA,NA
"252",252,"DeSalesDavidson11-3",2025-11-03,"nond1","Davidson","DeSales","A10",NA,"H","W","63-97",NA,NA,NA,NA,0,NA,"played",NA,NA,NA,NA,NA
"253",253,"Fresno PacificFresno St.11-3",2025-11-03,"nond1","Fresno St.","Fresno Pacific","MWC",NA,"H","W","51-88",NA,NA,NA,NA,0,NA,"played",NA,NA,NA,NA,NA
"254",254,"Colorado Col.Northern Colorado11-3",2025-11-03,"nond1","Northern Colorado","Colorado Col.","BSky",NA,"H","W","57-91",NA,NA,NA,NA,0,NA,"played",NA,NA,NA,NA,NA
"255",255,"JWU CharlotteVMI11-3",2025-11-03,"nond1","VMI","JWU Charlotte","SC",NA,"H","W","58-122",NA,NA,NA,NA,0,NA,"played",NA,NA,NA,NA,NA
"256",256,"BryanAustin Peay11-3",2025-11-03,"nond1","Austin Peay","Bryan","ASun",NA,"H","W","47-128",NA,NA,NA,NA,0,NA,"played",NA,NA,NA,NA,NA
"257",257,"SUNY CobleskillLe Moyne11-3",2025-11-03,"nond1","Le Moyne","SUNY Cobleskill","NEC",NA,"H","W","50-94",NA,NA,NA,NA,0,NA,"played",NA,NA,NA,NA,NA
"258",258,"Union CommonwealthChattanooga11-3",2025-11-03,"nond1","Chattanooga","Union Commonwealth","SC",NA,"H","W","39-92",NA,NA,NA,NA,0,NA,"played",NA,NA,NA,NA,NA
"259",259,"CaltechCal St. Fullerton11-3",2025-11-03,"nond1","Cal St. Fullerton","Caltech","BW",NA,"H","W","82-136",NA,NA,NA,NA,0,NA,"played",NA,NA,NA,NA,NA
"260",260,"MidwayMorehead St.11-3",2025-11-03,"nond1","Morehead St.","Midway","OVC",NA,"H","W","84-89",NA,NA,NA,NA,0,NA,"played",NA,NA,NA,NA,NA
"261",261,"New College (FL)Florida Gulf Coast11-3",2025-11-03,"nond1","Florida Gulf Coast","New College (FL)","ASun",NA,"H","W","60-96",NA,NA,NA,NA,0,NA,"played",NA,NA,NA,NA,NA
"262",262,"McMurryAbilene Christian11-3",2025-11-03,"nond1","Abilene Christian","McMurry","WAC",NA,"H","W","55-92",NA,NA,NA,NA,0,NA,"played",NA,NA,NA,NA,NA
"263",263,"La SierraUC Riverside11-3",2025-11-03,"nond1","UC Riverside","La Sierra","BW",NA,"H","W","49-90",NA,NA,NA,NA,0,NA,"played",NA,NA,NA,NA,NA
"264",264,"LeTourneauSam Houston St.11-3",2025-11-03,"nond1","Sam Houston St.","LeTourneau","CUSA",NA,"H","W","59-95",NA,NA,NA,NA,0,NA,"played",NA,NA,NA,NA,NA
"265",265,"Southern Ark.Houston Christian11-3",2025-11-03,"nond1","Houston Christian","Southern Ark.","Slnd",NA,"H","W","70-74",NA,NA,NA,NA,0,NA,"played",NA,NA,NA,NA,NA
"266",266,"Mount OliveUNC Wilmington11-3",2025-11-03,"nond1","UNC Wilmington","Mount Olive","CAA",NA,"H","W","77-106",NA,NA,NA,NA,0,NA,"played",NA,NA,NA,NA,NA
"267",267,"MillsapsStephen F. Austin11-3",2025-11-03,"nond1","Stephen F. Austin","Millsaps","Slnd",NA,"H","W","76-103",NA,NA,NA,NA,0,NA,"played",NA,NA,NA,NA,NA
"268",268,"FiskTennessee St.11-3",2025-11-03,"nond1","Tennessee St.","Fisk","OVC",NA,"H","W","50-101",NA,NA,NA,NA,0,NA,"played",NA,NA,NA,NA,NA
"269",269,"Huston-TillotsonGrambling St.11-3",2025-11-03,"nond1","Grambling St.","Huston-Tillotson","SWAC",NA,"H","W","47-91",NA,NA,NA,NA,0,NA,"played",NA,NA,NA,NA,NA
"270",270,"Washington AdventistNorfolk St.11-3",2025-11-03,"nond1","Norfolk St.","Washington Adventist","MEAC",NA,"H","W","76-98",NA,NA,NA,NA,0,NA,"played",NA,NA,NA,NA,NA
"271",271,"LIFE PacificPepperdine11-3",2025-11-03,"nond1","Pepperdine","LIFE Pacific","WCC",NA,"H","W","80-88",NA,NA,NA,NA,0,NA,"played",NA,NA,NA,NA,NA
"272",272,"TusculumCharleston11-3",2025-11-03,"nond1","Charleston","Tusculum","CAA",NA,"H","W","58-79",NA,NA,NA,NA,0,NA,"played",NA,NA,NA,NA,NA
"273",273,"Bethesda (CA)UC Irvine11-3",2025-11-03,"nond1","UC Irvine","Bethesda (CA)","BW",NA,"H","W","49-125",NA,NA,NA,NA,0,NA,"played",NA,NA,NA,NA,NA
"274",274,"MenloUC Davis11-3",2025-11-03,"nond1","UC Davis","Menlo","BW",NA,"H","W","69-96",NA,NA,NA,NA,0,NA,"played",NA,NA,NA,NA,NA
"275",275,"Arlington BaptistEast Texas A&M11-3",2025-11-03,"nond1","East Texas A&M","Arlington Baptist","Slnd",NA,"H","W","60-119",NA,NA,NA,NA,0,NA,"played",NA,NA,NA,NA,NA
"276",276,"Lincoln (CA)Loyola Marymount11-3",2025-11-03,"nond1","Loyola Marymount","Lincoln (CA)","WCC",NA,"H","W","54-137",NA,NA,NA,NA,0,NA,"played",NA,NA,NA,NA,NA
"277",277,"Northwest IndianMontana11-3",2025-11-03,"nond1","Montana","Northwest Indian","BSky",NA,"H","W","41-106",NA,NA,NA,NA,0,NA,"played",NA,NA,NA,NA,NA
"278",278,"Alcorn St.Florida St.11-4",2025-11-04,"nc","Alcorn St.","Florida St.","SWAC","ACC","A","L","76-108",0.0996439667646336,0.714263605095652,0.789142831518436,0.599548438685226,-0.599548438685226,7.4,"played",NA,NA,NA,115,"Q2"
"279",279,"Alcorn St.Florida St.11-4",2025-11-04,"nc","Florida St.","Alcorn St.","ACC","SWAC","H","W","108-76",0.714263605095652,0.0996439667646336,0.87694452176131,0.984707696986526,0.0152923030134736,77.7,"played",NA,NA,NA,351,"Q4"
"280",280,"DukeTexas11-4",2025-11-04,"nc","Duke","Texas","ACC","SEC","N","W","75-60",0.955254604924041,0.850832274697161,0.837778001870703,0.475181344456037,0.524818655543963,97.3,"played",NA,NA,NA,43,"Q1"
"281",281,"DukeTexas11-4",2025-11-04,"nc","Texas","Duke","SEC","ACC","N","L","60-75",0.850832274697161,0.955254604924041,0.837778001870703,0.19478671911205,-0.19478671911205,77.5,"played",NA,NA,NA,2,"Q1"
"282",282,"Eastern IllinoisValparaiso11-4",2025-11-04,"nc","Eastern Illinois","Valparaiso","OVC","MVC","A","L","63-66",0.152001874020281,0.617432819487282,0.789142831518436,0.69869691398021,-0.69869691398021,37.2,"played",NA,NA,NA,171,"Q3"
"283",283,"Eastern IllinoisValparaiso11-4",2025-11-04,"nc","Valparaiso","Eastern Illinois","MVC","OVC","H","W","66-63",0.617432819487282,0.152001874020281,0.87694452176131,0.975464530911887,0.0245354690881132,32.9,"played",NA,NA,NA,305,"Q4"
"284",284,"EvansvillePurdue11-4",2025-11-04,"nc","Evansville","Purdue","MVC","B10","A","L","51-82",0.195465563513328,0.968858276411217,0.789142831518436,0.107378422298164,-0.107378422298164,24.3,"played",NA,NA,NA,5,"Q1"
"285",285,"EvansvillePurdue11-4",2025-11-04,"nc","Purdue","Evansville","B10","MVC","H","W","82-51",0.968858276411217,0.195465563513328,0.87694452176131,0.967031802152611,0.0329681978473889,95.9,"played",NA,NA,NA,284,"Q4"
"286",286,"Georgia SouthernEast Carolina11-4",2025-11-04,"nc","East Carolina","Georgia Southern","Amer","SB","H","W","92-89",0.262679066039086,0.25951963690932,0.87694452176131,0.953125607727472,0.0468743922725275,34.1,"played",NA,NA,NA,243,"Q4"
"287",287,"Georgia SouthernEast Carolina11-4",2025-11-04,"nc","Georgia Southern","East Carolina","SB","Amer","A","L","89-92",0.25951963690932,0.262679066039086,0.789142831518436,0.913081687465795,-0.913081687465795,19.5,"played",NA,NA,NA,299,"Q4"
"288",288,"HawaiiOregon11-4",2025-11-04,"nc","Hawaii","Oregon","BW","B10","A","L","59-60",0.653990887306024,0.81299290274961,0.789142831518436,0.462617524270081,-0.462617524270081,69.5,"played",NA,NA,NA,104,"Q2"
"289",289,"HawaiiOregon11-4",2025-11-04,"nc","Oregon","Hawaii","B10","BW","H","W","60-59",0.81299290274961,0.653990887306024,0.87694452176131,0.790373812577229,0.209626187422771,78.3,"played",NA,NA,NA,97,"Q3"
"290",290,"LindenwoodTexas Tech11-4",2025-11-04,"nc","Lindenwood","Texas Tech","OVC","B12","A","L","60-98",0.294360678016868,0.952998790803517,0.789142831518436,0.155818723619252,-0.155818723619252,19.1,"played",NA,NA,NA,17,"Q1"
"291",291,"LindenwoodTexas Tech11-4",2025-11-04,"nc","Texas Tech","Lindenwood","B12","OVC","H","W","98-60",0.952998790803517,0.294360678016868,0.87694452176131,0.944700645022092,0.0552993549779085,97.3,"played",NA,NA,NA,224,"Q4"
"292",292,"Long Beach St.San Diego St.11-4",2025-11-04,"nc","Long Beach St.","San Diego St.","BW","MWC","A","L","45-77",0.276270766068189,0.88804009035819,0.789142831518436,0.320579556111625,-0.320579556111625,9.7,"played",NA,NA,NA,52,"Q1"
"293",293,"Long Beach St.San Diego St.11-4",2025-11-04,"nc","San Diego St.","Long Beach St.","MWC","BW","H","W","77-45",0.88804009035819,0.276270766068189,0.87694452176131,0.949157607123227,0.0508423928767727,96.6,"played",NA,NA,NA,240,"Q4"
"294",294,"Louisiana TechNevada11-4",2025-11-04,"nc","Louisiana Tech","Nevada","CUSA","MWC","A","L","50-77",0.208034428147825,0.843851415463164,0.789142831518436,0.409168925081937,-0.409168925081937,6.1,"played",NA,NA,NA,65,"Q1"
"295",295,"Louisiana TechNevada11-4",2025-11-04,"nc","Nevada","Louisiana Tech","MWC","CUSA","H","W","77-50",0.843851415463164,0.208034428147825,0.87694452176131,0.964450169222807,0.0355498307771926,95.6,"played",NA,NA,NA,264,"Q4"
"296",296,"Mount St. Mary'sWest Virginia11-4",2025-11-04,"nc","Mount St. Mary's","West Virginia","MAAC","B12","A","L","54-70",0.171353269912124,0.87123425331909,0.789142831518436,0.356141766264973,-0.356141766264973,41.5,"played",NA,NA,NA,59,"Q1"
"297",297,"Mount St. Mary'sWest Virginia11-4",2025-11-04,"nc","West Virginia","Mount St. Mary's","B12","MAAC","H","W","70-54",0.87123425331909,0.171353269912124,0.87694452176131,0.97180128755884,0.0281987124411597,66.4,"played",NA,NA,NA,304,"Q4"
"298",298,"Nicholls St.Kentucky11-4",2025-11-04,"nc","Kentucky","Nicholls St.","SEC","Slnd","H","W","77-51",0.894882969930619,0.298838774145833,0.87694452176131,0.943568533420601,0.0564314665793993,95.4,"played",NA,NA,NA,214,"Q4"
"299",299,"Nicholls St.Kentucky11-4",2025-11-04,"nc","Nicholls St.","Kentucky","Slnd","SEC","A","L","51-77",0.298838774145833,0.894882969930619,0.789142831518436,0.305370611040222,-0.305370611040222,14.9,"played",NA,NA,NA,31,"Q1"
"300",300,"NJITFordham11-4",2025-11-04,"nc","Fordham","NJIT","A10","AE","H","L","61-72",0.520630114053518,0.108362596707915,0.87694452176131,0.983232201292529,-0.983232201292529,2.6,"played",NA,NA,NA,332,"Q4"
"301",301,"NJITFordham11-4",2025-11-04,"nc","NJIT","Fordham","AE","A10","A","W","72-61",0.108362596707915,0.520630114053518,0.789142831518436,0.775076087478428,0.224923912521572,83.3,"played",NA,NA,NA,226,"Q3"
"302",302,"North Carolina A&TSouth Carolina11-4",2025-11-04,"nc","North Carolina A&T","South Carolina","CAA","SEC","A","L","72-91",0.167266946360123,0.817726977948728,0.789142831518436,0.454809537531623,-0.454809537531623,21.6,"played",NA,NA,NA,85,"Q2"
"303",303,"North Carolina A&TSouth Carolina11-4",2025-11-04,"nc","South Carolina","North Carolina A&T","SEC","CAA","H","W","91-72",0.817726977948728,0.167266946360123,0.87694452176131,0.97258668982768,0.0274133101723195,76.6,"played",NA,NA,NA,270,"Q4"
"304",304,"Oral RobertsOklahoma St.11-4",2025-11-04,"nc","Oklahoma St.","Oral Roberts","B12","Sum","H","W","95-71",0.819344264260517,0.14650394031066,0.87694452176131,0.976479859681162,0.0235201403188382,64.6,"played",NA,NA,NA,317,"Q4"
"305",305,"Oral RobertsOklahoma St.11-4",2025-11-04,"nc","Oral Roberts","Oklahoma St.","Sum","B12","A","L","71-95",0.14650394031066,0.819344264260517,0.789142831518436,0.452111051323319,-0.452111051323319,29.9,"played",NA,NA,NA,73,"Q1"
"306",306,"Portland St.Stanford11-4",2025-11-04,"nc","Portland St.","Stanford","BSky","ACC","A","L","79-89",0.428876901216264,0.825268926203313,0.789142831518436,0.442087360782368,-0.442087360782368,54.3,"played",NA,NA,NA,68,"Q1"
"307",307,"Portland St.Stanford11-4",2025-11-04,"nc","Stanford","Portland St.","ACC","BSky","H","W","89-79",0.825268926203313,0.428876901216264,0.87694452176131,0.904671517158032,0.0953284828419685,74.9,"played",NA,NA,NA,137,"Q3"
"308",308,"Robert MorrisIowa11-4",2025-11-04,"nc","Iowa","Robert Morris","B10","Horz","H","W","101-69",0.951016965997977,0.360345110834765,0.87694452176131,0.926741135334995,0.0732588646650051,97.4,"played",NA,NA,NA,186,"Q4"
"309",309,"Robert MorrisIowa11-4",2025-11-04,"nc","Robert Morris","Iowa","Horz","B10","A","L","69-101",0.360345110834765,0.951016965997977,0.789142831518436,0.161610786773865,-0.161610786773865,22.4,"played",NA,NA,NA,21,"Q1"
"310",310,"Southern UtahArizona St.11-4",2025-11-04,"nc","Arizona St.","Southern Utah","B12","WAC","H","W","81-64",0.764484530115745,0.206808186371712,0.87694452176131,0.964705025156547,0.0352949748434535,79.9,"played",NA,NA,NA,294,"Q4"
"311",311,"Southern UtahArizona St.11-4",2025-11-04,"nc","Southern Utah","Arizona St.","WAC","B12","A","L","64-81",0.206808186371712,0.764484530115745,0.789142831518436,0.535525330246126,-0.535525330246126,17.5,"played",NA,NA,NA,93,"Q2"
"312",312,"Tennessee MartinUNLV11-4",2025-11-04,"nc","Tennessee Martin","UNLV","OVC","MWC","A","W","86-81",0.237188051713002,0.708634239033289,0.789142831518436,0.606113922037165,0.393886077962835,75.3,"played",NA,NA,NA,127,"Q2"
"313",313,"Tennessee MartinUNLV11-4",2025-11-04,"nc","UNLV","Tennessee Martin","MWC","OVC","H","L","81-86",0.708634239033289,0.237188051713002,0.87694452176131,0.958192248853182,-0.958192248853182,19.9,"played",NA,NA,NA,187,"Q4"
"314",314,"UNC AshevilleWichita St.11-4",2025-11-04,"nc","UNC Asheville","Wichita St.","BSth","Amer","A","L","58-75",0.274453641199316,0.738904436061514,0.789142831518436,0.569419774868401,-0.569419774868401,30.7,"played",NA,NA,NA,95,"Q2"
"315",315,"UNC AshevilleWichita St.11-4",2025-11-04,"nc","Wichita St.","UNC Asheville","Amer","BSth","H","W","75-58",0.738904436061514,0.274453641199316,0.87694452176131,0.949595279565646,0.0504047204343535,70.7,"played",NA,NA,NA,232,"Q4"
"316",316,"UNC GreensboroKansas St.11-4",2025-11-04,"nc","Kansas St.","UNC Greensboro","B12","SC","H","W","93-64",0.787642451679584,0.170845743130604,0.87694452176131,0.971899187342243,0.0281008126577568,64.7,"played",NA,NA,NA,295,"Q4"
"317",317,"UNC GreensboroKansas St.11-4",2025-11-04,"nc","UNC Greensboro","Kansas St.","SC","B12","A","L","64-93",0.170845743130604,0.787642451679584,0.789142831518436,0.502248363029673,-0.502248363029673,29.4,"played",NA,NA,NA,82,"Q2"
"318",318,"St. Joseph's (Brkln)Manhattan11-4",2025-11-04,"nond1","Manhattan","St. Joseph's (Brkln)","MAAC",NA,"H","W","59-125",NA,NA,NA,NA,0,NA,"played",NA,NA,NA,NA,NA
"319",319,"Cal Poly HumboldtSanta Clara11-4",2025-11-04,"nond1","Santa Clara","Cal Poly Humboldt","WCC",NA,"H","W","53-83",NA,NA,NA,NA,0,NA,"played",NA,NA,NA,NA,NA
"320",320,"ConverseEast Tennessee St.11-4",2025-11-04,"nond1","East Tennessee St.","Converse","SC",NA,"H","W","50-102",NA,NA,NA,NA,0,NA,"played",NA,NA,NA,NA,NA
"321",321,"Biblical Stud. (TX)Rice11-4",2025-11-04,"nond1","Rice","Biblical Stud. (TX)","Amer",NA,"H","W","38-109",NA,NA,NA,NA,0,NA,"played",NA,NA,NA,NA,NA
"322",322,"West Coast BaptistUtah Valley11-4",2025-11-04,"nond1","Utah Valley","West Coast Baptist","WAC",NA,"H","W","35-116",NA,NA,NA,NA,0,NA,"played",NA,NA,NA,NA,NA
"323",323,"Missouri SouthernMissouri St.11-4",2025-11-04,"nond1","Missouri St.","Missouri Southern","CUSA",NA,"H","W","70-88",NA,NA,NA,NA,0,NA,"played",NA,NA,NA,NA,NA
"324",324,"Merchant MarineSacred Heart11-4",2025-11-04,"nond1","Sacred Heart","Merchant Marine","MAAC",NA,"H","W","46-103",NA,NA,NA,NA,0,NA,"played",NA,NA,NA,NA,NA
"325",325,"CaldwellMonmouth11-4",2025-11-04,"nond1","Monmouth","Caldwell","CAA",NA,"H","W","68-96",NA,NA,NA,NA,0,NA,"played",NA,NA,NA,NA,NA
"326",326,"East-West U.SIU Edwardsville11-4",2025-11-04,"nond1","SIU Edwardsville","East-West U.","OVC",NA,"H","W","50-119",NA,NA,NA,NA,0,NA,"played",NA,NA,NA,NA,NA
"327",327,"DominicanSacramento St.11-4",2025-11-04,"nond1","Sacramento St.","Dominican","BSky",NA,"H","W","79-103",NA,NA,NA,NA,0,NA,"played",NA,NA,NA,NA,NA
"328",328,"Arkansas BaptistLittle Rock11-4",2025-11-04,"nond1","Little Rock","Arkansas Baptist","OVC",NA,"H","W","63-92",NA,NA,NA,NA,0,NA,"played",NA,NA,NA,NA,NA
"329",329,"Penn State YorkUMBC11-4",2025-11-04,"nond1","UMBC","Penn State York","AE",NA,"H","W","53-74",NA,NA,NA,NA,0,NA,"played",NA,NA,NA,NA,NA
"330",330,"Adams St.New Mexico St.11-4",2025-11-04,"nond1","New Mexico St.","Adams St.","CUSA",NA,"H","W","72-83",NA,NA,NA,NA,0,NA,"played",NA,NA,NA,NA,NA
"331",331,"OccidentalSan Diego11-4",2025-11-04,"nond1","San Diego","Occidental","WCC",NA,"H","W","59-88",NA,NA,NA,NA,0,NA,"played",NA,NA,NA,NA,NA
"332",332,"Park (AZ)Idaho St.11-4",2025-11-04,"nond1","Idaho St.","Park (AZ)","BSky",NA,"H","W","71-81",NA,NA,NA,NA,0,NA,"played",NA,NA,NA,NA,NA
"333",333,"San Francisco St.UC Santa Barbara11-4",2025-11-04,"nond1","UC Santa Barbara","San Francisco St.","BW",NA,"H","W","67-98",NA,NA,NA,NA,0,NA,"played",NA,NA,NA,NA,NA
"334",334,"Alabama A&MIndiana11-5",2025-11-05,"nc","Alabama A&M","Indiana","SWAC","B10","A","L","51-98",0.159091874905061,0.929075305570624,0.789142831518436,0.222214997574681,-0.222214997574681,1.1,"played",NA,NA,NA,38,"Q1"
"335",335,"Alabama A&MIndiana11-5",2025-11-05,"nc","Indiana","Alabama A&M","B10","SWAC","H","W","98-51",0.929075305570624,0.159091874905061,0.87694452176131,0.974138773713817,0.025861226286183,99.5,"played",NA,NA,NA,308,"Q4"
"336",336,"Coppin St.La Salle11-5",2025-11-05,"nc","Coppin St.","La Salle","MEAC","A10","A","L","59-87",0.0259808577725411,0.503258861337018,0.789142831518436,0.786965573726056,-0.786965573726056,0.8,"played",NA,NA,NA,227,"Q3"
"337",337,"Coppin St.La Salle11-5",2025-11-05,"nc","La Salle","Coppin St.","A10","MEAC","H","W","87-59",0.503258861337018,0.0259808577725411,0.87694452176131,0.996271000581672,0.00372899941832849,77.2,"played",NA,NA,NA,364,"Q4"
"338",338,"Delaware St.Temple11-5",2025-11-05,"nc","Delaware St.","Temple","MEAC","Amer","A","L","65-83",0.0497573037483458,0.639379701297134,0.789142831518436,0.67854505050098,-0.67854505050098,14,"played",NA,NA,NA,154,"Q3"
"339",339,"Delaware St.Temple11-5",2025-11-05,"nc","Temple","Delaware St.","Amer","MEAC","H","W","83-65",0.639379701297134,0.0497573037483458,0.87694452176131,0.99270589963853,0.00729410036147027,36.4,"played",NA,NA,NA,358,"Q4"
"340",340,"East Texas A&MNew Mexico11-5",2025-11-05,"nc","East Texas A&M","New Mexico","Slnd","MWC","A","L","54-76",0.215264103557443,0.889177912187195,0.789142831518436,0.318080985198017,-0.318080985198017,10.8,"played",NA,NA,NA,42,"Q1"
"341",341,"East Texas A&MNew Mexico11-5",2025-11-05,"nc","New Mexico","East Texas A&M","MWC","Slnd","H","W","76-54",0.889177912187195,0.215264103557443,0.87694452176131,0.962934186645948,0.0370658133540517,94.8,"played",NA,NA,NA,277,"Q4"
"342",342,"Eastern WashingtonLoyola Marymount11-5",2025-11-05,"nc","Eastern Washington","Loyola Marymount","BSky","WCC","A","L","62-70",0.310791476526984,0.569167328627858,0.789142831518436,0.739103014549339,-0.739103014549339,37.8,"played",NA,NA,NA,170,"Q3"
"343",343,"Eastern WashingtonLoyola Marymount11-5",2025-11-05,"nc","Loyola Marymount","Eastern Washington","WCC","BSky","H","W","70-62",0.569167328627858,0.310791476526984,0.87694452176131,0.940488514720462,0.0595114852795378,49.5,"played",NA,NA,NA,254,"Q4"
"344",344,"Maryland Eastern ShoreGeorgia11-5",2025-11-05,"nc","Georgia","Maryland Eastern Shore","SEC","MEAC","H","W","94-29",0.91600808149171,0.112768939573491,0.87694452176131,0.98247717744524,0.0175228225547599,99.9,"played",NA,NA,NA,325,"Q4"
"345",345,"Maryland Eastern ShoreGeorgia11-5",2025-11-05,"nc","Maryland Eastern Shore","Georgia","MEAC","SEC","A","L","29-94",0.112768939573491,0.91600808149171,0.789142831518436,0.255490906957154,-0.255490906957154,0.1,"played",NA,NA,NA,24,"Q1"
"346",346,"North AlabamaMississippi St.11-5",2025-11-05,"nc","Mississippi St.","North Alabama","SEC","ASun","H","W","86-62",0.769828564240354,0.0884777145660335,0.87694452176131,0.986562452243666,0.013437547756334,47.5,"played",NA,NA,NA,335,"Q4"
"347",347,"North AlabamaMississippi St.11-5",2025-11-05,"nc","North Alabama","Mississippi St.","ASun","SEC","A","L","62-86",0.0884777145660335,0.769828564240354,0.789142831518436,0.528076163539221,-0.528076163539221,26.4,"played",NA,NA,NA,99,"Q2"
"348",348,"North Dakota St.UC Davis11-5",2025-11-05,"nc","North Dakota St.","UC Davis","Sum","BW","A","L","68-80",0.525202618458169,0.569719928859357,0.789142831518436,0.738668165713469,-0.738668165713469,30,"played",NA,NA,NA,176,"Q3"
"349",349,"North Dakota St.UC Davis11-5",2025-11-05,"nc","UC Davis","North Dakota St.","BW","Sum","H","W","80-68",0.569719928859357,0.525202618458169,0.87694452176131,0.865636057338206,0.134363942661794,77.4,"played",NA,NA,NA,132,"Q3"
"350",350,"RiderRutgers11-5",2025-11-05,"nc","Rider","Rutgers","MAAC","B10","A","L","53-81",0.0692807104895986,0.593817364755892,0.789142831518436,0.719099142122945,-0.719099142122945,3.6,"played",NA,NA,NA,153,"Q3"
"351",351,"RiderRutgers11-5",2025-11-05,"nc","Rutgers","Rider","B10","MAAC","H","W","81-53",0.593817364755892,0.0692807104895986,0.87694452176131,0.989662640329338,0.010337359670662,74.5,"played",NA,NA,NA,357,"Q4"
"352",352,"South DakotaCreighton11-5",2025-11-05,"nc","Creighton","South Dakota","BE","Sum","H","W","92-76",0.853766094479856,0.214647067407385,0.87694452176131,0.963064474227078,0.036935525772922,74.3,"played",NA,NA,NA,272,"Q4"
"353",353,"South DakotaCreighton11-5",2025-11-05,"nc","South Dakota","Creighton","Sum","BE","A","L","76-92",0.214647067407385,0.853766094479856,0.789142831518436,0.390625558612227,-0.390625558612227,35.5,"played",NA,NA,NA,58,"Q1"
"354",354,"Southern IndianaButler11-5",2025-11-05,"nc","Butler","Southern Indiana","BE","OVC","H","W","88-58",0.858613464070704,0.0957595304080808,0.87694452176131,0.985357317458812,0.0146426825411878,89.7,"played",NA,NA,NA,338,"Q4"
"355",355,"Southern IndianaButler11-5",2025-11-05,"nc","Southern Indiana","Butler","OVC","BE","A","L","58-88",0.0957595304080808,0.858613464070704,0.789142831518436,0.381295065510961,-0.381295065510961,6.9,"played",NA,NA,NA,48,"Q1"
"356",356,"SouthernMarquette11-5",2025-11-05,"nc","Marquette","Southern","BE","SWAC","H","W","100-82",0.679338014949704,0.265907681407748,0.87694452176131,0.951629886177392,0.0483701138226084,70.8,"played",NA,NA,NA,278,"Q4"
"357",357,"SouthernMarquette11-5",2025-11-05,"nc","Southern","Marquette","SWAC","BE","A","L","82-100",0.265907681407748,0.679338014949704,0.789142831518436,0.638540499954744,-0.638540499954744,24,"played",NA,NA,NA,142,"Q3"
"358",358,"Tarleton St.LSU11-5",2025-11-05,"nc","LSU","Tarleton St.","SEC","WAC","H","W","96-60",0.86991035902452,0.400519815714214,0.87694452176131,0.914284499452316,0.0857155005476835,98.2,"played",NA,NA,NA,185,"Q4"
"359",359,"Tarleton St.LSU11-5",2025-11-05,"nc","Tarleton St.","LSU","WAC","SEC","A","L","60-96",0.400519815714214,0.86991035902452,0.789142831518436,0.358840545849542,-0.358840545849542,7.7,"played",NA,NA,NA,50,"Q1"
"360",360,"USC UpstateFresno St.11-5",2025-11-05,"nc","Fresno St.","USC Upstate","MWC","BSth","H","L","66-67",0.639155744766348,0.171715590878374,0.87694452176131,0.97173133605275,-0.97173133605275,20.8,"played",NA,NA,NA,285,"Q4"
"361",361,"USC UpstateFresno St.11-5",2025-11-05,"nc","USC Upstate","Fresno St.","BSth","MWC","A","W","67-66",0.171715590878374,0.639155744766348,0.789142831518436,0.678756847319588,0.321243152680412,58.3,"played",NA,NA,NA,139,"Q3"
"362",362,"Bethesda (CA)Utah Tech11-5",2025-11-05,"nond1","Utah Tech","Bethesda (CA)","WAC",NA,"H","W","65-110",NA,NA,NA,NA,0,NA,"played",NA,NA,NA,NA,NA
"363",363,"Southern Va.Richmond11-5",2025-11-05,"nond1","Richmond","Southern Va.","A10",NA,"H","W","56-84",NA,NA,NA,NA,0,NA,"played",NA,NA,NA,NA,NA
"364",364,"Bluefield Univ.Presbyterian11-5",2025-11-05,"nond1","Presbyterian","Bluefield Univ.","BSth",NA,"H","W","76-105",NA,NA,NA,NA,0,NA,"played",NA,NA,NA,NA,NA
"365",365,"TAMU-San AntonioTexas St.11-5",2025-11-05,"nond1","Texas St.","TAMU-San Antonio","SB",NA,"H","W","55-114",NA,NA,NA,NA,0,NA,"played",NA,NA,NA,NA,NA
"366",366,"Pacific LutheranCal Poly11-5",2025-11-05,"nond1","Cal Poly","Pacific Lutheran","BW",NA,"H","W","79-101",NA,NA,NA,NA,0,NA,"played",NA,NA,NA,NA,NA
"367",367,"Plattsburgh St.Vermont11-5",2025-11-05,"nond1","Vermont","Plattsburgh St.","AE",NA,"H","W","62-113",NA,NA,NA,NA,0,NA,"played",NA,NA,NA,NA,NA
"368",368,"RegentNorfolk St.11-5",2025-11-05,"nond1","Norfolk St.","Regent","MEAC",NA,"H","W","55-119",NA,NA,NA,NA,0,NA,"played",NA,NA,NA,NA,NA
"369",369,"LIFE PacificPacific11-5",2025-11-05,"nond1","Pacific","LIFE Pacific","WCC",NA,"H","W","56-83",NA,NA,NA,NA,0,NA,"played",NA,NA,NA,NA,NA
"370",370,"Wash. & LeeJames Madison11-5",2025-11-05,"nond1","James Madison","Wash. & Lee","SB",NA,"H","W","56-70",NA,NA,NA,NA,0,NA,"played",NA,NA,NA,NA,NA
"371",371,"Belmont AbbeyElon11-5",2025-11-05,"nond1","Elon","Belmont Abbey","CAA",NA,"H","W","51-99",NA,NA,NA,NA,0,NA,"played",NA,NA,NA,NA,NA
"372",372,"DickinsonLafayette11-5",2025-11-05,"nond1","Lafayette","Dickinson","Pat",NA,"H","W","44-79",NA,NA,NA,NA,0,NA,"played",NA,NA,NA,NA,NA
"373",373,"Biblical Stud. (TX)UTSA11-5",2025-11-05,"nond1","UTSA","Biblical Stud. (TX)","Amer",NA,"H","W","30-97",NA,NA,NA,NA,0,NA,"played",NA,NA,NA,NA,NA
"374",374,"LynchburgQueens11-5",2025-11-05,"nond1","Queens","Lynchburg","ASun",NA,"H","W","76-87",NA,NA,NA,NA,0,NA,"played",NA,NA,NA,NA,NA
"375",375,"MilliganMiddle Tennessee11-5",2025-11-05,"nond1","Middle Tennessee","Milligan","CUSA",NA,"H","W","51-100",NA,NA,NA,NA,0,NA,"played",NA,NA,NA,NA,NA
"376",376,"Northwest IndianMontana St.11-5",2025-11-05,"nond1","Montana St.","Northwest Indian","BSky",NA,"H","W","44-114",NA,NA,NA,NA,0,NA,"played",NA,NA,NA,NA,NA
"377",377,"MUWMississippi Valley St.11-5",2025-11-05,"nond1","Mississippi Valley St.","MUW","SWAC",NA,"H","W","61-97",NA,NA,NA,NA,0,NA,"played",NA,NA,NA,NA,NA
"378",378,"DallasPrairie View A&M11-5",2025-11-05,"nond1","Prairie View A&M","Dallas","SWAC",NA,"H","W","53-94",NA,NA,NA,NA,0,NA,"played",NA,NA,NA,NA,NA
"379",379,"RITBinghamton11-5",2025-11-05,"nond1","Binghamton","RIT","AE",NA,"H","W","56-66",NA,NA,NA,NA,0,NA,"played",NA,NA,NA,NA,NA
"380",380,"CarolinaUAppalachian St.11-5",2025-11-05,"nond1","Appalachian St.","CarolinaU","SB",NA,"H","W","46-92",NA,NA,NA,NA,0,NA,"played",NA,NA,NA,NA,NA
"381",381,"LaGrangeMercer11-5",2025-11-05,"nond1","Mercer","LaGrange","SC",NA,"H","W","62-101",NA,NA,NA,NA,0,NA,"played",NA,NA,NA,NA,NA
"382",382,"Ottawa (AZ)Montana11-5",2025-11-05,"nond1","Montana","Ottawa (AZ)","BSky",NA,"H","W","39-73",NA,NA,NA,NA,0,NA,"played",NA,NA,NA,NA,NA
"383",383,"Alcorn St.South Alabama11-6",2025-11-06,"nc","Alcorn St.","South Alabama","SWAC","SB","A","L","70-76",0.0996439667646336,0.456678516291553,0.789142831518436,0.816601206226327,-0.816601206226327,40.5,"played",NA,NA,NA,197,"Q3"
"384",384,"Alcorn St.South Alabama11-6",2025-11-06,"nc","South Alabama","Alcorn St.","SB","SWAC","H","W","76-70",0.456678516291553,0.0996439667646336,0.87694452176131,0.984707696986526,0.0152923030134736,12,"played",NA,NA,NA,351,"Q4"
"385",385,"Arkansas Pine BluffPortland11-6",2025-11-06,"nc","Arkansas Pine Bluff","Portland","SWAC","WCC","A","L","74-83",0.210499397365107,0.553963766133518,0.789142831518436,0.750834377479532,-0.750834377479532,15.7,"played",NA,NA,NA,215,"Q3"
"386",386,"Arkansas Pine BluffPortland11-6",2025-11-06,"nc","Portland","Arkansas Pine Bluff","WCC","SWAC","H","W","83-74",0.553963766133518,0.210499397365107,0.87694452176131,0.963935877536827,0.0360641224631731,64,"played",NA,NA,NA,311,"Q4"
"387",387,"Bethune CookmanMiami FL11-6",2025-11-06,"nc","Bethune Cookman","Miami FL","SWAC","ACC","A","L","61-101",0.251758726760507,0.882624997146115,0.789142831518436,0.332309029138053,-0.332309029138053,8.1,"played",NA,NA,NA,37,"Q1"
"388",388,"Bethune CookmanMiami FL11-6",2025-11-06,"nc","Miami FL","Bethune Cookman","ACC","SWAC","H","W","101-61",0.882624997146115,0.251758726760507,0.87694452176131,0.954914569002642,0.0450854309973584,96.6,"played",NA,NA,NA,268,"Q4"
"389",389,"Cal St. NorthridgeNorthern Iowa11-6",2025-11-06,"nc","Cal St. Northridge","Northern Iowa","BW","MVC","A","L","57-86",0.385010418560885,0.757436564872932,0.789142831518436,0.545149141228804,-0.545149141228804,5,"played",NA,NA,NA,102,"Q2"
"390",390,"Cal St. NorthridgeNorthern Iowa11-6",2025-11-06,"nc","Northern Iowa","Cal St. Northridge","MVC","BW","H","W","86-57",0.757436564872932,0.385010418560885,0.87694452176131,0.91924578431368,0.0807542156863204,97.4,"played",NA,NA,NA,209,"Q4"
"391",391,"CampbellWest Virginia11-6",2025-11-06,"nc","Campbell","West Virginia","CAA","B12","A","L","65-73",0.327073956545687,0.87123425331909,0.789142831518436,0.356141766264973,-0.356141766264973,60.8,"played",NA,NA,NA,59,"Q1"
"392",392,"CampbellWest Virginia11-6",2025-11-06,"nc","West Virginia","Campbell","B12","CAA","H","W","73-65",0.87123425331909,0.327073956545687,0.87694452176131,0.936151100895773,0.0638488991042273,68,"played",NA,NA,NA,203,"Q4"
"393",393,"Central ConnecticutQuinnipiac11-6",2025-11-06,"nc","Central Connecticut","Quinnipiac","NEC","MAAC","A","L","49-71",0.185254014996825,0.56676972583644,0.789142831518436,0.740982745235832,-0.740982745235832,3.7,"played",NA,NA,NA,184,"Q3"
"394",394,"Central ConnecticutQuinnipiac11-6",2025-11-06,"nc","Quinnipiac","Central Connecticut","MAAC","NEC","H","W","71-49",0.56676972583644,0.185254014996825,0.87694452176131,0.969080387831991,0.0309196121680093,88.5,"played",NA,NA,NA,247,"Q4"
"395",395,"Chicago St.Saint Louis11-6",2025-11-06,"nc","Chicago St.","Saint Louis","NEC","A10","A","L","86-108",0.0739186417080468,0.934398970437872,0.789142831518436,0.20807868025584,-0.20807868025584,65.2,"played",NA,NA,NA,22,"Q1"
"396",396,"Chicago St.Saint Louis11-6",2025-11-06,"nc","Saint Louis","Chicago St.","A10","NEC","H","W","108-86",0.934398970437872,0.0739186417080468,0.87694452176131,0.988923656012592,0.011076343987408,37.7,"played",NA,NA,NA,352,"Q4"
"397",397,"DenverWashington11-6",2025-11-06,"nc","Denver","Washington","Sum","B10","A","L","70-84",0.263838573314094,0.850500833069505,0.789142831518436,0.396811542881163,-0.396811542881163,43.9,"played",NA,NA,NA,62,"Q1"
"398",398,"DenverWashington11-6",2025-11-06,"nc","Washington","Denver","B10","Sum","H","W","84-70",0.850500833069505,0.263838573314094,0.87694452176131,0.952116681640977,0.0478833183590227,72.3,"played",NA,NA,NA,251,"Q4"
"399",399,"Grambling St.Iowa St.11-6",2025-11-06,"nc","Grambling St.","Iowa St.","SWAC","B12","A","L","62-102",0.233559697555641,0.963201567205515,0.789142831518436,0.125095084414269,-0.125095084414269,32,"played",NA,NA,NA,6,"Q1"
"400",400,"Grambling St.Iowa St.11-6",2025-11-06,"nc","Iowa St.","Grambling St.","B12","SWAC","H","W","102-62",0.963201567205515,0.233559697555641,0.87694452176131,0.958992470941088,0.0410075290589117,94.4,"played",NA,NA,NA,266,"Q4"
"401",401,"Illinois St.Ohio11-6",2025-11-06,"nc","Illinois St.","Ohio","MVC","MAC","A","L","68-72",0.699786014575313,0.450162132915252,0.789142831518436,0.820506375236532,-0.820506375236532,29.6,"played",NA,NA,NA,216,"Q3"
"402",402,"Illinois St.Ohio11-6",2025-11-06,"nc","Ohio","Illinois St.","MAC","MVC","H","W","72-68",0.450162132915252,0.699786014575313,0.87694452176131,0.753530147840397,0.246469852159603,81.9,"played",NA,NA,NA,79,"Q3"
"403",403,"Jackson St.Louisville11-6",2025-11-06,"nc","Jackson St.","Louisville","SWAC","ACC","A","L","70-106",0.118376704856031,0.960766906153242,0.789142831518436,0.132567603493666,-0.132567603493666,25.7,"played",NA,NA,NA,15,"Q1"
"404",404,"Jackson St.Louisville11-6",2025-11-06,"nc","Louisville","Jackson St.","ACC","SWAC","H","W","106-70",0.960766906153242,0.118376704856031,0.87694452176131,0.981507081310067,0.0184929186899327,90.5,"played",NA,NA,NA,347,"Q4"
"405",405,"Le MoyneXavier11-6",2025-11-06,"nc","Le Moyne","Xavier","NEC","BE","A","L","69-74",0.233859733605385,0.780139218822579,0.789142831518436,0.513318973154326,-0.513318973154326,57.7,"played",NA,NA,NA,94,"Q2"
"406",406,"Le MoyneXavier11-6",2025-11-06,"nc","Xavier","Le Moyne","BE","NEC","H","W","74-69",0.780139218822579,0.233859733605385,0.87694452176131,0.958926535914673,0.0410734640853271,44.3,"played",NA,NA,NA,263,"Q4"
"407",407,"LIUIU Indy11-6",2025-11-06,"nc","IU Indy","LIU","Horz","NEC","H","L","90-94",0.293111925980727,0.325501227881235,0.87694452176131,0.936577409173886,-0.936577409173886,29,"played",NA,NA,NA,201,"Q4"
"408",408,"LIUIU Indy11-6",2025-11-06,"nc","LIU","IU Indy","NEC","Horz","A","W","94-90",0.325501227881235,0.293111925980727,0.789142831518436,0.900257068363485,0.0997429316365148,32.8,"played",NA,NA,NA,310,"Q4"
"409",409,"MercyhurstLoyola Chicago11-6",2025-11-06,"nc","Loyola Chicago","Mercyhurst","A10","NEC","H","L","65-73",0.28923647413666,0.197715059489074,0.87694452176131,0.966574696119011,-0.966574696119011,4.8,"played",NA,NA,NA,290,"Q4"
"410",410,"MercyhurstLoyola Chicago11-6",2025-11-06,"nc","Mercyhurst","Loyola Chicago","NEC","A10","A","W","73-65",0.197715059489074,0.28923647413666,0.789142831518436,0.901930542270354,0.0980694577296459,66.3,"played",NA,NA,NA,315,"Q4"
"411",411,"MerrimackAuburn11-6",2025-11-06,"nc","Auburn","Merrimack","SEC","MAAC","H","W","95-57",0.914477539067104,0.339779292896384,0.87694452176131,0.932647440717921,0.0673525592820787,98,"played",NA,NA,NA,217,"Q4"
"412",412,"MerrimackAuburn11-6",2025-11-06,"nc","Merrimack","Auburn","MAAC","SEC","A","L","57-95",0.339779292896384,0.914477539067104,0.789142831518436,0.259262066114196,-0.259262066114196,10,"played",NA,NA,NA,34,"Q1"
"413",413,"Nebraska OmahaAbilene Christian11-6",2025-11-06,"nc","Abilene Christian","Nebraska Omaha","WAC","Sum","H","W","73-71",0.395357780875213,0.245482919288472,0.87694452176131,0.956339074498325,0.0436609255016746,39.9,"played",NA,NA,NA,281,"Q4"
"414",414,"Nebraska OmahaAbilene Christian11-6",2025-11-06,"nc","Nebraska Omaha","Abilene Christian","Sum","WAC","A","L","71-73",0.245482919288472,0.395357780875213,0.789142831518436,0.851271945390759,-0.851271945390759,24.3,"played",NA,NA,NA,241,"Q4"
"415",415,"North FloridaFlorida11-6",2025-11-06,"nc","Florida","North Florida","SEC","ASun","H","W","104-64",0.967769745662781,0.130909333469256,0.87694452176131,0.979300944347944,0.0206990556520561,94.3,"played",NA,NA,NA,341,"Q4"
"416",416,"North FloridaFlorida11-6",2025-11-06,"nc","North Florida","Florida","ASun","SEC","A","L","64-104",0.130909333469256,0.967769745662781,0.789142831518436,0.110826915239594,-0.110826915239594,21.4,"played",NA,NA,NA,14,"Q1"
"417",417,"Northwestern St.North Texas11-6",2025-11-06,"nc","North Texas","Northwestern St.","Amer","Slnd","H","W","80-53",0.61394540023339,0.172988629015108,0.87694452176131,0.971485151015013,0.028514848984987,82.4,"played",NA,NA,NA,306,"Q4"
"418",418,"Northwestern St.North Texas11-6",2025-11-06,"nc","Northwestern St.","North Texas","Slnd","Amer","A","L","53-80",0.172988629015108,0.61394540023339,0.789142831518436,0.701790604371229,-0.701790604371229,6.6,"played",NA,NA,NA,147,"Q3"
"419",419,"Robert MorrisDrake11-6",2025-11-06,"nc","Drake","Robert Morris","MVC","Horz","H","L","79-81",0.53888123509143,0.360345110834765,0.87694452176131,0.926741135334995,-0.926741135334995,26.7,"played",NA,NA,NA,186,"Q4"
"420",420,"Robert MorrisDrake11-6",2025-11-06,"nc","Robert Morris","Drake","Horz","MVC","A","W","81-79",0.360345110834765,0.53888123509143,0.789142831518436,0.762045499978807,0.237954500021193,64.4,"played",NA,NA,NA,166,"Q3"
"421",421,"Saint FrancisTCU11-6",2025-11-06,"nc","Saint Francis","TCU","NEC","B12","A","L","63-104",0.0661980827384546,0.865296099885822,0.789142831518436,0.368134924888612,-0.368134924888612,5.6,"played",NA,NA,NA,46,"Q1"
"422",422,"Saint FrancisTCU11-6",2025-11-06,"nc","TCU","Saint Francis","B12","NEC","H","W","104-63",0.865296099885822,0.0661980827384546,0.87694452176131,0.990150353814344,0.00984964618565609,88.4,"played",NA,NA,NA,354,"Q4"
"423",423,"Texas A&M Corpus ChrisSMU11-6",2025-11-06,"nc","SMU","Texas A&M Corpus Chris","ACC","Slnd","H","W","69-58",0.916602426915101,0.415344559057257,0.87694452176131,0.909349881209777,0.0906501187902234,70.7,"played",NA,NA,NA,181,"Q4"
"424",424,"Texas A&M Corpus ChrisSMU11-6",2025-11-06,"nc","Texas A&M Corpus Chris","SMU","Slnd","ACC","A","L","58-69",0.415344559057257,0.916602426915101,0.789142831518436,0.254019532125076,-0.254019532125076,76.4,"played",NA,NA,NA,30,"Q1"
"425",425,"Texas SouthernTexas A&M11-6",2025-11-06,"nc","Texas A&M","Texas Southern","SEC","SWAC","H","W","104-70",0.915550420652576,0.127997519309955,0.87694452176131,0.979818278787393,0.0201817212126065,70.8,"played",NA,NA,NA,348,"Q4"
"426",426,"Texas SouthernTexas A&M11-6",2025-11-06,"nc","Texas Southern","Texas A&M","SWAC","SEC","A","L","70-104",0.127997519309955,0.915550420652576,0.789142831518436,0.256621248205328,-0.256621248205328,39.6,"played",NA,NA,NA,41,"Q1"
"427",427,"The CitadelBoston College11-6",2025-11-06,"nc","Boston College","The Citadel","ACC","SC","H","W","76-47",0.611273164360049,0.0788521555269136,0.87694452176131,0.988130636578795,0.0118693634212048,82.4,"played",NA,NA,NA,350,"Q4"
"428",428,"The CitadelBoston College11-6",2025-11-06,"nc","The Citadel","Boston College","SC","ACC","A","L","47-76",0.0788521555269136,0.611273164360049,0.789142831518436,0.704141763062635,-0.704141763062635,2.8,"played",NA,NA,NA,157,"Q3"
"429",429,"UC RiversideNorth Dakota11-6",2025-11-06,"nc","North Dakota","UC Riverside","Sum","BW","H","L","70-74",0.343317996272495,0.201552689174799,0.87694452176131,0.965789939307561,-0.965789939307561,9.1,"played",NA,NA,NA,283,"Q4"
"430",430,"UC RiversideNorth Dakota11-6",2025-11-06,"nc","UC Riverside","North Dakota","BW","Sum","A","W","74-70",0.201552689174799,0.343317996272495,0.789142831518436,0.877429380407867,0.122570619592133,56.8,"played",NA,NA,NA,282,"Q4"
"431",431,"Wright St.California11-6",2025-11-06,"nc","California","Wright St.","ACC","Horz","H","W","77-67",0.828977030903702,0.571577739895169,0.87694452176131,0.84231002581507,0.15768997418493,87,"played",NA,NA,NA,136,"Q3"
"432",432,"Wright St.California11-6",2025-11-06,"nc","Wright St.","California","Horz","ACC","A","L","67-77",0.571577739895169,0.828977030903702,0.789142831518436,0.435700951290163,-0.435700951290163,49.1,"played",NA,NA,NA,60,"Q1"
"433",433,"Mid-Atlantic Christ.Hampton11-6",2025-11-06,"nond1","Hampton","Mid-Atlantic Christ.","CAA",NA,"H","W","43-103",NA,NA,NA,NA,0,NA,"played",NA,NA,NA,NA,NA
"434",434,"Central PennMorgan St.11-6",2025-11-06,"nond1","Morgan St.","Central Penn","MEAC",NA,"H","W","77-101",NA,NA,NA,NA,0,NA,"played",NA,NA,NA,NA,NA
"435",435,"CurryNew Hampshire11-6",2025-11-06,"nond1","New Hampshire","Curry","AE",NA,"H","W","31-113",NA,NA,NA,NA,0,NA,"played",NA,NA,NA,NA,NA
"436",436,"IITIndiana St.11-6",2025-11-06,"nond1","Indiana St.","IIT","MVC",NA,"H","W","73-104",NA,NA,NA,NA,0,NA,"played",NA,NA,NA,NA,NA
"437",437,"Bethany (WV)Bowling Green11-6",2025-11-06,"nond1","Bowling Green","Bethany (WV)","MAC",NA,"H","W","65-120",NA,NA,NA,NA,0,NA,"played",NA,NA,NA,NA,NA
"438",438,"Dakota St.South Dakota St.11-6",2025-11-06,"nond1","South Dakota St.","Dakota St.","Sum",NA,"H","W","62-68",NA,NA,NA,NA,0,NA,"played",NA,NA,NA,NA,NA
"439",439,"Valley ForgeLehigh11-6",2025-11-06,"nond1","Lehigh","Valley Forge","Pat",NA,"H","W","52-91",NA,NA,NA,NA,0,NA,"played",NA,NA,NA,NA,NA
"440",440,"District of ColumbiaHoward11-6",2025-11-06,"nond1","Howard","District of Columbia","MEAC",NA,"H","W","71-103",NA,NA,NA,NA,0,NA,"played",NA,NA,NA,NA,NA
"441",441,"RandolphOld Dominion11-6",2025-11-06,"nond1","Old Dominion","Randolph","SB",NA,"H","W","53-93",NA,NA,NA,NA,0,NA,"played",NA,NA,NA,NA,NA
"442",442,"Trinity (FL)Jacksonville11-6",2025-11-06,"nond1","Jacksonville","Trinity (FL)","ASun",NA,"H","W","45-132",NA,NA,NA,NA,0,NA,"played",NA,NA,NA,NA,NA
"443",443,"TougalooSouthern Miss11-6",2025-11-06,"nond1","Southern Miss","Tougaloo","SB",NA,"H","W","57-93",NA,NA,NA,NA,0,NA,"played",NA,NA,NA,NA,NA
"444",444,"Toccoa FallsCharleston Southern11-6",2025-11-06,"nond1","Charleston Southern","Toccoa Falls","BSth",NA,"H","W","71-106",NA,NA,NA,NA,0,NA,"played",NA,NA,NA,NA,NA
"445",445,"UHSPLindenwood11-6",2025-11-06,"nond1","Lindenwood","UHSP","OVC",NA,"H","W","51-116",NA,NA,NA,NA,0,NA,"played",NA,NA,NA,NA,NA
"446",446,"NorthwoodWestern Michigan11-6",2025-11-06,"nond1","Western Michigan","Northwood","MAC",NA,"H","L","81-85",NA,NA,NA,NA,-1,NA,"played",NA,NA,NA,NA,NA
"447",447,"Penn St.-AbingtonLoyola MD11-6",2025-11-06,"nond1","Loyola MD","Penn St.-Abington","Pat",NA,"H","W","60-96",NA,NA,NA,NA,0,NA,"played",NA,NA,NA,NA,NA
"448",448,"AlleghenyCanisius11-6",2025-11-06,"nond1","Canisius","Allegheny","MAAC",NA,"H","W","43-84",NA,NA,NA,NA,0,NA,"played",NA,NA,NA,NA,NA
"449",449,"MidwayEastern Kentucky11-6",2025-11-06,"nond1","Eastern Kentucky","Midway","ASun",NA,"H","W","60-122",NA,NA,NA,NA,0,NA,"played",NA,NA,NA,NA,NA
"450",450,"WhittierCal St. Bakersfield11-6",2025-11-06,"nond1","Cal St. Bakersfield","Whittier","BW",NA,"H","W","61-83",NA,NA,NA,NA,0,NA,"played",NA,NA,NA,NA,NA
"451",451,"CapitalCleveland St.11-6",2025-11-06,"nond1","Cleveland St.","Capital","Horz",NA,"H","W","70-71",NA,NA,NA,NA,0,NA,"played",NA,NA,NA,NA,NA
"452",452,"Alabama St.Florida St.11-7",2025-11-07,"nc","Alabama St.","Florida St.","SWAC","ACC","A","L","64-101",0.161273195651384,0.714263605095652,0.789142831518436,0.599548438685226,-0.599548438685226,2.8,"played",NA,NA,NA,115,"Q2"
"453",453,"Alabama St.Florida St.11-7",2025-11-07,"nc","Florida St.","Alabama St.","ACC","SWAC","H","W","101-64",0.714263605095652,0.161273195651384,0.87694452176131,0.973727114931155,0.026272885068845,94.3,"played",NA,NA,NA,313,"Q4"
"454",454,"Arkansas St.Stephen F. Austin11-7",2025-11-07,"nc","Arkansas St.","Stephen F. Austin","SB","Slnd","A","L","65-90",0.486958310027856,0.815047683515057,0.789142831518436,0.459245063096948,-0.459245063096948,9.4,"played",NA,NA,NA,88,"Q2"
"455",455,"Arkansas St.Stephen F. Austin11-7",2025-11-07,"nc","Stephen F. Austin","Arkansas St.","Slnd","SB","H","W","90-65",0.815047683515057,0.486958310027856,0.87694452176131,0.882465421492392,0.117534578507608,97.6,"played",NA,NA,NA,141,"Q3"
"456",456,"Boston UniversityNorthwestern11-7",2025-11-07,"nc","Boston University","Northwestern","Pat","B10","A","L","52-76",0.173160301084916,0.848307220201776,0.789142831518436,0.400923368847485,-0.400923368847485,5.5,"played",NA,NA,NA,69,"Q1"
"457",457,"Boston UniversityNorthwestern11-7",2025-11-07,"nc","Northwestern","Boston University","B10","Pat","H","W","76-52",0.848307220201776,0.173160301084916,0.87694452176131,0.97145190396275,0.0285480960372501,95.3,"played",NA,NA,NA,292,"Q4"
"458",458,"BryantGeorgia Tech11-7",2025-11-07,"nc","Bryant","Georgia Tech","AE","ACC","A","L","45-74",0.0698036017290083,0.649662104684215,0.789142831518436,0.668678034087465,-0.668678034087465,1,"played",NA,NA,NA,146,"Q3"
"459",459,"BryantGeorgia Tech11-7",2025-11-07,"nc","Georgia Tech","Bryant","ACC","AE","H","W","74-45",0.649662104684215,0.0698036017290083,0.87694452176131,0.989579639055569,0.0104203609444309,93.5,"played",NA,NA,NA,345,"Q4"
"460",460,"BucknellMount St. Mary's11-7",2025-11-07,"nc","Bucknell","Mount St. Mary's","Pat","MAAC","A","W","73-62",0.127187121287998,0.282514165173045,0.789142831518436,0.904804899863118,0.0951951001368816,63.5,"played",NA,NA,NA,304,"Q4"
"461",461,"BucknellMount St. Mary's11-7",2025-11-07,"nc","Mount St. Mary's","Bucknell","MAAC","Pat","H","L","62-73",0.282514165173045,0.127187121287998,0.87694452176131,0.979961742807954,-0.979961742807954,3.2,"played",NA,NA,NA,333,"Q4"
"462",462,"Cal BaptistUC Irvine11-7",2025-11-07,"nc","Cal Baptist","UC Irvine","WAC","BW","A","W","69-61",0.540609234029639,0.71694009377673,0.789142831518436,0.596386841218079,0.403613158781921,87.6,"played",NA,NA,NA,128,"Q2"
"463",463,"Cal BaptistUC Irvine11-7",2025-11-07,"nc","UC Irvine","Cal Baptist","BW","WAC","H","L","61-69",0.71694009377673,0.540609234029639,0.87694452176131,0.858272191250011,-0.858272191250011,29.7,"played",NA,NA,NA,120,"Q3"
"464",464,"CharlestonLiberty11-7",2025-11-07,"nc","Charleston","Liberty","CAA","CUSA","A","L","75-90",0.363361259870032,0.754201371304044,0.789142831518436,0.549492294681649,-0.549492294681649,30.6,"played",NA,NA,NA,84,"Q2"
"465",465,"CharlestonLiberty11-7",2025-11-07,"nc","Liberty","Charleston","CUSA","CAA","H","W","90-75",0.754201371304044,0.363361259870032,0.87694452176131,0.92584938839268,0.0741506116073203,79.9,"played",NA,NA,NA,175,"Q4"
"466",466,"ChattanoogaSaint Mary's11-7",2025-11-07,"nc","Chattanooga","Saint Mary's","SC","WCC","A","L","66-87",0.193922737600882,0.908833684887652,0.789142831518436,0.272949274196153,-0.272949274196153,34.8,"played",NA,NA,NA,28,"Q1"
"467",467,"ChattanoogaSaint Mary's11-7",2025-11-07,"nc","Saint Mary's","Chattanooga","WCC","SC","H","W","87-66",0.908833684887652,0.193922737600882,0.87694452176131,0.967344083601197,0.0326559163988029,81.8,"played",NA,NA,NA,280,"Q4"
"468",468,"ColumbiaNew Haven11-7",2025-11-07,"nc","Columbia","New Haven","Ivy","NEC","A","W","71-53",0.408052728218098,0.189489062413694,0.789142831518436,0.941204763963868,0.0587952360361323,91.4,"played",NA,NA,NA,326,"Q4"
"469",469,"ColumbiaNew Haven11-7",2025-11-07,"nc","New Haven","Columbia","NEC","Ivy","H","L","53-71",0.189489062413694,0.408052728218098,0.87694452176131,0.911801277983662,-0.911801277983662,1.5,"played",NA,NA,NA,151,"Q3"
"470",470,"CornellKent St.11-7",2025-11-07,"nc","Cornell","Kent St.","Ivy","MAC","A","L","102-110",0.377743777487108,0.638568943065511,0.789142831518436,0.679311168960651,-0.679311168960651,34.3,"played",NA,NA,NA,148,"Q3"
"471",471,"CornellKent St.11-7",2025-11-07,"nc","Kent St.","Cornell","MAC","Ivy","H","W","110-102",0.638568943065511,0.377743777487108,0.87694452176131,0.921502900364643,0.0784970996353572,67.3,"played",NA,NA,NA,188,"Q4"
"472",472,"Detroit MercyNotre Dame11-7",2025-11-07,"nc","Detroit Mercy","Notre Dame","Horz","ACC","A","L","70-102",0.268076298487336,0.775906977662226,0.789142831518436,0.519438937310661,-0.519438937310661,10.8,"played",NA,NA,NA,81,"Q2"
"473",473,"Detroit MercyNotre Dame11-7",2025-11-07,"nc","Notre Dame","Detroit Mercy","ACC","Horz","H","W","102-70",0.775906977662226,0.268076298487336,0.87694452176131,0.951117264043805,0.0488827359561953,91.3,"played",NA,NA,NA,273,"Q4"
"474",474,"Florida Gulf CoastIllinois11-7",2025-11-07,"nc","Florida Gulf Coast","Illinois","ASun","B10","A","L","70-113",0.308404183016962,0.970104643724092,0.789142831518436,0.103406530476857,-0.103406530476857,10.5,"played",NA,NA,NA,9,"Q1"
"475",475,"Florida Gulf CoastIllinois11-7",2025-11-07,"nc","Illinois","Florida Gulf Coast","B10","ASun","H","W","113-70",0.970104643724092,0.308404183016962,0.87694452176131,0.941110565442255,0.0588894345577446,99.2,"played",NA,NA,NA,237,"Q4"
"476",476,"Gardner WebbClemson11-7",2025-11-07,"nc","Clemson","Gardner Webb","ACC","BSth","H","W","97-59",0.937538780726441,0.031054600359691,0.87694452176131,0.995522798064527,0.00447720193547285,82.1,"played",NA,NA,NA,363,"Q4"
"477",477,"Gardner WebbClemson11-7",2025-11-07,"nc","Gardner Webb","Clemson","BSth","ACC","A","L","59-97",0.031054600359691,0.937538780726441,0.789142831518436,0.199576091999099,-0.199576091999099,9.5,"played",NA,NA,NA,32,"Q1"
"478",478,"GeorgetownMaryland11-7",2025-11-07,"nc","Georgetown","Maryland","BE","B10","A","W","70-60",0.594254951891872,0.718765491706146,0.789142831518436,0.594215563299714,0.405784436700286,96.3,"played",NA,NA,NA,152,"Q3"
"479",479,"GeorgetownMaryland11-7",2025-11-07,"nc","Maryland","Georgetown","B10","BE","H","L","60-70",0.718765491706146,0.594254951891872,0.87694452176131,0.829519401147896,-0.829519401147896,12.6,"played",NA,NA,NA,118,"Q3"
"480",480,"Georgia St.Cincinnati11-7",2025-11-07,"nc","Cincinnati","Georgia St.","B12","SB","H","W","74-64",0.873465038086542,0.207313157197796,0.87694452176131,0.964600153744441,0.0353998462555593,58.1,"played",NA,NA,NA,261,"Q4"
"481",481,"Georgia St.Cincinnati11-7",2025-11-07,"nc","Georgia St.","Cincinnati","SB","B12","A","L","64-74",0.207313157197796,0.873465038086542,0.789142831518436,0.351561364376916,-0.351561364376916,56.5,"played",NA,NA,NA,72,"Q1"
"482",482,"Green BayBuffalo11-7",2025-11-07,"nc","Buffalo","Green Bay","MAC","Horz","H","W","83-76",0.546556873185776,0.347484853107807,0.87694452176131,0.93046936539492,0.0695306346050797,54.6,"played",NA,NA,NA,230,"Q4"
"483",483,"Green BayBuffalo11-7",2025-11-07,"nc","Green Bay","Buffalo","Horz","MAC","A","L","76-83",0.347484853107807,0.546556873185776,0.789142831518436,0.756391714958197,-0.756391714958197,34.8,"played",NA,NA,NA,165,"Q3"
"484",484,"HofstraIona11-7",2025-11-07,"nc","Hofstra","Iona","CAA","MAAC","A","L","73-81",0.550605304781333,0.437173937533644,0.789142831518436,0.828126310189698,-0.828126310189698,5.8,"played",NA,NA,NA,218,"Q3"
"485",485,"HofstraIona11-7",2025-11-07,"nc","Iona","Hofstra","MAAC","CAA","H","W","81-73",0.437173937533644,0.550605304781333,0.87694452176131,0.853296277500354,0.146703722499646,93.9,"played",NA,NA,NA,106,"Q3"
"486",486,"Idaho St.San Diego11-7",2025-11-07,"nc","Idaho St.","San Diego","BSky","WCC","A","W","71-68",0.328595781865349,0.545701106777343,0.789142831518436,0.75702731189978,0.24297268810022,81.6,"played",NA,NA,NA,208,"Q3"
"487",487,"Idaho St.San Diego11-7",2025-11-07,"nc","San Diego","Idaho St.","WCC","BSky","H","L","68-71",0.545701106777343,0.328595781865349,0.87694452176131,0.935737061162961,-0.935737061162961,11.7,"played",NA,NA,NA,174,"Q4"
"488",488,"Illinois ChicagoOregon St.11-7",2025-11-07,"nc","Illinois Chicago","Oregon St.","MVC","WCC","A","L","73-76",0.500741447619587,0.48746862199899,0.789142831518436,0.797364378973173,-0.797364378973173,32.4,"played",NA,NA,NA,213,"Q3"
"489",489,"Illinois ChicagoOregon St.11-7",2025-11-07,"nc","Oregon St.","Illinois Chicago","WCC","MVC","H","W","76-73",0.48746862199899,0.500741447619587,0.87694452176131,0.876624116731868,0.123375883268132,66.6,"played",NA,NA,NA,161,"Q4"
"490",490,"KansasNorth Carolina11-7",2025-11-07,"nc","Kansas","North Carolina","B12","ACC","A","L","74-87",0.923435166348524,0.914942599410585,0.789142831518436,0.258118902076419,-0.258118902076419,78.6,"played",NA,NA,NA,27,"Q1"
"491",491,"KansasNorth Carolina11-7",2025-11-07,"nc","North Carolina","Kansas","ACC","B12","H","W","87-74",0.914942599410585,0.923435166348524,0.87694452176131,0.371414287559022,0.628585712440978,97.2,"played",NA,NA,NA,18,"Q1"
"492",492,"LongwoodPittsburgh11-7",2025-11-07,"nc","Longwood","Pittsburgh","BSth","ACC","A","L","60-78",0.192892523448795,0.730765128903465,0.789142831518436,0.579630896823016,-0.579630896823016,26.5,"played",NA,NA,NA,121,"Q2"
"493",493,"LongwoodPittsburgh11-7",2025-11-07,"nc","Pittsburgh","Longwood","ACC","BSth","H","W","78-60",0.730765128903465,0.192892523448795,0.87694452176131,0.967552055004814,0.0324479449951863,64.2,"played",NA,NA,NA,271,"Q4"
"494",494,"Louisiana MonroeMississippi11-7",2025-11-07,"nc","Louisiana Monroe","Mississippi","SB","SEC","A","L","65-86",0.0612505362259951,0.782795445947566,0.789142831518436,0.509432503898883,-0.509432503898883,9.1,"played",NA,NA,NA,87,"Q2"
"495",495,"Louisiana MonroeMississippi11-7",2025-11-07,"nc","Mississippi","Louisiana Monroe","SEC","SB","H","W","86-65",0.782795445947566,0.0612505362259951,0.87694452176131,0.990927418635129,0.0090725813648711,70,"played",NA,NA,NA,359,"Q4"
"496",496,"McNeese St.Santa Clara11-7",2025-11-07,"nc","McNeese St.","Santa Clara","Slnd","WCC","A","L","67-79",0.683026270437139,0.904534982736246,0.789142831518436,0.28314899833366,-0.28314899833366,66.8,"played",NA,NA,NA,44,"Q1"
"497",497,"McNeese St.Santa Clara11-7",2025-11-07,"nc","Santa Clara","McNeese St.","WCC","Slnd","H","W","79-67",0.904534982736246,0.683026270437139,0.87694452176131,0.767829201135309,0.232170798864691,91,"played",NA,NA,NA,57,"Q2"
"498",498,"Mississippi Valley St.Murray St.11-7",2025-11-07,"nc","Mississippi Valley St.","Murray St.","SWAC","MVC","A","L","60-108",0.0200041175334786,0.768671365816874,0.789142831518436,0.52970054022595,-0.52970054022595,2.7,"played",NA,NA,NA,74,"Q1"
"499",499,"Mississippi Valley St.Murray St.11-7",2025-11-07,"nc","Murray St.","Mississippi Valley St.","MVC","SWAC","H","W","108-60",0.768671365816874,0.0200041175334786,0.87694452176131,0.997143844867186,0.00285615513281423,70.9,"played",NA,NA,NA,365,"Q4"
"500",500,"Morehead St.Wake Forest11-7",2025-11-07,"nc","Morehead St.","Wake Forest","OVC","ACC","A","L","65-81",0.163264947729151,0.830188381602287,0.789142831518436,0.433595457149497,-0.433595457149497,33,"played",NA,NA,NA,67,"Q1"
"501",501,"Morehead St.Wake Forest11-7",2025-11-07,"nc","Wake Forest","Morehead St.","ACC","OVC","H","W","81-65",0.830188381602287,0.163264947729151,0.87694452176131,0.973349662894276,0.0266503371057238,65.9,"played",NA,NA,NA,286,"Q4"
"502",502,"Nicholls St.Eastern Illinois11-7",2025-11-07,"nc","Eastern Illinois","Nicholls St.","OVC","Slnd","H","W","65-57",0.254464105144106,0.298838774145833,0.87694452176131,0.943568533420601,0.0564314665793993,65.7,"played",NA,NA,NA,214,"Q4"
"503",503,"Nicholls St.Eastern Illinois11-7",2025-11-07,"nc","Nicholls St.","Eastern Illinois","Slnd","OVC","A","L","57-65",0.298838774145833,0.254464105144106,0.789142831518436,0.916423012707536,-0.916423012707536,7,"played",NA,NA,NA,305,"Q4"
"504",504,"North Carolina CentralVirginia11-7",2025-11-07,"nc","North Carolina Central","Virginia","MEAC","ACC","A","L","62-81",0.082756424692227,0.96842400434267,0.789142831518436,0.108756479072216,-0.108756479072216,35.9,"played",NA,NA,NA,13,"Q1"
"505",505,"North Carolina CentralVirginia11-7",2025-11-07,"nc","Virginia","North Carolina Central","ACC","MEAC","H","W","81-62",0.96842400434267,0.082756424692227,0.87694452176131,0.987497925961696,0.0125020740383036,83.2,"played",NA,NA,NA,344,"Q4"
"506",506,"NortheasternColgate11-7",2025-11-07,"nc","Colgate","Northeastern","Pat","CAA","H","L","65-68",0.520482639527122,0.250737593781546,0.87694452176131,0.955147684195681,-0.955147684195681,22.9,"played",NA,NA,NA,249,"Q4"
"507",507,"NortheasternColgate11-7",2025-11-07,"nc","Northeastern","Colgate","CAA","Pat","A","W","68-65",0.250737593781546,0.520482639527122,0.789142831518436,0.775179083646094,0.224820916353906,55,"played",NA,NA,NA,196,"Q3"
"508",508,"Northern IllinoisWisconsin11-7",2025-11-07,"nc","Northern Illinois","Wisconsin","MAC","B10","A","L","72-97",0.136539414444762,0.913235229454143,0.789142831518436,0.262304234633571,-0.262304234633571,19.4,"played",NA,NA,NA,36,"Q1"
"509",509,"Northern IllinoisWisconsin11-7",2025-11-07,"nc","Wisconsin","Northern Illinois","B10","MAC","H","W","97-72",0.913235229454143,0.136539414444762,0.87694452176131,0.978292340323179,0.0217076596768214,87.3,"played",NA,NA,NA,312,"Q4"
"510",510,"OaklandPurdue11-7",2025-11-07,"nc","Oakland","Purdue","Horz","B10","A","L","77-87",0.482772141388938,0.968858276411217,0.789142831518436,0.107378422298164,-0.107378422298164,91.8,"played",NA,NA,NA,5,"Q1"
"511",511,"OaklandPurdue11-7",2025-11-07,"nc","Purdue","Oakland","B10","Horz","H","W","87-77",0.968858276411217,0.482772141388938,0.87694452176131,0.884192673060866,0.115807326939134,72.2,"played",NA,NA,NA,135,"Q3"
"512",512,"PepperdineUCLA11-7",2025-11-07,"nc","Pepperdine","UCLA","WCC","B10","A","L","63-74",0.217599421655683,0.883383237146971,0.789142831518436,0.330682521038581,-0.330682521038581,43.6,"played",NA,NA,NA,40,"Q1"
"513",513,"PepperdineUCLA11-7",2025-11-07,"nc","UCLA","Pepperdine","B10","WCC","H","W","74-63",0.883383237146971,0.217599421655683,0.87694452176131,0.962439543198769,0.0375604568012314,73.1,"played",NA,NA,NA,267,"Q4"
"514",514,"Purdue Fort WayneOhio St.11-7",2025-11-07,"nc","Ohio St.","Purdue Fort Wayne","B10","Horz","H","W","94-68",0.895316100144004,0.292872856878609,0.87694452176131,0.945074204187965,0.054925795812035,92.7,"played",NA,NA,NA,210,"Q4"
"515",515,"Purdue Fort WayneOhio St.11-7",2025-11-07,"nc","Purdue Fort Wayne","Ohio St.","Horz","B10","A","L","68-94",0.292872856878609,0.895316100144004,0.789142831518436,0.304393013328042,-0.304393013328042,21.7,"played",NA,NA,NA,35,"Q1"
"516",516,"Rhode IslandTulsa11-7",2025-11-07,"nc","Rhode Island","Tulsa","A10","Amer","N","L","65-82",0.580883976567375,0.811165327343644,0.837778001870703,0.545917109383529,-0.545917109383529,28.7,"played",NA,NA,NA,47,"Q1"
"517",517,"Rhode IslandTulsa11-7",2025-11-07,"nc","Tulsa","Rhode Island","Amer","A10","N","W","82-65",0.811165327343644,0.580883976567375,0.837778001870703,0.788412722867737,0.211587277132263,93.7,"played",NA,NA,NA,133,"Q3"
"518",518,"RiceOregon11-7",2025-11-07,"nc","Oregon","Rice","B10","Amer","H","W","67-63",0.81299290274961,0.305946467034478,0.87694452176131,0.941747346673167,0.0582526533268328,39.8,"played",NA,NA,NA,253,"Q4"
"519",519,"RiceOregon11-7",2025-11-07,"nc","Rice","Oregon","Amer","B10","A","L","63-67",0.305946467034478,0.81299290274961,0.789142831518436,0.462617524270081,-0.462617524270081,74.3,"played",NA,NA,NA,104,"Q2"
"520",520,"Sacred HeartDuquesne11-7",2025-11-07,"nc","Duquesne","Sacred Heart","A10","MAAC","H","W","92-80",0.664548733997581,0.185258742802667,0.87694452176131,0.969079449264048,0.0309205507359519,50.5,"played",NA,NA,NA,287,"Q4"
"521",521,"Sacred HeartDuquesne11-7",2025-11-07,"nc","Sacred Heart","Duquesne","MAAC","A10","A","L","80-92",0.185258742802667,0.664548733997581,0.789142831518436,0.653879211488026,-0.653879211488026,30.6,"played",NA,NA,NA,155,"Q3"
"522",522,"Sam Houston St.Texas Tech11-7",2025-11-07,"nc","Sam Houston St.","Texas Tech","CUSA","B12","A","L","77-98",0.562519903891757,0.952998790803517,0.789142831518436,0.155818723619252,-0.155818723619252,73.6,"played",NA,NA,NA,17,"Q1"
"523",523,"Sam Houston St.Texas Tech11-7",2025-11-07,"nc","Texas Tech","Sam Houston St.","B12","CUSA","H","W","98-77",0.952998790803517,0.562519903891757,0.87694452176131,0.847149015990964,0.152850984009036,90.4,"played",NA,NA,NA,105,"Q3"
"524",524,"SienaBrown11-7",2025-11-07,"nc","Brown","Siena","Ivy","MAAC","H","L","46-62",0.361296853591693,0.390387146522654,0.87694452176131,0.917548378669134,-0.917548378669134,1.9,"played",NA,NA,NA,172,"Q4"
"525",525,"SienaBrown11-7",2025-11-07,"nc","Siena","Brown","MAAC","Ivy","A","W","62-46",0.390387146522654,0.361296853591693,0.789142831518436,0.868699218992873,0.131300781007127,94.8,"played",NA,NA,NA,275,"Q4"
"526",526,"SIU EdwardsvilleUTSA11-7",2025-11-07,"nc","SIU Edwardsville","UTSA","OVC","Amer","A","W","77-60",0.222517010562244,0.118500483117376,0.789142831518436,0.96532593406337,0.0346740659366295,42,"played",NA,NA,NA,349,"Q4"
"527",527,"SIU EdwardsvilleUTSA11-7",2025-11-07,"nc","UTSA","SIU Edwardsville","Amer","OVC","H","L","60-77",0.118500483117376,0.222517010562244,0.87694452176131,0.961389918559662,-0.961389918559662,5.1,"played",NA,NA,NA,255,"Q4"
"528",528,"South Carolina St.Samford11-7",2025-11-07,"nc","Samford","South Carolina St.","SC","MEAC","H","W","82-72",0.283895640638759,0.0507325033248179,0.87694452176131,0.992556422425133,0.00744357757486747,10.5,"played",NA,NA,NA,360,"Q4"
"529",529,"South Carolina St.Samford11-7",2025-11-07,"nc","South Carolina St.","Samford","MEAC","SC","A","L","72-82",0.0507325033248179,0.283895640638759,0.789142831518436,0.904217121017145,-0.904217121017145,15.3,"played",NA,NA,NA,269,"Q4"
"530",530,"Southeast Missouri St.Missouri11-7",2025-11-07,"nc","Missouri","Southeast Missouri St.","SEC","OVC","H","W","89-84",0.837628198528992,0.215113414869716,0.87694452176131,0.962966020309848,0.0370339796901523,31.9,"played",NA,NA,NA,242,"Q4"
"531",531,"Southeast Missouri St.Missouri11-7",2025-11-07,"nc","Southeast Missouri St.","Missouri","OVC","SEC","A","L","84-89",0.215113414869716,0.837628198528992,0.789142831518436,0.42045174979891,-0.42045174979891,75.1,"played",NA,NA,NA,70,"Q1"
"532",532,"Southeastern LouisianaLouisiana11-7",2025-11-07,"nc","Louisiana","Southeastern Louisiana","SB","Slnd","H","W","58-52",0.233108569263396,0.210763265088124,0.87694452176131,0.963880666391084,0.0361193336089162,73.8,"played",NA,NA,NA,288,"Q4"
"533",533,"Southeastern LouisianaLouisiana11-7",2025-11-07,"nc","Southeastern Louisiana","Louisiana","Slnd","SB","A","L","52-58",0.210763265088124,0.233108569263396,0.789142831518436,0.924882092909863,-0.924882092909863,2.8,"played",NA,NA,NA,334,"Q4"
"534",534,"StonehillDePaul11-7",2025-11-07,"nc","DePaul","Stonehill","BE","NEC","H","W","72-64",0.723148523927946,0.0863616106872418,0.87694452176131,0.986909609419067,0.0130903905809331,38.6,"played",NA,NA,NA,337,"Q4"
"535",535,"StonehillDePaul11-7",2025-11-07,"nc","Stonehill","DePaul","NEC","BE","A","L","64-72",0.0863616106872418,0.723148523927946,0.789142831518436,0.588951567067976,-0.588951567067976,28.2,"played",NA,NA,NA,113,"Q2"
"536",536,"Tennessee TechCharlotte11-7",2025-11-07,"nc","Charlotte","Tennessee Tech","Amer","OVC","H","W","70-65",0.567723178537992,0.08709095231161,0.87694452176131,0.986790111553305,0.0132098884466947,38.4,"played",NA,NA,NA,331,"Q4"
"537",537,"Tennessee TechCharlotte11-7",2025-11-07,"nc","Tennessee Tech","Charlotte","OVC","Amer","A","L","65-70",0.08709095231161,0.567723178537992,0.789142831518436,0.740236588946491,-0.740236588946491,16.7,"played",NA,NA,NA,173,"Q3"
"538",538,"TroyFurman11-7",2025-11-07,"nc","Furman","Troy","SC","SB","H","L","61-64",0.548536258475982,0.574223488770011,0.87694452176131,0.840868495508097,-0.840868495508097,25.3,"played",NA,NA,NA,103,"Q3"
"539",539,"TroyFurman11-7",2025-11-07,"nc","Troy","Furman","SB","SC","A","W","64-61",0.574223488770011,0.548536258475982,0.789142831518436,0.754916473669213,0.245083526330787,82.8,"played",NA,NA,NA,189,"Q3"
"540",540,"UABN.C. State11-7",2025-11-07,"nc","N.C. State","UAB","ACC","Amer","H","W","94-70",0.928506150979041,0.524998488358512,0.87694452176131,0.865731238499826,0.134268761500174,93.1,"played",NA,NA,NA,122,"Q3"
"541",541,"UABN.C. State11-7",2025-11-07,"nc","UAB","N.C. State","Amer","ACC","A","L","70-94",0.524998488358512,0.928506150979041,0.789142831518436,0.223705894573487,-0.223705894573487,51.5,"played",NA,NA,NA,29,"Q1"
"542",542,"UMass LowellConnecticut11-7",2025-11-07,"nc","Connecticut","UMass Lowell","BE","AE","H","W","110-47",0.972195245967499,0.165007692678497,0.87694452176131,0.973018164018987,0.0269818359810133,100,"played",NA,NA,NA,319,"Q4"
"543",543,"UMass LowellConnecticut11-7",2025-11-07,"nc","UMass Lowell","Connecticut","AE","BE","A","L","47-110",0.165007692678497,0.972195245967499,0.789142831518436,0.0966876003580351,-0.0966876003580351,0.3,"played",NA,NA,NA,8,"Q1"
"544",544,"UMKCSouthern Illinois11-7",2025-11-07,"nc","Southern Illinois","UMKC","MVC","Sum","H","W","101-78",0.58926743721773,0.0841485058607757,0.87694452176131,0.987271223453189,0.0127287765468107,46.8,"played",NA,NA,NA,346,"Q4"
"545",545,"UMKCSouthern Illinois11-7",2025-11-07,"nc","UMKC","Southern Illinois","Sum","MVC","A","L","78-101",0.0841485058607757,0.58926743721773,0.789142831518436,0.722887195145564,-0.722887195145564,13,"played",NA,NA,NA,143,"Q3"
"546",546,"Utah St.VCU11-7",2025-11-07,"nc","Utah St.","VCU","MWC","A10","N","W","80-77",0.886014120583521,0.782095221007112,0.837778001870703,0.589976703040199,0.410023296959801,92.9,"played",NA,NA,NA,55,"Q2"
"547",547,"Utah St.VCU11-7",2025-11-07,"nc","VCU","Utah St.","A10","MWC","N","L","77-80",0.782095221007112,0.886014120583521,0.837778001870703,0.399182884998463,-0.399182884998463,67.9,"played",NA,NA,NA,25,"Q1"
"548",548,"Utah TechArizona11-7",2025-11-07,"nc","Arizona","Utah Tech","B12","WAC","H","W","93-67",0.977752465301565,0.326398450988887,0.87694452176131,0.936334401660849,0.0636655983391512,90.6,"played",NA,NA,NA,199,"Q4"
"549",549,"Utah TechArizona11-7",2025-11-07,"nc","Utah Tech","Arizona","WAC","B12","A","L","67-93",0.326398450988887,0.977752465301565,0.789142831518436,0.0784743366007909,-0.0784743366007909,68.9,"played",NA,NA,NA,3,"Q1"
"550",550,"ValparaisoKentucky11-7",2025-11-07,"nc","Kentucky","Valparaiso","SEC","MVC","H","W","107-59",0.894882969930619,0.458749949196083,0.87694452176131,0.893707567155318,0.106292432844682,99.8,"played",NA,NA,NA,171,"Q4"
"551",551,"ValparaisoKentucky11-7",2025-11-07,"nc","Valparaiso","Kentucky","MVC","SEC","A","L","59-107",0.458749949196083,0.894882969930619,0.789142831518436,0.305370611040222,-0.305370611040222,1.4,"played",NA,NA,NA,31,"Q1"
"552",552,"VMISouthern Indiana11-7",2025-11-07,"nc","Southern Indiana","VMI","OVC","SC","H","L","74-78",0.167812136503116,0.081180331096308,0.87694452176131,0.987753891098385,-0.987753891098385,7.9,"played",NA,NA,NA,353,"Q4"
"553",553,"VMISouthern Indiana11-7",2025-11-07,"nc","VMI","Southern Indiana","SC","OVC","A","W","78-74",0.081180331096308,0.167812136503116,0.789142831518436,0.94887383530995,0.05112616469005,17.3,"played",NA,NA,NA,338,"Q4"
"554",554,"WagnerSeton Hall11-7",2025-11-07,"nc","Seton Hall","Wagner","BE","NEC","H","W","68-61",0.873855128810157,0.136887136003035,0.87694452176131,0.978229684731794,0.0217703152682057,30.2,"played",NA,NA,NA,324,"Q4"
"555",555,"WagnerSeton Hall11-7",2025-11-07,"nc","Wagner","Seton Hall","NEC","BE","A","L","61-68",0.136887136003035,0.873855128810157,0.789142831518436,0.350756125662828,-0.350756125662828,71.8,"played",NA,NA,NA,45,"Q1"
"556",556,"Washington St.Davidson11-7",2025-11-07,"nc","Davidson","Washington St.","A10","WCC","H","W","85-69",0.692626171471865,0.483069117975872,0.87694452176131,0.884070838462682,0.115929161537318,95.8,"played",NA,NA,NA,156,"Q3"
"557",557,"Washington St.Davidson11-7",2025-11-07,"nc","Washington St.","Davidson","WCC","A10","A","L","69-85",0.483069117975872,0.692626171471865,0.789142831518436,0.624182848539627,-0.624182848539627,8.5,"played",NA,NA,NA,119,"Q2"
"558",558,"Western IllinoisIowa11-7",2025-11-07,"nc","Iowa","Western Illinois","B10","OVC","H","W","77-58",0.951016965997977,0.0596043465683944,0.87694452176131,0.991184425486864,0.0088155745131363,54.7,"played",NA,NA,NA,356,"Q4"
"559",559,"Western IllinoisIowa11-7",2025-11-07,"nc","Western Illinois","Iowa","OVC","B10","A","L","58-77",0.0596043465683944,0.951016965997977,0.789142831518436,0.161610786773865,-0.161610786773865,50.5,"played",NA,NA,NA,21,"Q1"
"560",560,"WinthropGeorge Mason11-7",2025-11-07,"nc","George Mason","Winthrop","A10","BSth","H","W","96-90",0.758834600748699,0.429719171865507,0.87694452176131,0.904374623248957,0.095625376751043,52,"played",NA,NA,NA,130,"Q3"
"561",561,"WinthropGeorge Mason11-7",2025-11-07,"nc","Winthrop","George Mason","BSth","A10","A","L","90-96",0.429719171865507,0.758834600748699,0.789142831518436,0.543257964252141,-0.543257964252141,68.6,"played",NA,NA,NA,63,"Q1"
"562",562,"YaleNavy11-7",2025-11-07,"nc","Navy","Yale","Pat","Ivy","H","L","68-97",0.465453988539404,0.697398462944221,0.87694452176131,0.755630003204374,-0.755630003204374,10.6,"played",NA,NA,NA,61,"Q2"
"563",563,"YaleNavy11-7",2025-11-07,"nc","Yale","Navy","Ivy","Pat","A","W","97-68",0.697398462944221,0.465453988539404,0.789142831518436,0.811252761824176,0.188747238175824,94.4,"played",NA,NA,NA,193,"Q3"
"564",564,"Youngstown St.Grand Canyon11-7",2025-11-07,"nc","Grand Canyon","Youngstown St.","MWC","Horz","H","L","81-90",0.843748589646882,0.38787784894262,0.87694452176131,0.918343480785251,-0.918343480785251,21.5,"played",NA,NA,NA,221,"Q4"
"565",565,"Youngstown St.Grand Canyon11-7",2025-11-07,"nc","Youngstown St.","Grand Canyon","Horz","MWC","A","W","90-81",0.38787784894262,0.843748589646882,0.789142831518436,0.409357541008259,0.590642458991741,92.6,"played",NA,NA,NA,86,"Q2"
"566",566,"JessupSacramento St.11-7",2025-11-07,"nond1","Sacramento St.","Jessup","BSky",NA,"H","W","76-86",NA,NA,NA,NA,0,NA,"played",NA,NA,NA,NA,NA
"567",567,"Trinity ChristianMiami OH11-7",2025-11-07,"nond1","Miami OH","Trinity Christian","MAC",NA,"H","W","49-129",NA,NA,NA,NA,0,NA,"played",NA,NA,NA,NA,NA
"568",568,"Calumet Col.Evansville11-7",2025-11-07,"nond1","Evansville","Calumet Col.","MVC",NA,"H","W","50-92",NA,NA,NA,NA,0,NA,"played",NA,NA,NA,NA,NA
"569",569,"MITHarvard11-7",2025-11-07,"nond1","Harvard","MIT","Ivy",NA,"H","W","50-79",NA,NA,NA,NA,0,NA,"played",NA,NA,NA,NA,NA
"570",570,"WhitmanIdaho11-7",2025-11-07,"nond1","Idaho","Whitman","BSky",NA,"H","W","49-94",NA,NA,NA,NA,0,NA,"played",NA,NA,NA,NA,NA
"571",571,"Wilmington DEDelaware11-7",2025-11-07,"nond1","Delaware","Wilmington DE","CUSA",NA,"H","L","62-71",NA,NA,NA,NA,-1,NA,"played",NA,NA,NA,NA,NA
"572",572,"Western New MexicoUTEP11-7",2025-11-07,"nond1","UTEP","Western New Mexico","CUSA",NA,"H","W","70-107",NA,NA,NA,NA,0,NA,"played",NA,NA,NA,NA,NA
"573",573,"HuntingdonWest Georgia11-7",2025-11-07,"nond1","West Georgia","Huntingdon","ASun",NA,"H","W","83-120",NA,NA,NA,NA,0,NA,"played",NA,NA,NA,NA,NA
"574",574,"Justice U.Northern Arizona11-7",2025-11-07,"nond1","Northern Arizona","Justice U.","BSky",NA,"H","W","55-87",NA,NA,NA,NA,0,NA,"played",NA,NA,NA,NA,NA
"575",575,"Colorado ChristianNorthern Colorado11-7",2025-11-07,"nond1","Northern Colorado","Colorado Christian","BSky",NA,"H","W","65-101",NA,NA,NA,NA,0,NA,"played",NA,NA,NA,NA,NA
"576",576,"Northwest IndianPortland St.11-7",2025-11-07,"nond1","Portland St.","Northwest Indian","BSky",NA,"H","W","74-122",NA,NA,NA,NA,0,NA,"played",NA,NA,NA,NA,NA
"577",577,"RowanPenn11-7",2025-11-07,"nond1","Penn","Rowan","Ivy",NA,"H","W","72-119",NA,NA,NA,NA,0,NA,"played",NA,NA,NA,NA,NA
"578",578,"West Va. WesleyanRadford11-7",2025-11-07,"nond1","Radford","West Va. Wesleyan","BSth",NA,"H","W","61-99",NA,NA,NA,NA,0,NA,"played",NA,NA,NA,NA,NA
"579",579,"Mt. St. Mary (NY)Fordham11-7",2025-11-07,"nond1","Fordham","Mt. St. Mary (NY)","A10",NA,"H","W","37-106",NA,NA,NA,NA,0,NA,"played",NA,NA,NA,NA,NA
"580",580,"Virginia-LynchburgCoastal Carolina11-7",2025-11-07,"nond1","Coastal Carolina","Virginia-Lynchburg","SB",NA,"H","W","44-121",NA,NA,NA,NA,0,NA,"played",NA,NA,NA,NA,NA
"581",581,"MansfieldBall St.11-7",2025-11-07,"nond1","Ball St.","Mansfield","MAC",NA,"H","W","54-84",NA,NA,NA,NA,0,NA,"played",NA,NA,NA,NA,NA
"582",582,"LaneNorth Alabama11-7",2025-11-07,"nond1","North Alabama","Lane","ASun",NA,"H","W","84-90",NA,NA,NA,NA,0,NA,"played",NA,NA,NA,NA,NA
"583",583,"Fort LauderdaleStetson11-7",2025-11-07,"nond1","Stetson","Fort Lauderdale","ASun",NA,"H","W","77-106",NA,NA,NA,NA,0,NA,"played",NA,NA,NA,NA,NA
"584",584,"Jarvis ChristianIncarnate Word11-7",2025-11-07,"nond1","Incarnate Word","Jarvis Christian","Slnd",NA,"H","W","60-104",NA,NA,NA,NA,0,NA,"played",NA,NA,NA,NA,NA
"585",585,"AlabamaSt. John's11-8",2025-11-08,"nc","Alabama","St. John's","SEC","BE","A","W","103-96",0.916668476253729,0.941505441293299,0.789142831518436,0.188653986484811,0.811346013515189,97.1,"played",NA,NA,NA,23,"Q1"
"586",586,"AlabamaSt. John's11-8",2025-11-08,"nc","St. John's","Alabama","BE","SEC","H","L","96-103",0.941505441293299,0.916668476253729,0.87694452176131,0.393145203996765,-0.393145203996765,84,"played",NA,NA,NA,19,"Q1"
"587",587,"AlbanyMassachusetts11-8",2025-11-08,"nc","Albany","Massachusetts","AE","MAC","A","L","62-83",0.187386733437233,0.572880082018046,0.789142831518436,0.736169735795053,-0.736169735795053,10.8,"played",NA,NA,NA,195,"Q3"
"588",588,"AlbanyMassachusetts11-8",2025-11-08,"nc","Massachusetts","Albany","MAC","AE","H","W","83-62",0.572880082018046,0.187386733437233,0.87694452176131,0.968656075522331,0.0313439244776691,71.9,"played",NA,NA,NA,309,"Q4"
"589",589,"Alcorn St.Minnesota11-8",2025-11-08,"nc","Alcorn St.","Minnesota","SWAC","B10","A","L","50-95",0.0996439667646336,0.837995134981792,0.789142831518436,0.419793884137052,-0.419793884137052,0.5,"played",NA,NA,NA,83,"Q2"
"590",590,"Alcorn St.Minnesota11-8",2025-11-08,"nc","Minnesota","Alcorn St.","B10","SWAC","H","W","95-50",0.837995134981792,0.0996439667646336,0.87694452176131,0.984707696986526,0.0152923030134736,99.1,"played",NA,NA,NA,351,"Q4"
"591",591,"Arkansas Pine BluffLoyola Marymount11-8",2025-11-08,"nc","Arkansas Pine Bluff","Loyola Marymount","SWAC","WCC","A","L","72-94",0.210499397365107,0.569167328627858,0.789142831518436,0.739103014549339,-0.739103014549339,13.2,"played",NA,NA,NA,170,"Q3"
"592",592,"Arkansas Pine BluffLoyola Marymount11-8",2025-11-08,"nc","Loyola Marymount","Arkansas Pine Bluff","WCC","SWAC","H","W","94-72",0.569167328627858,0.210499397365107,0.87694452176131,0.963935877536827,0.0360641224631731,69.9,"played",NA,NA,NA,311,"Q4"
"593",593,"ArkansasMichigan St.11-8",2025-11-08,"nc","Arkansas","Michigan St.","SEC","B10","A","L","66-69",0.899851369198693,0.96316998011938,0.789142831518436,0.125192612565118,-0.125192612565118,93.9,"played",NA,NA,NA,11,"Q1"
"594",594,"ArkansasMichigan St.11-8",2025-11-08,"nc","Michigan St.","Arkansas","B10","SEC","H","W","69-66",0.96316998011938,0.899851369198693,0.87694452176131,0.442316531859976,0.557683468140024,93.9,"played",NA,NA,NA,20,"Q1"
"595",595,"ArmySt. Thomas11-8",2025-11-08,"nc","Army","St. Thomas","Pat","Sum","A","L","76-83",0.121286957424866,0.711266776860035,0.789142831518436,0.603057697731894,-0.603057697731894,27.1,"played",NA,NA,NA,116,"Q2"
"596",596,"ArmySt. Thomas11-8",2025-11-08,"nc","St. Thomas","Army","Sum","Pat","H","W","83-76",0.711266776860035,0.121286957424866,0.87694452176131,0.980999516370392,0.0190004836296076,47.8,"played",NA,NA,NA,320,"Q4"
"597",597,"Austin PeayAir Force11-8",2025-11-08,"nc","Air Force","Austin Peay","MWC","ASun","H","L","54-74",0.183685442633759,0.467994966707812,0.87694452176131,0.890123562109543,-0.890123562109543,3.7,"played",NA,NA,NA,149,"Q3"
"598",598,"Austin PeayAir Force11-8",2025-11-08,"nc","Austin Peay","Air Force","ASun","MWC","A","W","74-54",0.467994966707812,0.183685442633759,0.789142831518436,0.943285622791657,0.0567143772083434,83.7,"played",NA,NA,NA,336,"Q4"
"599",599,"BellarmineKansas St.11-8",2025-11-08,"nc","Bellarmine","Kansas St.","ASun","B12","A","L","71-98",0.146521869965627,0.787642451679584,0.789142831518436,0.502248363029673,-0.502248363029673,16.3,"played",NA,NA,NA,82,"Q2"
"600",600,"BellarmineKansas St.11-8",2025-11-08,"nc","Kansas St.","Bellarmine","B12","ASun","H","W","98-71",0.787642451679584,0.146521869965627,0.87694452176131,0.976476566376086,0.0235234336239143,76.6,"played",NA,NA,NA,291,"Q4"
"601",601,"Cal PolySeattle11-8",2025-11-08,"nc","Cal Poly","Seattle","BW","WCC","A","W","73-71",0.22558726115521,0.74544303723052,0.789142831518436,0.561022355526039,0.438977644473961,71.1,"played",NA,NA,NA,114,"Q2"
"602",602,"Cal PolySeattle11-8",2025-11-08,"nc","Seattle","Cal Poly","WCC","BW","H","L","71-73",0.74544303723052,0.22558726115521,0.87694452176131,0.960729012486904,-0.960729012486904,25.7,"played",NA,NA,NA,257,"Q4"
"603",603,"Cal St. FullertonWyoming11-8",2025-11-08,"nc","Cal St. Fullerton","Wyoming","BW","MWC","A","L","82-92",0.331925225797259,0.76314542480965,0.789142831518436,0.53737119837597,-0.53737119837597,54.2,"played",NA,NA,NA,100,"Q2"
"604",604,"Cal St. FullertonWyoming11-8",2025-11-08,"nc","Wyoming","Cal St. Fullerton","MWC","BW","H","W","92-82",0.76314542480965,0.331925225797259,0.87694452176131,0.934825940311833,0.0651740596881669,57.5,"played",NA,NA,NA,200,"Q4"
"605",605,"CanisiusSt. Bonaventure11-8",2025-11-08,"nc","Canisius","St. Bonaventure","MAAC","A10","A","L","70-89",0.0962828763969484,0.588463345654528,0.789142831518436,0.723552025588615,-0.723552025588615,11.2,"played",NA,NA,NA,144,"Q3"
"606",606,"CanisiusSt. Bonaventure11-8",2025-11-08,"nc","St. Bonaventure","Canisius","A10","MAAC","H","W","89-70",0.588463345654528,0.0962828763969484,0.87694452176131,0.985270070495874,0.0147299295041264,54.8,"played",NA,NA,NA,342,"Q4"
"607",607,"Central MichiganBradley11-8",2025-11-08,"nc","Bradley","Central Michigan","MVC","MAC","H","W","85-54",0.630393603174275,0.143586134959525,0.87694452176131,0.977014256827904,0.0229857431720957,91.3,"played",NA,NA,NA,329,"Q4"
"608",608,"Central MichiganBradley11-8",2025-11-08,"nc","Central Michigan","Bradley","MAC","MVC","A","L","54-85",0.143586134959525,0.630393603174275,0.789142831518436,0.686941833214128,-0.686941833214128,2.7,"played",NA,NA,NA,124,"Q2"
"609",609,"CharlestonFlorida Atlantic11-8",2025-11-08,"nc","Charleston","Florida Atlantic","CAA","Amer","N","L","77-94",0.440586090196801,0.736180651695224,0.837778001870703,0.64921181114253,-0.64921181114253,15.2,"played",NA,NA,NA,91,"Q2"
"610",610,"CharlestonFlorida Atlantic11-8",2025-11-08,"nc","Florida Atlantic","Charleston","Amer","CAA","N","W","94-77",0.736180651695224,0.440586090196801,0.837778001870703,0.8676767193058,0.132323280694201,92.5,"played",NA,NA,NA,175,"Q3"
"611",611,"ChattanoogaUNLV11-8",2025-11-08,"nc","Chattanooga","UNLV","SC","MWC","A","L","69-101",0.193922737600882,0.708634239033289,0.789142831518436,0.606113922037165,-0.606113922037165,11.1,"played",NA,NA,NA,127,"Q2"
"612",612,"ChattanoogaUNLV11-8",2025-11-08,"nc","UNLV","Chattanooga","MWC","SC","H","W","101-69",0.708634239033289,0.193922737600882,0.87694452176131,0.967344083601197,0.0326559163988029,82.4,"played",NA,NA,NA,280,"Q4"
"613",613,"Delaware St.Syracuse11-8",2025-11-08,"nc","Delaware St.","Syracuse","MEAC","ACC","A","L","43-83",0.0497573037483458,0.839475742553748,0.789142831518436,0.417130023189949,-0.417130023189949,0.9,"played",NA,NA,NA,77,"Q2"
"614",614,"Delaware St.Syracuse11-8",2025-11-08,"nc","Syracuse","Delaware St.","ACC","MEAC","H","W","83-43",0.839475742553748,0.0497573037483458,0.87694452176131,0.99270589963853,0.00729410036147027,96.7,"played",NA,NA,NA,358,"Q4"
"615",615,"DrexelSaint Joseph's11-8",2025-11-08,"nc","Drexel","Saint Joseph's","CAA","A10","A","L","65-76",0.350598890322103,0.600718255311877,0.789142831518436,0.713267667429442,-0.713267667429442,38.6,"played",NA,NA,NA,192,"Q3"
"616",616,"DrexelSaint Joseph's11-8",2025-11-08,"nc","Saint Joseph's","Drexel","A10","CAA","H","W","76-65",0.600718255311877,0.350598890322103,0.87694452176131,0.929577423313673,0.0704225766863269,56.4,"played",NA,NA,NA,211,"Q4"
"617",617,"East CarolinaRichmond11-8",2025-11-08,"nc","East Carolina","Richmond","Amer","A10","A","L","72-87",0.157608291479868,0.660447080764919,0.789142831518436,0.658019120873694,-0.658019120873694,17.7,"played",NA,NA,NA,126,"Q2"
"618",618,"East CarolinaRichmond11-8",2025-11-08,"nc","Richmond","East Carolina","A10","Amer","H","W","87-72",0.660447080764919,0.157608291479868,0.87694452176131,0.974417735158404,0.0255822648415964,62.8,"played",NA,NA,NA,299,"Q4"
"619",619,"East Tennessee St.Presbyterian11-8",2025-11-08,"nc","East Tennessee St.","Presbyterian","SC","BSth","A","L","64-68",0.448888433472161,0.33833969804482,0.789142831518436,0.879792664762907,-0.879792664762907,19.9,"played",NA,NA,NA,258,"Q4"
"620",620,"East Tennessee St.Presbyterian11-8",2025-11-08,"nc","Presbyterian","East Tennessee St.","BSth","SC","H","W","68-64",0.33833969804482,0.448888433472161,0.87694452176131,0.897428314939119,0.102571685060881,62.7,"played",NA,NA,NA,129,"Q3"
"621",621,"Eastern WashingtonColorado11-8",2025-11-08,"nc","Colorado","Eastern Washington","B12","BSky","H","W","102-97",0.772290823716488,0.310791476526984,0.87694452176131,0.940488514720462,0.0595114852795378,41.1,"played",NA,NA,NA,254,"Q4"
"622",622,"Eastern WashingtonColorado11-8",2025-11-08,"nc","Eastern Washington","Colorado","BSky","B12","A","L","97-102",0.310791476526984,0.772290823716488,0.789142831518436,0.524598733389019,-0.524598733389019,68.7,"played",NA,NA,NA,78,"Q2"
"623",623,"ElonUNC Greensboro11-8",2025-11-08,"nc","Elon","UNC Greensboro","CAA","SC","A","W","92-90",0.417238728194965,0.281789356639244,0.789142831518436,0.9051126855927,0.0948873144073005,32.3,"played",NA,NA,NA,295,"Q4"
"624",624,"ElonUNC Greensboro11-8",2025-11-08,"nc","UNC Greensboro","Elon","SC","CAA","H","L","90-92",0.281789356639244,0.417238728194965,0.87694452176131,0.908705250541613,-0.908705250541613,37,"played",NA,NA,NA,168,"Q4"
"625",625,"FairfieldNJIT11-8",2025-11-08,"nc","Fairfield","NJIT","MAAC","AE","A","W","74-53",0.22489171654641,0.187927329168802,0.789142831518436,0.941766734177816,0.0582332658221836,72.5,"played",NA,NA,NA,332,"Q4"
"626",626,"FairfieldNJIT11-8",2025-11-08,"nc","NJIT","Fairfield","AE","MAAC","H","L","53-74",0.187927329168802,0.22489171654641,0.87694452176131,0.960879115225298,-0.960879115225298,2.5,"played",NA,NA,NA,248,"Q4"
"627",627,"Fairleigh DickinsonSaint Peter's11-8",2025-11-08,"nc","Fairleigh Dickinson","Saint Peter's","NEC","MAAC","A","L","83-93",0.105857899301199,0.464125461254959,0.789142831518436,0.812069164133623,-0.812069164133623,17.2,"played",NA,NA,NA,223,"Q3"
"628",628,"Fairleigh DickinsonSaint Peter's11-8",2025-11-08,"nc","Saint Peter's","Fairleigh Dickinson","MAAC","NEC","H","W","93-83",0.464125461254959,0.105857899301199,0.87694452176131,0.983658574348393,0.0163414256516066,33.1,"played",NA,NA,NA,339,"Q4"
"629",629,"FIUNebraska11-8",2025-11-08,"nc","FIU","Nebraska","CUSA","B10","A","L","66-96",0.408547275216062,0.960111303481749,0.789142831518436,0.134564422606148,-0.134564422606148,27.6,"played",NA,NA,NA,7,"Q1"
"630",630,"FIUNebraska11-8",2025-11-08,"nc","Nebraska","FIU","B10","CUSA","H","W","96-66",0.960111303481749,0.408547275216062,0.87694452176131,0.911636516667524,0.0883634833324762,97.8,"played",NA,NA,NA,198,"Q4"
"631",631,"George WashingtonSouth Florida11-8",2025-11-08,"nc","George Washington","South Florida","A10","Amer","N","W","99-95",0.750489645507637,0.776813075445591,0.837778001870703,0.597388912377917,0.402611087622083,83.1,"played",NA,NA,NA,66,"Q2"
"632",632,"George WashingtonSouth Florida11-8",2025-11-08,"nc","South Florida","George Washington","Amer","A10","N","L","95-99",0.776813075445591,0.750489645507637,0.837778001870703,0.631943133406867,-0.631943133406867,68,"played",NA,NA,NA,75,"Q2"
"633",633,"Holy CrossBYU11-8",2025-11-08,"nc","BYU","Holy Cross","B12","Pat","H","W","98-53",0.943249231571529,0.118107022625567,0.87694452176131,0.981553972347959,0.0184460276520411,98.9,"played",NA,NA,NA,314,"Q4"
"634",634,"Holy CrossBYU11-8",2025-11-08,"nc","Holy Cross","BYU","Pat","B12","A","L","53-98",0.118107022625567,0.943249231571529,0.789142831518436,0.183787432026584,-0.183787432026584,2.3,"played",NA,NA,NA,12,"Q1"
"635",635,"Houston ChristianUC San Diego11-8",2025-11-08,"nc","Houston Christian","UC San Diego","Slnd","BW","A","L","60-78",0.166904500846973,0.734201130187246,0.789142831518436,0.575352440331897,-0.575352440331897,14.6,"played",NA,NA,NA,98,"Q2"
"636",636,"Houston ChristianUC San Diego11-8",2025-11-08,"nc","UC San Diego","Houston Christian","BW","Slnd","H","W","78-60",0.734201130187246,0.166904500846973,0.87694452176131,0.972656041762217,0.0273439582377828,76.4,"played",NA,NA,NA,297,"Q4"
"637",637,"IU IndyButler11-8",2025-11-08,"nc","Butler","IU Indy","BE","Horz","H","W","112-80",0.858613464070704,0.178820401046325,0.87694452176131,0.970349240873804,0.0296507591261961,76,"played",NA,NA,NA,310,"Q4"
"638",638,"IU IndyButler11-8",2025-11-08,"nc","IU Indy","Butler","Horz","BE","A","L","80-112",0.178820401046325,0.858613464070704,0.789142831518436,0.381295065510961,-0.381295065510961,29.4,"played",NA,NA,NA,48,"Q1"
"639",639,"Kennesaw St.Florida A&M11-8",2025-11-08,"nc","Florida A&M","Kennesaw St.","SWAC","CUSA","H","L","72-92",0.313122465804659,0.417773718358861,0.87694452176131,0.908522587405783,-0.908522587405783,6.9,"played",NA,NA,NA,159,"Q3"
"640",640,"Kennesaw St.Florida A&M11-8",2025-11-08,"nc","Kennesaw St.","Florida A&M","CUSA","SWAC","A","W","92-72",0.417773718358861,0.313122465804659,0.789142831518436,0.89141995383216,0.10858004616784,81.5,"played",NA,NA,NA,307,"Q4"
"641",641,"LafayetteTexas11-8",2025-11-08,"nc","Lafayette","Texas","Pat","SEC","A","L","60-97",0.147463233359836,0.887271095950039,0.789142831518436,0.322261464403328,-0.322261464403328,7.8,"played",NA,NA,NA,43,"Q1"
"642",642,"LafayetteTexas11-8",2025-11-08,"nc","Texas","Lafayette","SEC","Pat","H","W","97-60",0.887271095950039,0.147463233359836,0.87694452176131,0.976303494184094,0.023696505815906,94.2,"played",NA,NA,NA,328,"Q4"
"643",643,"Long Beach St.Fresno St.11-8",2025-11-08,"nc","Fresno St.","Long Beach St.","MWC","BW","H","W","82-62",0.639155744766348,0.276270766068189,0.87694452176131,0.949157607123227,0.0508423928767727,83.9,"played",NA,NA,NA,240,"Q4"
"644",644,"Long Beach St.Fresno St.11-8",2025-11-08,"nc","Long Beach St.","Fresno St.","BW","MWC","A","L","62-82",0.276270766068189,0.639155744766348,0.789142831518436,0.678756847319588,-0.678756847319588,11.5,"played",NA,NA,NA,139,"Q3"
"645",645,"MaineStony Brook11-8",2025-11-08,"nc","Maine","Stony Brook","AE","CAA","A","L","60-71",0.0653376419463159,0.460531374139957,0.789142831518436,0.814265765425597,-0.814265765425597,11.3,"played",NA,NA,NA,234,"Q3"
"646",646,"MaineStony Brook11-8",2025-11-08,"nc","Stony Brook","Maine","CAA","AE","H","W","71-60",0.460531374139957,0.0653376419463159,0.87694452176131,0.990285998285382,0.00971400171461845,32,"played",NA,NA,NA,343,"Q4"
"647",647,"MarshallToledo11-8",2025-11-08,"nc","Marshall","Toledo","SB","MAC","A","W","85-73",0.405108655210775,0.565070766531367,0.789142831518436,0.742307911949207,0.257692088050793,70.1,"played",NA,NA,NA,169,"Q3"
"648",648,"MarshallToledo11-8",2025-11-08,"nc","Toledo","Marshall","MAC","SB","H","L","73-85",0.565070766531367,0.405108655210775,0.87694452176131,0.912777664866289,-0.912777664866289,27.4,"played",NA,NA,NA,138,"Q3"
"649",649,"MilwaukeeWofford11-8",2025-11-08,"nc","Milwaukee","Wofford","Horz","SC","A","L","76-86",0.247415137782907,0.427054957226168,0.789142831518436,0.833916616644165,-0.833916616644165,7.5,"played",NA,NA,NA,225,"Q3"
"650",650,"MilwaukeeWofford11-8",2025-11-08,"nc","Wofford","Milwaukee","SC","Horz","H","W","86-76",0.427054957226168,0.247415137782907,0.87694452176131,0.955902572692459,0.0440974273075413,75.1,"played",NA,NA,NA,233,"Q4"
"651",651,"MonmouthLa Salle11-8",2025-11-08,"nc","La Salle","Monmouth","A10","CAA","H","W","73-60",0.503258861337018,0.318339421823734,0.87694452176131,0.938498639231933,0.0615013607680674,66.7,"played",NA,NA,NA,204,"Q4"
"652",652,"MonmouthLa Salle11-8",2025-11-08,"nc","Monmouth","La Salle","CAA","A10","A","L","60-73",0.318339421823734,0.503258861337018,0.789142831518436,0.786965573726056,-0.786965573726056,19.1,"played",NA,NA,NA,227,"Q3"
"653",653,"MontanaStanford11-8",2025-11-08,"nc","Montana","Stanford","BSky","ACC","A","L","68-91",0.47565609222007,0.825268926203313,0.789142831518436,0.442087360782368,-0.442087360782368,23.9,"played",NA,NA,NA,68,"Q1"
"654",654,"MontanaStanford11-8",2025-11-08,"nc","Stanford","Montana","ACC","BSky","H","W","91-68",0.825268926203313,0.47565609222007,0.87694452176131,0.887080556167823,0.112919443832177,93.2,"played",NA,NA,NA,163,"Q4"
"655",655,"NiagaraBinghamton11-8",2025-11-08,"nc","Binghamton","Niagara","AE","MAAC","H","L","59-67",0.0832959988038982,0.0710982537629475,0.87694452176131,0.989373790127263,-0.989373790127263,3.9,"played",NA,NA,NA,355,"Q4"
"656",656,"NiagaraBinghamton11-8",2025-11-08,"nc","Niagara","Binghamton","MAAC","AE","A","W","67-59",0.0710982537629475,0.0832959988038982,0.789142831518436,0.976296658657706,0.0237033413422945,14.7,"played",NA,NA,NA,362,"Q4"
"657",657,"Northern KentuckyTennessee11-8",2025-11-08,"nc","Northern Kentucky","Tennessee","Horz","SEC","A","L","56-95",0.406379079596688,0.951108153148531,0.789142831518436,0.161345502513521,-0.161345502513521,14.4,"played",NA,NA,NA,26,"Q1"
"658",658,"Northern KentuckyTennessee11-8",2025-11-08,"nc","Tennessee","Northern Kentucky","SEC","Horz","H","W","95-56",0.951108153148531,0.406379079596688,0.87694452176131,0.91235726676444,0.0876427332355595,98.8,"played",NA,NA,NA,177,"Q4"
"659",659,"OklahomaGonzaga11-8",2025-11-08,"nc","Gonzaga","Oklahoma","WCC","SEC","H","W","83-68",0.966086351861385,0.671721774627647,0.87694452176131,0.776923253027942,0.223076746972058,97,"played",NA,NA,NA,76,"Q3"
"660",660,"OklahomaGonzaga11-8",2025-11-08,"nc","Oklahoma","Gonzaga","SEC","WCC","A","L","68-83",0.671721774627647,0.966086351861385,0.789142831518436,0.116122856905454,-0.116122856905454,64.2,"played",NA,NA,NA,4,"Q1"
"661",661,"PacificNevada11-8",2025-11-08,"nc","Nevada","Pacific","MWC","WCC","H","W","78-77",0.843851415463164,0.522643024911776,0.87694452176131,0.866825148339616,0.133174851660384,60.1,"played",NA,NA,NA,110,"Q3"
"662",662,"PacificNevada11-8",2025-11-08,"nc","Pacific","Nevada","WCC","MWC","A","L","77-78",0.522643024911776,0.843851415463164,0.789142831518436,0.409168925081937,-0.409168925081937,79.7,"played",NA,NA,NA,65,"Q1"
"663",663,"Penn St.New Haven11-8",2025-11-08,"nc","New Haven","Penn St.","NEC","B10","H","L","43-87",0.189489062413694,0.48720277375858,0.87694452176131,0.882363892431686,-0.882363892431686,0.4,"played",NA,NA,NA,131,"Q3"
"664",664,"Penn St.New Haven11-8",2025-11-08,"nc","Penn St.","New Haven","B10","NEC","A","W","87-43",0.48720277375858,0.189489062413694,0.789142831518436,0.941204763963868,0.0587952360361323,98.3,"played",NA,NA,NA,326,"Q4"
"665",665,"Prairie View A&MWichita St.11-8",2025-11-08,"nc","Prairie View A&M","Wichita St.","SWAC","Amer","A","L","62-105",0.172466558867004,0.738904436061514,0.789142831518436,0.569419774868401,-0.569419774868401,3.3,"played",NA,NA,NA,95,"Q2"
"666",666,"Prairie View A&MWichita St.11-8",2025-11-08,"nc","Wichita St.","Prairie View A&M","Amer","SWAC","H","W","105-62",0.738904436061514,0.172466558867004,0.87694452176131,0.971586187483802,0.0284138125161976,94.5,"played",NA,NA,NA,296,"Q4"
"667",667,"PrincetonAkron11-8",2025-11-08,"nc","Akron","Princeton","MAC","Ivy","H","W","104-69",0.848029041448943,0.302269000525834,0.87694452176131,0.942693369093223,0.0573066309067766,95.8,"played",NA,NA,NA,239,"Q4"
"668",668,"PrincetonAkron11-8",2025-11-08,"nc","Princeton","Akron","Ivy","MAC","A","L","69-104",0.302269000525834,0.848029041448943,0.789142831518436,0.401442307127826,-0.401442307127826,9.5,"played",NA,NA,NA,54,"Q1"
"669",669,"ProvidenceVirginia Tech11-8",2025-11-08,"nc","Providence","Virginia Tech","BE","ACC","N","L","101-107",0.74766557249704,0.80898784676125,0.837778001870703,0.54942322362581,-0.54942322362581,75.7,"played",NA,NA,NA,51,"Q2"
"670",670,"ProvidenceVirginia Tech11-8",2025-11-08,"nc","Virginia Tech","Providence","ACC","BE","N","W","107-101",0.80898784676125,0.74766557249704,0.837778001870703,0.635430823679424,0.364569176320576,80.1,"played",NA,NA,NA,89,"Q2"
"671",671,"QueensVillanova11-8",2025-11-08,"nc","Queens","Villanova","ASun","BE","A","L","74-94",0.358618140773719,0.914034335117992,0.789142831518436,0.260349308981246,-0.260349308981246,41.5,"played",NA,NA,NA,33,"Q1"
"672",672,"QueensVillanova11-8",2025-11-08,"nc","Villanova","Queens","BE","ASun","H","W","94-74",0.914034335117992,0.358618140773719,0.87694452176131,0.927248717001686,0.0727512829983142,89.3,"played",NA,NA,NA,183,"Q4"
"673",673,"San FranciscoMemphis11-8",2025-11-08,"nc","Memphis","San Francisco","Amer","WCC","H","W","76-70",0.777847739912943,0.598637247467795,0.87694452176131,0.826929190551848,0.173070809448152,88.7,"played",NA,NA,NA,107,"Q3"
"674",674,"San FranciscoMemphis11-8",2025-11-08,"nc","San Francisco","Memphis","WCC","Amer","A","L","70-76",0.598637247467795,0.777847739912943,0.789142831518436,0.516643488894951,-0.516643488894951,40,"played",NA,NA,NA,112,"Q2"
"675",675,"San Jose St.UC Santa Barbara11-8",2025-11-08,"nc","San Jose St.","UC Santa Barbara","MWC","BW","A","L","74-85",0.280831199129306,0.641009132198243,0.789142831518436,0.677000142650276,-0.677000142650276,21.2,"played",NA,NA,NA,145,"Q3"
"676",676,"San Jose St.UC Santa Barbara11-8",2025-11-08,"nc","UC Santa Barbara","San Jose St.","BW","MWC","H","W","85-74",0.641009132198243,0.280831199129306,0.87694452176131,0.9480512429362,0.0519487570637999,72.1,"played",NA,NA,NA,259,"Q4"
"677",677,"Tennessee St.Belmont11-8",2025-11-08,"nc","Belmont","Tennessee St.","MVC","OVC","H","W","87-79",0.80633083929574,0.211923958515258,0.87694452176131,0.963637441578405,0.0363625584215946,48.6,"played",NA,NA,NA,229,"Q4"
"678",678,"Tennessee St.Belmont11-8",2025-11-08,"nc","Tennessee St.","Belmont","OVC","MVC","A","L","79-87",0.211923958515258,0.80633083929574,0.789142831518436,0.473381084368494,-0.473381084368494,54.2,"played",NA,NA,NA,64,"Q1"
"679",679,"Texas A&M Corpus ChrisTarleton St.11-8",2025-11-08,"nc","Tarleton St.","Texas A&M Corpus Chris","WAC","Slnd","H","W","85-77",0.559896594488506,0.415344559057257,0.87694452176131,0.909349881209777,0.0906501187902234,87.3,"played",NA,NA,NA,181,"Q4"
"680",680,"Texas A&M Corpus ChrisTarleton St.11-8",2025-11-08,"nc","Texas A&M Corpus Chris","Tarleton St.","Slnd","WAC","A","L","77-85",0.415344559057257,0.559896594488506,0.789142831518436,0.746309231111213,-0.746309231111213,11.6,"played",NA,NA,NA,185,"Q3"
"681",681,"Texas St.Tulane11-8",2025-11-08,"nc","Texas St.","Tulane","SB","Amer","A","L","71-79",0.245509808153534,0.499347286934666,0.789142831518436,0.789576940282949,-0.789576940282949,46.7,"played",NA,NA,NA,202,"Q3"
"682",682,"Texas St.Tulane11-8",2025-11-08,"nc","Tulane","Texas St.","Amer","SB","H","W","79-71",0.499347286934666,0.245509808153534,0.87694452176131,0.956333012725181,0.043666987274819,27,"played",NA,NA,NA,265,"Q4"
"683",683,"TowsonHouston11-8",2025-11-08,"nc","Houston","Towson","B12","CAA","H","W","65-48",0.978859960512281,0.35134538872408,0.87694452176131,0.929362589848566,0.0706374101514337,92.3,"played",NA,NA,NA,162,"Q4"
"684",684,"TowsonHouston11-8",2025-11-08,"nc","Towson","Houston","CAA","B12","A","L","48-65",0.35134538872408,0.978859960512281,0.789142831518436,0.0747819159995559,-0.0747819159995559,67.8,"played",NA,NA,NA,10,"Q1"
"685",685,"UMBCDayton11-8",2025-11-08,"nc","Dayton","UMBC","A10","AE","H","W","77-71",0.806502743818976,0.209748829553563,0.87694452176131,0.96409275773184,0.0359072422681594,41.3,"played",NA,NA,NA,274,"Q4"
"686",686,"UMBCDayton11-8",2025-11-08,"nc","UMBC","Dayton","AE","A10","A","L","71-77",0.209748829553563,0.806502743818976,0.789142831518436,0.473106576585408,-0.473106576585408,61.2,"played",NA,NA,NA,80,"Q2"
"687",687,"UNC AshevilleGeorgia Southern11-8",2025-11-08,"nc","Georgia Southern","UNC Asheville","SB","BSth","H","W","93-90",0.400249732677704,0.274453641199316,0.87694452176131,0.949595279565646,0.0504047204343535,30,"played",NA,NA,NA,232,"Q4"
"688",688,"UNC AshevilleGeorgia Southern11-8",2025-11-08,"nc","UNC Asheville","Georgia Southern","BSth","SB","A","L","90-93",0.274453641199316,0.400249732677704,0.789142831518436,0.848667878767697,-0.848667878767697,37.1,"played",NA,NA,NA,243,"Q4"
"689",689,"UT ArlingtonNew Mexico11-8",2025-11-08,"nc","New Mexico","UT Arlington","MWC","WAC","H","W","74-56",0.889177912187195,0.429835729480134,0.87694452176131,0.90433348387365,0.0956665161263495,94,"played",NA,NA,NA,123,"Q3"
"690",690,"UT ArlingtonNew Mexico11-8",2025-11-08,"nc","UT Arlington","New Mexico","WAC","MWC","A","L","56-74",0.429835729480134,0.889177912187195,0.789142831518436,0.318080985198017,-0.318080985198017,28,"played",NA,NA,NA,42,"Q1"
"691",691,"UT Rio Grande ValleySouthern Utah11-8",2025-11-08,"nc","Southern Utah","UT Rio Grande Valley","WAC","Slnd","H","L","72-95",0.331760954622987,0.397957356960562,0.87694452176131,0.915118069533995,-0.915118069533995,4.8,"played",NA,NA,NA,194,"Q4"
"692",692,"UT Rio Grande ValleySouthern Utah11-8",2025-11-08,"nc","UT Rio Grande Valley","Southern Utah","Slnd","WAC","A","W","95-72",0.397957356960562,0.331760954622987,0.789142831518436,0.882880763427249,0.117119236572751,86.6,"played",NA,NA,NA,294,"Q4"
"693",693,"Utah ValleyBoise St.11-8",2025-11-08,"nc","Boise St.","Utah Valley","MWC","WAC","H","W","101-77",0.83001126375618,0.65875856803625,0.87694452176131,0.786850012957824,0.213149987042176,96.5,"played",NA,NA,NA,96,"Q3"
"694",694,"Utah ValleyBoise St.11-8",2025-11-08,"nc","Utah Valley","Boise St.","WAC","MWC","A","L","77-101",0.65875856803625,0.83001126375618,0.789142831518436,0.433903907888668,-0.433903907888668,25.6,"played",NA,NA,NA,71,"Q1"
"695",695,"VanderbiltUCF11-8",2025-11-08,"nc","UCF","Vanderbilt","B12","SEC","H","L","93-105",0.866736847529921,0.928124167770446,0.87694452176131,0.355622029564161,-0.355622029564161,65.9,"played",NA,NA,NA,16,"Q1"
"696",696,"VanderbiltUCF11-8",2025-11-08,"nc","Vanderbilt","UCF","SEC","B12","A","W","105-93",0.928124167770446,0.866736847529921,0.789142831518436,0.365251362941497,0.634748637058503,97.8,"played",NA,NA,NA,39,"Q1"
"697",697,"Weber St.Utah11-8",2025-11-08,"nc","Utah","Weber St.","B12","BSky","H","W","92-89",0.735923022179889,0.362300900236987,0.87694452176131,0.926163657167391,0.073836342832609,36.7,"played",NA,NA,NA,190,"Q4"
"698",698,"Weber St.Utah11-8",2025-11-08,"nc","Weber St.","Utah","BSky","B12","A","L","89-92",0.362300900236987,0.735923022179889,0.789142831518436,0.573190776567456,-0.573190776567456,73.2,"played",NA,NA,NA,117,"Q2"
"699",699,"Western CarolinaDuke11-8",2025-11-08,"nc","Duke","Western Carolina","ACC","SC","H","W","95-54",0.967169328775528,0.189337564487005,0.87694452176131,0.968266322969144,0.0317336770308555,98.4,"played",NA,NA,NA,289,"Q4"
"700",700,"Western CarolinaDuke11-8",2025-11-08,"nc","Western Carolina","Duke","SC","ACC","A","L","54-95",0.189337564487005,0.967169328775528,0.789142831518436,0.1127209681814,-0.1127209681814,10.2,"played",NA,NA,NA,2,"Q1"
"701",701,"William & MaryNorfolk St.11-8",2025-11-08,"nc","Norfolk St.","William & Mary","MEAC","CAA","H","L","78-81",0.214099252585284,0.532570409595156,0.87694452176131,0.862159378953457,-0.862159378953457,54.8,"played",NA,NA,NA,108,"Q3"
"702",702,"William & MaryNorfolk St.11-8",2025-11-08,"nc","William & Mary","Norfolk St.","CAA","MEAC","A","W","81-78",0.532570409595156,0.214099252585284,0.789142831518436,0.932147647195999,0.0678523528040014,20.4,"played",NA,NA,NA,303,"Q4"
"703",703,"Northwestern Okla.Missouri St.11-8",2025-11-08,"nond1","Missouri St.","Northwestern Okla.","CUSA",NA,"H","W","57-106",NA,NA,NA,NA,0,NA,"played",NA,NA,NA,NA,NA
"704",704,"Spring HillSouth Alabama11-8",2025-11-08,"nond1","South Alabama","Spring Hill","SB",NA,"H","W","50-99",NA,NA,NA,NA,0,NA,"played",NA,NA,NA,NA,NA
"705",705,"Penn St.-New Kens.Mercyhurst11-8",2025-11-08,"nond1","Mercyhurst","Penn St.-New Kens.","NEC",NA,"H","W","43-94",NA,NA,NA,NA,0,NA,"played",NA,NA,NA,NA,NA
"706",706,"Champion Chris.Central Arkansas11-8",2025-11-08,"nond1","Central Arkansas","Champion Chris.","ASun",NA,"H","W","63-110",NA,NA,NA,NA,0,NA,"played",NA,NA,NA,NA,NA
"707",707,"Southern Va.USC Upstate11-8",2025-11-08,"nond1","USC Upstate","Southern Va.","BSth",NA,"H","W","46-105",NA,NA,NA,NA,0,NA,"played",NA,NA,NA,NA,NA
"708",708,"John BrownOral Roberts11-8",2025-11-08,"nond1","Oral Roberts","John Brown","Sum",NA,"H","W","50-84",NA,NA,NA,NA,0,NA,"played",NA,NA,NA,NA,NA
"709",709,"AverettHigh Point11-8",2025-11-08,"nond1","High Point","Averett","BSth",NA,"H","W","52-127",NA,NA,NA,NA,0,NA,"played",NA,NA,NA,NA,NA
"710",710,"WebsterMiddle Tennessee11-8",2025-11-08,"nond1","Middle Tennessee","Webster","CUSA",NA,"H","W","56-109",NA,NA,NA,NA,0,NA,"played",NA,NA,NA,NA,NA
"711",711,"CheyneyMaryland Eastern Shore11-8",2025-11-08,"nond1","Maryland Eastern Shore","Cheyney","MEAC",NA,"H","W","59-104",NA,NA,NA,NA,0,NA,"played",NA,NA,NA,NA,NA
"712",712,"Cal St. NorthridgeNorth Dakota11-9",2025-11-09,"nc","Cal St. Northridge","North Dakota","BW","Sum","A","W","93-85",0.385010418560885,0.343317996272495,0.789142831518436,0.877429380407867,0.122570619592133,55.3,"played",NA,NA,NA,282,"Q4"
"713",713,"Cal St. NorthridgeNorth Dakota11-9",2025-11-09,"nc","North Dakota","Cal St. Northridge","Sum","BW","H","L","85-93",0.343317996272495,0.385010418560885,0.87694452176131,0.91924578431368,-0.91924578431368,20.9,"played",NA,NA,NA,209,"Q4"
"714",714,"Coppin St.James Madison11-9",2025-11-09,"nc","Coppin St.","James Madison","MEAC","SB","A","L","70-84",0.0259808577725411,0.385748212158963,0.789142831518436,0.85631149644305,-0.85631149644305,4.7,"played",NA,NA,NA,244,"Q4"
"715",715,"Coppin St.James Madison11-9",2025-11-09,"nc","James Madison","Coppin St.","SB","MEAC","H","W","84-70",0.385748212158963,0.0259808577725411,0.87694452176131,0.996271000581672,0.00372899941832849,25.2,"played",NA,NA,NA,364,"Q4"
"716",716,"CornellIllinois St.11-9",2025-11-09,"nc","Cornell","Illinois St.","Ivy","MVC","A","L","65-76",0.377743777487108,0.816126473444108,0.789142831518436,0.457464356306282,-0.457464356306282,52.6,"played",NA,NA,NA,79,"Q2"
"717",717,"CornellIllinois St.11-9",2025-11-09,"nc","Illinois St.","Cornell","MVC","Ivy","H","W","76-65",0.816126473444108,0.377743777487108,0.87694452176131,0.921502900364643,0.0784970996353572,70.9,"played",NA,NA,NA,188,"Q4"
"718",718,"DenverMontana St.11-9",2025-11-09,"nc","Denver","Montana St.","Sum","BSky","A","W","75-73",0.263838573314094,0.671913057281984,0.789142831518436,0.64632316760184,0.35367683239816,66.7,"played",NA,NA,NA,134,"Q2"
"719",719,"DenverMontana St.11-9",2025-11-09,"nc","Montana St.","Denver","BSky","Sum","H","L","73-75",0.671913057281984,0.263838573314094,0.87694452176131,0.952116681640977,-0.952116681640977,26.8,"played",NA,NA,NA,251,"Q4"
"720",720,"East Texas A&MHawaii11-9",2025-11-09,"nc","East Texas A&M","Hawaii","Slnd","BW","A","L","74-100",0.215264103557443,0.782563869210565,0.789142831518436,0.50977274777129,-0.50977274777129,14,"played",NA,NA,NA,97,"Q2"
"721",721,"East Texas A&MHawaii11-9",2025-11-09,"nc","Hawaii","East Texas A&M","BW","Slnd","H","W","100-74",0.782563869210565,0.215264103557443,0.87694452176131,0.962934186645948,0.0370658133540517,85.9,"played",NA,NA,NA,277,"Q4"
"722",722,"Florida AtlanticLiberty11-9",2025-11-09,"nc","Florida Atlantic","Liberty","Amer","CUSA","A","L","68-88",0.669116075241684,0.754201371304044,0.789142831518436,0.549492294681649,-0.549492294681649,12.1,"played",NA,NA,NA,84,"Q2"
"723",723,"Florida AtlanticLiberty11-9",2025-11-09,"nc","Liberty","Florida Atlantic","CUSA","Amer","H","W","88-68",0.754201371304044,0.669116075241684,0.87694452176131,0.778960430736667,0.221039569263333,97.8,"played",NA,NA,NA,91,"Q3"
"724",724,"Grambling St.Howard11-9",2025-11-09,"nc","Grambling St.","Howard","SWAC","MEAC","A","W","73-70",0.233559697555641,0.366972280657132,0.789142831518436,0.865878007408998,0.134121992591002,45.3,"played",NA,NA,NA,252,"Q4"
"725",725,"Grambling St.Howard11-9",2025-11-09,"nc","Howard","Grambling St.","MEAC","SWAC","H","L","70-73",0.366972280657132,0.233559697555641,0.87694452176131,0.958992470941088,-0.958992470941088,17.6,"played",NA,NA,NA,266,"Q4"
"726",726,"Idaho St.San Diego St.11-9",2025-11-09,"nc","Idaho St.","San Diego St.","BSky","MWC","A","L","57-73",0.328595781865349,0.88804009035819,0.789142831518436,0.320579556111625,-0.320579556111625,29,"played",NA,NA,NA,52,"Q1"
"727",727,"Idaho St.San Diego St.11-9",2025-11-09,"nc","San Diego St.","Idaho St.","MWC","BSky","H","W","73-57",0.88804009035819,0.328595781865349,0.87694452176131,0.935737061162961,0.0642629388370387,90.5,"played",NA,NA,NA,174,"Q4"
"728",728,"IndianaMarquette11-9",2025-11-09,"nc","Indiana","Marquette","B10","BE","N","W","100-77",0.904697973680555,0.605565637546833,0.837778001870703,0.77084296778911,0.22915703221089,95,"played",NA,NA,NA,142,"Q3"
"729",729,"IndianaMarquette11-9",2025-11-09,"nc","Marquette","Indiana","BE","B10","N","L","77-100",0.605565637546833,0.904697973680555,0.837778001870703,0.352341496898701,-0.352341496898701,43.3,"played",NA,NA,NA,38,"Q1"
"730",730,"Le MoyneBowling Green11-9",2025-11-09,"nc","Bowling Green","Le Moyne","MAC","NEC","H","W","83-60",0.717673284740088,0.233859733605385,0.87694452176131,0.958926535914673,0.0410734640853271,76.6,"played",NA,NA,NA,263,"Q4"
"731",731,"Le MoyneBowling Green11-9",2025-11-09,"nc","Le Moyne","Bowling Green","NEC","MAC","A","L","60-83",0.233859733605385,0.717673284740088,0.789142831518436,0.595516196130015,-0.595516196130015,19.2,"played",NA,NA,NA,101,"Q2"
"732",732,"LehighWest Virginia11-9",2025-11-09,"nc","Lehigh","West Virginia","Pat","B12","A","L","47-69",0.155993773443698,0.87123425331909,0.789142831518436,0.356141766264973,-0.356141766264973,3.7,"played",NA,NA,NA,59,"Q1"
"733",733,"LehighWest Virginia11-9",2025-11-09,"nc","West Virginia","Lehigh","B12","Pat","H","W","69-47",0.87123425331909,0.155993773443698,0.87694452176131,0.974720382753838,0.0252796172461617,97,"played",NA,NA,NA,298,"Q4"
"734",734,"LipscombMercer11-9",2025-11-09,"nc","Lipscomb","Mercer","ASun","SC","A","L","77-92",0.400063738169319,0.653833270716202,0.789142831518436,0.664593982193898,-0.664593982193898,23.2,"played",NA,NA,NA,125,"Q2"
"735",735,"LipscombMercer11-9",2025-11-09,"nc","Mercer","Lipscomb","SC","ASun","H","W","92-77",0.653833270716202,0.400063738169319,0.87694452176131,0.914433271367804,0.0855667286321963,80.7,"played",NA,NA,NA,160,"Q3"
"736",736,"Loyola ChicagoNorth Texas11-9",2025-11-09,"nc","Loyola Chicago","North Texas","A10","Amer","N","L","62-64",0.227740076694746,0.535417123516586,0.837778001870703,0.817556763658188,-0.817556763658188,34.4,"played",NA,NA,NA,147,"Q3"
"737",737,"Loyola ChicagoNorth Texas11-9",2025-11-09,"nc","North Texas","Loyola Chicago","Amer","A10","N","W","64-62",0.535417123516586,0.227740076694746,0.837778001870703,0.945981866913749,0.054018133086251,39.4,"played",NA,NA,NA,315,"Q4"
"738",738,"ManhattanUSC11-9",2025-11-09,"nc","Manhattan","USC","MAAC","B10","A","L","83-114",0.115503480599443,0.850928400566256,0.789142831518436,0.396005997866024,-0.396005997866024,24.2,"played",NA,NA,NA,56,"Q1"
"739",739,"ManhattanUSC11-9",2025-11-09,"nc","USC","Manhattan","B10","MAAC","H","W","114-83",0.850928400566256,0.115503480599443,0.87694452176131,0.982005422167543,0.0179945778324567,70,"played",NA,NA,NA,330,"Q4"
"740",740,"MaristDartmouth11-9",2025-11-09,"nc","Dartmouth","Marist","Ivy","MAAC","H","L","56-75",0.465558838117583,0.444102896546951,0.87694452176131,0.899197121104733,-0.899197121104733,4.8,"played",NA,NA,NA,150,"Q3"
"741",741,"MaristDartmouth11-9",2025-11-09,"nc","Marist","Dartmouth","MAAC","Ivy","A","W","75-56",0.444102896546951,0.465558838117583,0.789142831518436,0.811188227275576,0.188811772724424,93.3,"played",NA,NA,NA,222,"Q3"
"742",742,"Morehead St.Georgia11-9",2025-11-09,"nc","Georgia","Morehead St.","SEC","OVC","H","W","120-81",0.91600808149171,0.163264947729151,0.87694452176131,0.973349662894276,0.0266503371057238,88.5,"played",NA,NA,NA,286,"Q4"
"743",743,"Morehead St.Georgia11-9",2025-11-09,"nc","Morehead St.","Georgia","OVC","SEC","A","L","81-120",0.163264947729151,0.91600808149171,0.789142831518436,0.255490906957154,-0.255490906957154,21.6,"played",NA,NA,NA,24,"Q1"
"744",744,"Nebraska OmahaColorado St.11-9",2025-11-09,"nc","Colorado St.","Nebraska Omaha","MWC","Sum","H","W","97-74",0.761948848530048,0.245482919288472,0.87694452176131,0.956339074498325,0.0436609255016746,76,"played",NA,NA,NA,281,"Q4"
"745",745,"Nebraska OmahaColorado St.11-9",2025-11-09,"nc","Nebraska Omaha","Colorado St.","Sum","MWC","A","L","74-97",0.245482919288472,0.761948848530048,0.789142831518436,0.539013660019678,-0.539013660019678,24.8,"played",NA,NA,NA,92,"Q2"
"746",746,"New HampshireHarvard11-9",2025-11-09,"nc","Harvard","New Hampshire","Ivy","AE","H","W","86-75",0.510633319046039,0.179474847733072,0.87694452176131,0.970220927546977,0.0297790724530229,23,"played",NA,NA,NA,323,"Q4"
"747",747,"New HampshireHarvard11-9",2025-11-09,"nc","New Hampshire","Harvard","AE","Ivy","A","L","75-86",0.179474847733072,0.510633319046039,0.789142831518436,0.781977323713595,-0.781977323713595,43.3,"played",NA,NA,NA,182,"Q3"
"748",748,"North Carolina CentralAppalachian St.11-9",2025-11-09,"nc","Appalachian St.","North Carolina Central","SB","MEAC","H","W","76-54",0.475354481792086,0.082756424692227,0.87694452176131,0.987497925961696,0.0125020740383036,87.5,"played",NA,NA,NA,344,"Q4"
"749",749,"North Carolina CentralAppalachian St.11-9",2025-11-09,"nc","North Carolina Central","Appalachian St.","MEAC","SB","A","L","54-76",0.082756424692227,0.475354481792086,0.789142831518436,0.805091918259702,-0.805091918259702,1.2,"played",NA,NA,NA,212,"Q3"
"750",750,"PennAmerican11-9",2025-11-09,"nc","American","Penn","Pat","Ivy","H","W","84-78",0.508095570002426,0.395413064060764,0.87694452176131,0.915940225457352,0.0840597745426485,60.5,"played",NA,NA,NA,178,"Q4"
"751",751,"PennAmerican11-9",2025-11-09,"nc","Penn","American","Ivy","Pat","A","L","78-84",0.395413064060764,0.508095570002426,0.789142831518436,0.783703607940069,-0.783703607940069,30.6,"played",NA,NA,NA,228,"Q3"
"752",752,"South Dakota St.Northern Iowa11-9",2025-11-09,"nc","Northern Iowa","South Dakota St.","MVC","Sum","H","W","65-58",0.757436564872932,0.37728213329656,0.87694452176131,0.921644883236383,0.0783551167636174,69.3,"played",NA,NA,NA,180,"Q4"
"753",753,"South Dakota St.Northern Iowa11-9",2025-11-09,"nc","South Dakota St.","Northern Iowa","Sum","MVC","A","L","58-65",0.37728213329656,0.757436564872932,0.789142831518436,0.545149141228804,-0.545149141228804,45.6,"played",NA,NA,NA,102,"Q2"
"754",754,"Southern MissSouth Carolina11-9",2025-11-09,"nc","South Carolina","Southern Miss","SEC","SB","H","W","83-79",0.817726977948728,0.288887976904287,0.87694452176131,0.946068457441536,0.0539315425584639,40.5,"played",NA,NA,NA,236,"Q4"
"755",755,"Southern MissSouth Carolina11-9",2025-11-09,"nc","Southern Miss","South Carolina","SB","SEC","A","L","79-83",0.288887976904287,0.817726977948728,0.789142831518436,0.454809537531623,-0.454809537531623,72.8,"played",NA,NA,NA,85,"Q2"
"756",756,"Texas A&MOklahoma St.11-9",2025-11-09,"nc","Oklahoma St.","Texas A&M","B12","SEC","H","W","87-63",0.819344264260517,0.85060177721884,0.87694452176131,0.555885454080178,0.444114545919822,99.4,"played",NA,NA,NA,41,"Q2"
"757",757,"Texas A&MOklahoma St.11-9",2025-11-09,"nc","Texas A&M","Oklahoma St.","SEC","B12","A","L","63-87",0.85060177721884,0.819344264260517,0.789142831518436,0.452111051323319,-0.452111051323319,13.1,"played",NA,NA,NA,73,"Q1"
"758",758,"UC DavisPortland11-9",2025-11-09,"nc","Portland","UC Davis","WCC","BW","H","W","67-63",0.553963766133518,0.410152855593226,0.87694452176131,0.911100116157902,0.0888998838420977,49.2,"played",NA,NA,NA,176,"Q4"
"759",759,"UC DavisPortland11-9",2025-11-09,"nc","UC Davis","Portland","BW","WCC","A","L","63-67",0.410152855593226,0.553963766133518,0.789142831518436,0.750834377479532,-0.750834377479532,47.1,"played",NA,NA,NA,215,"Q3"
"760",760,"Utah TechArizona St.11-9",2025-11-09,"nc","Arizona St.","Utah Tech","B12","WAC","H","W","81-66",0.764484530115745,0.326398450988887,0.87694452176131,0.936334401660849,0.0636655983391512,85,"played",NA,NA,NA,199,"Q4"
"761",761,"Utah TechArizona St.11-9",2025-11-09,"nc","Utah Tech","Arizona St.","WAC","B12","A","L","66-81",0.326398450988887,0.764484530115745,0.789142831518436,0.535525330246126,-0.535525330246126,21.7,"played",NA,NA,NA,93,"Q2"
"762",762,"VermontBrown11-9",2025-11-09,"nc","Brown","Vermont","Ivy","AE","H","L","84-89",0.361296853591693,0.297392585715157,0.87694452176131,0.943935425917984,-0.943935425917984,29.4,"played",NA,NA,NA,207,"Q4"
"763",763,"VermontBrown11-9",2025-11-09,"nc","Vermont","Brown","AE","Ivy","A","W","89-84",0.297392585715157,0.361296853591693,0.789142831518436,0.868699218992873,0.131300781007127,36.5,"played",NA,NA,NA,275,"Q4"
"764",764,"VMIMissouri11-9",2025-11-09,"nc","Missouri","VMI","SEC","SC","H","W","106-68",0.837628198528992,0.081180331096308,0.87694452176131,0.987753891098385,0.0122461089016148,70.8,"played",NA,NA,NA,353,"Q4"
"765",765,"VMIMissouri11-9",2025-11-09,"nc","VMI","Missouri","SC","SEC","A","L","68-106",0.081180331096308,0.837628198528992,0.789142831518436,0.42045174979891,-0.42045174979891,15.8,"played",NA,NA,NA,70,"Q1"
"766",766,"WashingtonBaylor11-9",2025-11-09,"nc","Baylor","Washington","B12","B10","H","W","78-69",0.844844372317854,0.749226742667862,0.87694452176131,0.704603340179548,0.295396659820452,91.1,"played",NA,NA,NA,62,"Q2"
"767",767,"WashingtonBaylor11-9",2025-11-09,"nc","Washington","Baylor","B10","B12","A","L","69-78",0.749226742667862,0.844844372317854,0.789142831518436,0.407343680053834,-0.407343680053834,61.4,"played",NA,NA,NA,53,"Q1"
"768",768,"Western MichiganCampbell11-9",2025-11-09,"nc","Campbell","Western Michigan","CAA","MAC","H","W","91-82",0.480657896699851,0.256976620663072,0.87694452176131,0.953715171476899,0.0462848285231012,55.9,"played",NA,NA,NA,256,"Q4"
"769",769,"Western MichiganCampbell11-9",2025-11-09,"nc","Western Michigan","Campbell","MAC","CAA","A","L","82-91",0.256976620663072,0.480657896699851,0.789142831518436,0.801734966102244,-0.801734966102244,20.2,"played",NA,NA,NA,203,"Q3"
"770",770,"Oakland CityEvansville11-9",2025-11-09,"nond1","Evansville","Oakland City","MVC",NA,"H","W","47-76",NA,NA,NA,NA,0,NA,"played",NA,NA,NA,NA,NA
"771",771,"Dominican (IL)Purdue Fort Wayne11-9",2025-11-09,"nond1","Purdue Fort Wayne","Dominican (IL)","Horz",NA,"H","W","56-137",NA,NA,NA,NA,0,NA,"played",NA,NA,NA,NA,NA
"772",772,"LyonLouisiana Tech11-9",2025-11-09,"nond1","Louisiana Tech","Lyon","CUSA",NA,"H","W","35-93",NA,NA,NA,NA,0,NA,"played",NA,NA,NA,NA,NA
"773",773,"Ozark ChristianSouth Dakota11-9",2025-11-09,"nond1","South Dakota","Ozark Christian","Sum",NA,"H","W","65-121",NA,NA,NA,NA,0,NA,"played",NA,NA,NA,NA,NA
"774",774,"Ky. ChristianTennessee Martin11-9",2025-11-09,"nond1","Tennessee Martin","Ky. Christian","OVC",NA,"H","W","42-97",NA,NA,NA,NA,0,NA,"played",NA,NA,NA,NA,NA
"775",775,"Cal St. FullertonCalifornia11-10",2025-11-10,"nc","Cal St. Fullerton","California","BW","ACC","A","L","65-93",0.331925225797259,0.828977030903702,0.789142831518436,0.435700951290163,-0.435700951290163,13.5,"played",NA,NA,NA,60,"Q1"
"776",776,"Cal St. FullertonCalifornia11-10",2025-11-10,"nc","California","Cal St. Fullerton","ACC","BW","H","W","93-65",0.828977030903702,0.331925225797259,0.87694452176131,0.934825940311833,0.0651740596881669,93.9,"played",NA,NA,NA,200,"Q4"
"777",777,"Charleston SouthernThe Citadel11-10",2025-11-10,"nc","Charleston Southern","The Citadel","BSth","SC","A","W","96-86",0.304852499335177,0.140154923802397,0.789142831518436,0.958264437000095,0.0417355629999049,22.5,"played",NA,NA,NA,350,"Q4"
"778",778,"Charleston SouthernThe Citadel11-10",2025-11-10,"nc","The Citadel","Charleston Southern","SC","BSth","H","L","86-96",0.140154923802397,0.304852499335177,0.87694452176131,0.942029615136421,-0.942029615136421,19.8,"played",NA,NA,NA,219,"Q4"
"779",779,"Cleveland St.Northwestern11-10",2025-11-10,"nc","Cleveland St.","Northwestern","Horz","B10","A","L","63-110",0.170841144385821,0.848307220201776,0.789142831518436,0.400923368847485,-0.400923368847485,3.9,"played",NA,NA,NA,69,"Q1"
"780",780,"Cleveland St.Northwestern11-10",2025-11-10,"nc","Northwestern","Cleveland St.","B10","Horz","H","W","110-63",0.848307220201776,0.170841144385821,0.87694452176131,0.971900073963006,0.0280999260369942,96.6,"played",NA,NA,NA,321,"Q4"
"781",781,"ColumbiaConnecticut11-10",2025-11-10,"nc","Columbia","Connecticut","Ivy","BE","A","L","62-89",0.408052728218098,0.972195245967499,0.789142831518436,0.0966876003580351,-0.0966876003580351,39.6,"played",NA,NA,NA,8,"Q1"
"782",782,"ColumbiaConnecticut11-10",2025-11-10,"nc","Connecticut","Columbia","BE","Ivy","H","W","89-62",0.972195245967499,0.408052728218098,0.87694452176131,0.911801277983662,0.0881987220163379,97.4,"played",NA,NA,NA,151,"Q3"
"783",783,"Delaware St.Niagara11-10",2025-11-10,"nc","Delaware St.","Niagara","MEAC","MAAC","A","L","57-68",0.0497573037483458,0.127205292330729,0.789142831518436,0.962517008599123,-0.962517008599123,1.6,"played",NA,NA,NA,355,"Q4"
"784",784,"Delaware St.Niagara11-10",2025-11-10,"nc","Niagara","Delaware St.","MAAC","MEAC","H","W","68-57",0.127205292330729,0.0497573037483458,0.87694452176131,0.99270589963853,0.00729410036147027,31.9,"played",NA,NA,NA,358,"Q4"
"785",785,"Eastern MichiganPittsburgh11-10",2025-11-10,"nc","Eastern Michigan","Pittsburgh","MAC","ACC","A","L","66-78",0.375757933331981,0.730765128903465,0.789142831518436,0.579630896823016,-0.579630896823016,18.7,"played",NA,NA,NA,121,"Q2"
"786",786,"Eastern MichiganPittsburgh11-10",2025-11-10,"nc","Pittsburgh","Eastern Michigan","ACC","MAC","H","W","78-66",0.730765128903465,0.375757933331981,0.87694452176131,0.922112482630347,0.0778875173696529,87.6,"played",NA,NA,NA,179,"Q4"
"787",787,"FairfieldSeton Hall11-10",2025-11-10,"nc","Fairfield","Seton Hall","MAAC","BE","A","L","59-82",0.22489171654641,0.873855128810157,0.789142831518436,0.350756125662828,-0.350756125662828,25.5,"played",NA,NA,NA,45,"Q1"
"788",788,"FairfieldSeton Hall11-10",2025-11-10,"nc","Seton Hall","Fairfield","BE","MAAC","H","W","82-59",0.873855128810157,0.22489171654641,0.87694452176131,0.960879115225298,0.0391208847747024,85.4,"played",NA,NA,NA,248,"Q4"
"789",789,"Holy CrossUtah11-10",2025-11-10,"nc","Holy Cross","Utah","Pat","B12","A","L","69-87",0.118107022625567,0.735923022179889,0.789142831518436,0.573190776567456,-0.573190776567456,20,"played",NA,NA,NA,117,"Q2"
"790",790,"Holy CrossUtah11-10",2025-11-10,"nc","Utah","Holy Cross","B12","Pat","H","W","87-69",0.735923022179889,0.118107022625567,0.87694452176131,0.981553972347959,0.0184460276520411,59.9,"played",NA,NA,NA,314,"Q4"
"791",791,"Indiana St.SIU Edwardsville11-10",2025-11-10,"nc","Indiana St.","SIU Edwardsville","MVC","OVC","A","W","64-55",0.363662236714813,0.352740157956621,0.789142831518436,0.872892862348331,0.127107137651669,78.3,"played",NA,NA,NA,255,"Q4"
"792",792,"Indiana St.SIU Edwardsville11-10",2025-11-10,"nc","SIU Edwardsville","Indiana St.","OVC","MVC","H","L","55-64",0.352740157956621,0.363662236714813,0.87694452176131,0.925760033172288,-0.925760033172288,8,"played",NA,NA,NA,205,"Q4"
"793",793,"Iowa St.Mississippi St.11-10",2025-11-10,"nc","Iowa St.","Mississippi St.","B12","SEC","N","W","96-80",0.949921444310501,0.707923938247837,0.837778001870703,0.680585753947928,0.319414246052072,94.9,"played",NA,NA,NA,99,"Q2"
"794",794,"Iowa St.Mississippi St.11-10",2025-11-10,"nc","Mississippi St.","Iowa St.","SEC","B12","N","L","80-96",0.707923938247837,0.949921444310501,0.837778001870703,0.21399693330746,-0.21399693330746,71.2,"played",NA,NA,NA,6,"Q1"
"795",795,"LamarTCU11-10",2025-11-10,"nc","Lamar","TCU","Slnd","B12","A","L","65-78",0.29006579149575,0.865296099885822,0.789142831518436,0.368134924888612,-0.368134924888612,64.8,"played",NA,NA,NA,46,"Q1"
"796",796,"LamarTCU11-10",2025-11-10,"nc","TCU","Lamar","B12","Slnd","H","W","78-65",0.865296099885822,0.29006579149575,0.87694452176131,0.945775529853966,0.0542244701460342,58.8,"played",NA,NA,NA,220,"Q4"
"797",797,"LindenwoodSaint Louis11-10",2025-11-10,"nc","Lindenwood","Saint Louis","OVC","A10","A","L","66-109",0.294360678016868,0.934398970437872,0.789142831518436,0.20807868025584,-0.20807868025584,15.1,"played",NA,NA,NA,22,"Q1"
"798",798,"LindenwoodSaint Louis11-10",2025-11-10,"nc","Saint Louis","Lindenwood","A10","OVC","H","W","109-66",0.934398970437872,0.294360678016868,0.87694452176131,0.944700645022092,0.0552993549779085,97.1,"played",NA,NA,NA,224,"Q4"
"799",799,"Little RockMilwaukee11-10",2025-11-10,"nc","Little Rock","Milwaukee","OVC","Horz","A","L","72-92",0.127043860244037,0.384994055716157,0.789142831518436,0.856702814984429,-0.856702814984429,7.9,"played",NA,NA,NA,233,"Q3"
"800",800,"Little RockMilwaukee11-10",2025-11-10,"nc","Milwaukee","Little Rock","Horz","OVC","H","W","92-72",0.384994055716157,0.127043860244037,0.87694452176131,0.979987080838008,0.0200129191619924,51.4,"played",NA,NA,NA,302,"Q4"
"801",801,"MaineRutgers11-10",2025-11-10,"nc","Maine","Rutgers","AE","B10","A","L","60-72",0.0653376419463159,0.593817364755892,0.789142831518436,0.719099142122945,-0.719099142122945,8.9,"played",NA,NA,NA,153,"Q3"
"802",802,"MaineRutgers11-10",2025-11-10,"nc","Rutgers","Maine","B10","AE","H","W","72-60",0.593817364755892,0.0653376419463159,0.87694452176131,0.990285998285382,0.00971400171461845,51.3,"played",NA,NA,NA,343,"Q4"
"803",803,"New HavenUMass Lowell11-10",2025-11-10,"nc","New Haven","UMass Lowell","NEC","AE","A","W","73-67",0.109352159726003,0.273410301879121,0.789142831518436,0.908641117556753,0.091358882443247,34.7,"played",NA,NA,NA,319,"Q4"
"804",804,"New HavenUMass Lowell11-10",2025-11-10,"nc","UMass Lowell","New Haven","AE","NEC","H","L","67-73",0.273410301879121,0.109352159726003,0.87694452176131,0.983063190078944,-0.983063190078944,8,"played",NA,NA,NA,326,"Q4"
"805",805,"New OrleansLSU11-10",2025-11-10,"nc","LSU","New Orleans","SEC","Slnd","H","W","93-58",0.86991035902452,0.331235610868882,0.87694452176131,0.93501525605322,0.0649847439467803,97.3,"played",NA,NA,NA,231,"Q4"
"806",806,"New OrleansLSU11-10",2025-11-10,"nc","New Orleans","LSU","Slnd","SEC","A","L","58-93",0.331235610868882,0.86991035902452,0.789142831518436,0.358840545849542,-0.358840545849542,8.4,"played",NA,NA,NA,50,"Q1"
"807",807,"Northern IllinoisGrand Canyon11-10",2025-11-10,"nc","Grand Canyon","Northern Illinois","MWC","MAC","H","W","88-59",0.843748589646882,0.136539414444762,0.87694452176131,0.978292340323179,0.0217076596768214,90.5,"played",NA,NA,NA,312,"Q4"
"808",808,"Northern IllinoisGrand Canyon11-10",2025-11-10,"nc","Northern Illinois","Grand Canyon","MAC","MWC","A","L","59-88",0.136539414444762,0.843748589646882,0.789142831518436,0.409357541008259,-0.409357541008259,8.2,"played",NA,NA,NA,86,"Q2"
"809",809,"PresbyterianGeorgia St.11-10",2025-11-10,"nc","Georgia St.","Presbyterian","SB","BSth","H","L","61-63",0.332443152619094,0.211694092348146,0.87694452176131,0.96368565745234,-0.96368565745234,26,"played",NA,NA,NA,258,"Q4"
"810",810,"PresbyterianGeorgia St.11-10",2025-11-10,"nc","Presbyterian","Georgia St.","BSth","SB","A","W","63-61",0.211694092348146,0.332443152619094,0.789142831518436,0.88256236526728,0.11743763473272,27.6,"played",NA,NA,NA,261,"Q4"
"811",811,"Santa ClaraXavier11-10",2025-11-10,"nc","Santa Clara","Xavier","WCC","BE","A","W","87-68",0.832662968850565,0.780139218822579,0.789142831518436,0.513318973154326,0.486681026845674,98.5,"played",NA,NA,NA,94,"Q2"
"812",812,"Santa ClaraXavier11-10",2025-11-10,"nc","Xavier","Santa Clara","BE","WCC","H","L","68-87",0.780139218822579,0.832662968850565,0.87694452176131,0.588844197277155,-0.588844197277155,21.7,"played",NA,NA,NA,44,"Q2"
"813",813,"South Carolina St.North Carolina A&T11-10",2025-11-10,"nc","North Carolina A&T","South Carolina St.","CAA","MEAC","H","W","85-62",0.276662006999724,0.0507325033248179,0.87694452176131,0.992556422425133,0.00744357757486747,52.9,"played",NA,NA,NA,360,"Q4"
"814",814,"South Carolina St.North Carolina A&T11-10",2025-11-10,"nc","South Carolina St.","North Carolina A&T","MEAC","CAA","A","L","62-85",0.0507325033248179,0.276662006999724,0.789142831518436,0.907278273097433,-0.907278273097433,1.8,"played",NA,NA,NA,270,"Q4"
"815",815,"Southeastern LouisianaGeorgia Tech11-10",2025-11-10,"nc","Georgia Tech","Southeastern Louisiana","ACC","Slnd","H","W","70-60",0.649662104684215,0.210763265088124,0.87694452176131,0.963880666391084,0.0361193336089162,37.6,"played",NA,NA,NA,288,"Q4"
"816",816,"Southeastern LouisianaGeorgia Tech11-10",2025-11-10,"nc","Southeastern Louisiana","Georgia Tech","Slnd","ACC","A","L","60-70",0.210763265088124,0.649662104684215,0.789142831518436,0.668678034087465,-0.668678034087465,45.1,"played",NA,NA,NA,146,"Q3"
"817",817,"St. ThomasWashington St.11-10",2025-11-10,"nc","St. Thomas","Washington St.","Sum","WCC","A","L","71-81",0.564022211588619,0.640213899600399,0.789142831518436,0.67775499260287,-0.67775499260287,10.2,"played",NA,NA,NA,156,"Q3"
"818",818,"St. ThomasWashington St.11-10",2025-11-10,"nc","Washington St.","St. Thomas","WCC","Sum","H","W","81-71",0.640213899600399,0.564022211588619,0.87694452176131,0.846356554376,0.153643445624,95.3,"played",NA,NA,NA,116,"Q3"
"819",819,"StetsonMiami FL11-10",2025-11-10,"nc","Miami FL","Stetson","ACC","ASun","H","W","102-61",0.882624997146115,0.131178587745499,0.87694452176131,0.979252959192397,0.020747040807603,90.3,"played",NA,NA,NA,327,"Q4"
"820",820,"StetsonMiami FL11-10",2025-11-10,"nc","Stetson","Miami FL","ASun","ACC","A","L","61-102",0.131178587745499,0.882624997146115,0.789142831518436,0.332309029138053,-0.332309029138053,10.9,"played",NA,NA,NA,37,"Q1"
"821",821,"UNC WilmingtonKent St.11-10",2025-11-10,"nc","Kent St.","UNC Wilmington","MAC","CAA","H","W","86-77",0.638568943065511,0.45266192968586,0.87694452176131,0.896016774005065,0.103983225994935,81.5,"played",NA,NA,NA,109,"Q3"
"822",822,"UNC WilmingtonKent St.11-10",2025-11-10,"nc","UNC Wilmington","Kent St.","CAA","MAC","A","L","77-86",0.45266192968586,0.638568943065511,0.789142831518436,0.679311168960651,-0.679311168960651,24.9,"played",NA,NA,NA,148,"Q3"
"823",823,"West GeorgiaUCLA11-10",2025-11-10,"nc","UCLA","West Georgia","B10","ASun","H","W","83-62",0.883383237146971,0.124454025605907,0.87694452176131,0.980443929756687,0.0195560702433134,72.6,"played",NA,NA,NA,322,"Q4"
"824",824,"West GeorgiaUCLA11-10",2025-11-10,"nc","West Georgia","UCLA","ASun","B10","A","L","62-83",0.124454025605907,0.883383237146971,0.789142831518436,0.330682521038581,-0.330682521038581,28.9,"played",NA,NA,NA,40,"Q1"
"825",825,"Western KentuckyEastern Kentucky11-10",2025-11-10,"nc","Eastern Kentucky","Western Kentucky","ASun","CUSA","H","L","79-87",0.353630994291055,0.381373069076346,0.87694452176131,0.920380838248542,-0.920380838248542,27.8,"played",NA,NA,NA,167,"Q4"
"826",826,"Western KentuckyEastern Kentucky11-10",2025-11-10,"nc","Western Kentucky","Eastern Kentucky","CUSA","ASun","A","W","87-79",0.381373069076346,0.353630994291055,0.789142831518436,0.872459573266937,0.127540426733063,46.7,"played",NA,NA,NA,262,"Q4"
"827",827,"SimpsonDrake11-10",2025-11-10,"nond1","Drake","Simpson","MVC",NA,"H","W","51-89",NA,NA,NA,NA,0,NA,"played",NA,NA,NA,NA,NA
"828",828,"Columbia Int'lFurman11-10",2025-11-10,"nond1","Furman","Columbia Int'l","SC",NA,"H","W","59-89",NA,NA,NA,NA,0,NA,"played",NA,NA,NA,NA,NA
"829",829,"Virginia-LynchburgTennessee Tech11-10",2025-11-10,"nond1","Tennessee Tech","Virginia-Lynchburg","OVC",NA,"H","W","58-118",NA,NA,NA,NA,0,NA,"played",NA,NA,NA,NA,NA
"830",830,"RiponGreen Bay11-10",2025-11-10,"nond1","Green Bay","Ripon","Horz",NA,"H","W","63-83",NA,NA,NA,NA,0,NA,"played",NA,NA,NA,NA,NA
"831",831,"GenevaRobert Morris11-10",2025-11-10,"nond1","Robert Morris","Geneva","Horz",NA,"H","W","47-93",NA,NA,NA,NA,0,NA,"played",NA,NA,NA,NA,NA
"832",832,"North GreenvilleGardner Webb11-10",2025-11-10,"nond1","Gardner Webb","North Greenville","BSth",NA,"H","L","81-92",NA,NA,NA,NA,-1,NA,"played",NA,NA,NA,NA,NA
"833",833,"MolloyHofstra11-10",2025-11-10,"nond1","Hofstra","Molloy","CAA",NA,"H","W","61-95",NA,NA,NA,NA,0,NA,"played",NA,NA,NA,NA,NA
"834",834,"EcclesiaSouthern11-10",2025-11-10,"nond1","Southern","Ecclesia","SWAC",NA,"H","W","51-115",NA,NA,NA,NA,0,NA,"played",NA,NA,NA,NA,NA
"835",835,"Biblical Stud. (TX)McNeese St.11-10",2025-11-10,"nond1","McNeese St.","Biblical Stud. (TX)","Slnd",NA,"H","W","50-132",NA,NA,NA,NA,0,NA,"played",NA,NA,NA,NA,NA
"836",836,"RustLouisiana Monroe11-10",2025-11-10,"nond1","Louisiana Monroe","Rust","SB",NA,"H","W","55-88",NA,NA,NA,NA,0,NA,"played",NA,NA,NA,NA,NA
"837",837,"Arlington BaptistUT Arlington11-10",2025-11-10,"nond1","UT Arlington","Arlington Baptist","WAC",NA,"H","W","61-117",NA,NA,NA,NA,0,NA,"played",NA,NA,NA,NA,NA
"838",838,"ReinhardtJacksonville St.11-10",2025-11-10,"nond1","Jacksonville St.","Reinhardt","CUSA",NA,"H","W","39-114",NA,NA,NA,NA,0,NA,"played",NA,NA,NA,NA,NA
"839",839,"Penn St.-ShenangoYoungstown St.11-10",2025-11-10,"nond1","Youngstown St.","Penn St.-Shenango","Horz",NA,"H","W","53-115",NA,NA,NA,NA,0,NA,"played",NA,NA,NA,NA,NA
"840",840,"Lincoln (CA)UC Irvine11-10",2025-11-10,"nond1","UC Irvine","Lincoln (CA)","BW",NA,"H","W","63-130",NA,NA,NA,NA,0,NA,"played",NA,NA,NA,NA,NA
"841",841,"Alabama St.UAB11-11",2025-11-11,"nc","Alabama St.","UAB","SWAC","Amer","A","W","77-74",0.161273195651384,0.677896014710966,0.789142831518436,0.640065139338454,0.359934860661546,80.4,"played",NA,NA,NA,122,"Q2"
"842",842,"Alabama St.UAB11-11",2025-11-11,"nc","UAB","Alabama St.","Amer","SWAC","H","L","74-77",0.677896014710966,0.161273195651384,0.87694452176131,0.973727114931155,-0.973727114931155,9,"played",NA,NA,NA,313,"Q4"
"843",843,"Alcorn St.Maryland11-11",2025-11-11,"nc","Alcorn St.","Maryland","SWAC","B10","A","L","64-84",0.0996439667646336,0.718765491706146,0.789142831518436,0.594215563299714,-0.594215563299714,10.9,"played",NA,NA,NA,152,"Q3"
"844",844,"Alcorn St.Maryland11-11",2025-11-11,"nc","Maryland","Alcorn St.","B10","SWAC","H","W","84-64",0.718765491706146,0.0996439667646336,0.87694452176131,0.984707696986526,0.0152923030134736,69.9,"played",NA,NA,NA,351,"Q4"
"845",845,"Appalachian St.Ohio St.11-11",2025-11-11,"nc","Appalachian St.","Ohio St.","SB","B10","A","L","53-75",0.322413113123934,0.895316100144004,0.789142831518436,0.304393013328042,-0.304393013328042,46.7,"played",NA,NA,NA,35,"Q1"
"846",846,"Appalachian St.Ohio St.11-11",2025-11-11,"nc","Ohio St.","Appalachian St.","B10","SB","H","W","75-53",0.895316100144004,0.322413113123934,0.87694452176131,0.937409842186305,0.0625901578136946,82.3,"played",NA,NA,NA,212,"Q4"
"847",847,"Arkansas Pine BluffOklahoma11-11",2025-11-11,"nc","Arkansas Pine Bluff","Oklahoma","SWAC","SEC","A","L","69-95",0.210499397365107,0.795763730228384,0.789142831518436,0.489936745058446,-0.489936745058446,20.9,"played",NA,NA,NA,76,"Q2"
"848",848,"Arkansas Pine BluffOklahoma11-11",2025-11-11,"nc","Oklahoma","Arkansas Pine Bluff","SEC","SWAC","H","W","95-69",0.795763730228384,0.210499397365107,0.87694452176131,0.963935877536827,0.0360641224631731,79.7,"played",NA,NA,NA,311,"Q4"
"849",849,"Arkansas St.Missouri St.11-11",2025-11-11,"nc","Arkansas St.","Missouri St.","SB","CUSA","A","W","86-85",0.486958310027856,0.618345928322213,0.789142831518436,0.697882118549372,0.302117881450628,52.6,"played",NA,NA,NA,191,"Q3"
"850",850,"Arkansas St.Missouri St.11-11",2025-11-11,"nc","Missouri St.","Arkansas St.","CUSA","SB","H","L","85-86",0.618345928322213,0.486958310027856,0.87694452176131,0.882465421492392,-0.882465421492392,58.1,"played",NA,NA,NA,141,"Q3"
"851",851,"Austin PeayWyoming11-11",2025-11-11,"nc","Austin Peay","Wyoming","ASun","MWC","A","L","65-79",0.467994966707812,0.76314542480965,0.789142831518436,0.53737119837597,-0.53737119837597,36.1,"played",NA,NA,NA,100,"Q2"
"852",852,"Austin PeayWyoming11-11",2025-11-11,"nc","Wyoming","Austin Peay","MWC","ASun","H","W","79-65",0.76314542480965,0.467994966707812,0.87694452176131,0.890123562109543,0.109876437890457,83.4,"played",NA,NA,NA,149,"Q3"
"853",853,"Ball St.Wisconsin11-11",2025-11-11,"nc","Ball St.","Wisconsin","MAC","B10","A","L","55-86",0.175570369203068,0.913235229454143,0.789142831518436,0.262304234633571,-0.262304234633571,9,"played",NA,NA,NA,36,"Q1"
"854",854,"Ball St.Wisconsin11-11",2025-11-11,"nc","Wisconsin","Ball St.","B10","MAC","H","W","86-55",0.913235229454143,0.175570369203068,0.87694452176131,0.970983935499258,0.0290160645007421,95.8,"played",NA,NA,NA,316,"Q4"
"855",855,"BucknellPrinceton11-11",2025-11-11,"nc","Bucknell","Princeton","Pat","Ivy","A","L","63-73",0.127187121287998,0.452029450467109,0.789142831518436,0.819393021194762,-0.819393021194762,14.4,"played",NA,NA,NA,239,"Q3"
"856",856,"BucknellPrinceton11-11",2025-11-11,"nc","Princeton","Bucknell","Ivy","Pat","H","W","73-63",0.452029450467109,0.127187121287998,0.87694452176131,0.979961742807954,0.0200382571920457,41.8,"played",NA,NA,NA,333,"Q4"
"857",857,"BuffaloDePaul11-11",2025-11-11,"nc","Buffalo","DePaul","MAC","BE","A","W","66-53",0.387632809783295,0.723148523927946,0.789142831518436,0.588951567067976,0.411048432932024,98,"played",NA,NA,NA,113,"Q2"
"858",858,"BuffaloDePaul11-11",2025-11-11,"nc","DePaul","Buffalo","BE","MAC","H","L","53-66",0.723148523927946,0.387632809783295,0.87694452176131,0.918420848754699,-0.918420848754699,3.2,"played",NA,NA,NA,165,"Q4"
"859",859,"Cal St. NorthridgeNorth Dakota St.11-11",2025-11-11,"nc","Cal St. Northridge","North Dakota St.","BW","Sum","A","L","68-90",0.385010418560885,0.678074728815918,0.789142831518436,0.639876531050688,-0.639876531050688,21.5,"played",NA,NA,NA,132,"Q2"
"860",860,"Cal St. NorthridgeNorth Dakota St.11-11",2025-11-11,"nc","North Dakota St.","Cal St. Northridge","Sum","BW","H","W","90-68",0.678074728815918,0.385010418560885,0.87694452176131,0.91924578431368,0.0807542156863204,82.8,"played",NA,NA,NA,209,"Q4"
"861",861,"Central ArkansasArkansas11-11",2025-11-11,"nc","Arkansas","Central Arkansas","SEC","ASun","H","W","93-56",0.944779447184236,0.418552667589624,0.87694452176131,0.908256159397106,0.0917438406028938,98.2,"played",NA,NA,NA,206,"Q4"
"862",862,"Central ArkansasArkansas11-11",2025-11-11,"nc","Central Arkansas","Arkansas","ASun","SEC","A","L","56-93",0.418552667589624,0.944779447184236,0.789142831518436,0.17948361785422,-0.17948361785422,18.1,"played",NA,NA,NA,20,"Q1"
"863",863,"Central ConnecticutBoston College11-11",2025-11-11,"nc","Boston College","Central Connecticut","ACC","NEC","H","L","59-60",0.611273164360049,0.185254014996825,0.87694452176131,0.969080387831991,-0.969080387831991,23.6,"played",NA,NA,NA,247,"Q4"
"864",864,"Central ConnecticutBoston College11-11",2025-11-11,"nc","Central Connecticut","Boston College","NEC","ACC","A","W","60-59",0.185254014996825,0.611273164360049,0.789142831518436,0.704141763062635,0.295858236937365,53.7,"played",NA,NA,NA,157,"Q3"
"865",865,"Chicago St.Butler11-11",2025-11-11,"nc","Butler","Chicago St.","BE","NEC","H","W","98-66",0.858613464070704,0.0739186417080468,0.87694452176131,0.988923656012592,0.011076343987408,90.1,"played",NA,NA,NA,352,"Q4"
"866",866,"Chicago St.Butler11-11",2025-11-11,"nc","Chicago St.","Butler","NEC","BE","A","L","66-98",0.0739186417080468,0.858613464070704,0.789142831518436,0.381295065510961,-0.381295065510961,5,"played",NA,NA,NA,48,"Q1"
"867",867,"CreightonGonzaga11-11",2025-11-11,"nc","Creighton","Gonzaga","BE","WCC","A","L","63-90",0.754064342104998,0.966086351861385,0.789142831518436,0.116122856905454,-0.116122856905454,64.5,"played",NA,NA,NA,4,"Q1"
"868",868,"CreightonGonzaga11-11",2025-11-11,"nc","Gonzaga","Creighton","WCC","BE","H","W","90-63",0.966086351861385,0.754064342104998,0.87694452176131,0.699180955753172,0.300819044246828,98,"played",NA,NA,NA,58,"Q2"
"869",869,"DavidsonCharlotte11-11",2025-11-11,"nc","Charlotte","Davidson","Amer","A10","H","L","55-62",0.567723178537992,0.541996731296271,0.87694452176131,0.857591084116218,-0.857591084116218,14.1,"played",NA,NA,NA,119,"Q3"
"870",870,"DavidsonCharlotte11-11",2025-11-11,"nc","Davidson","Charlotte","A10","Amer","A","W","62-55",0.541996731296271,0.567723178537992,0.789142831518436,0.740236588946491,0.259763411053509,90.4,"played",NA,NA,NA,173,"Q3"
"871",871,"DaytonCincinnati11-11",2025-11-11,"nc","Cincinnati","Dayton","B12","A10","H","W","74-62",0.873465038086542,0.686412835074481,0.87694452176131,0.765020894183328,0.234979105816672,95.7,"played",NA,NA,NA,80,"Q3"
"872",872,"DaytonCincinnati11-11",2025-11-11,"nc","Dayton","Cincinnati","A10","B12","A","L","62-74",0.686412835074481,0.873465038086542,0.789142831518436,0.351561364376916,-0.351561364376916,40.7,"played",NA,NA,NA,72,"Q1"
"873",873,"DelawareBYU11-11",2025-11-11,"nc","BYU","Delaware","B12","CUSA","H","W","85-68",0.943249231571529,0.176954731417496,0.87694452176131,0.970714096550497,0.0292859034495031,37.7,"played",NA,NA,NA,300,"Q4"
"874",874,"DelawareBYU11-11",2025-11-11,"nc","Delaware","BYU","CUSA","B12","A","L","68-85",0.176954731417496,0.943249231571529,0.789142831518436,0.183787432026584,-0.183787432026584,85.5,"played",NA,NA,NA,12,"Q1"
"875",875,"DrexelColgate11-11",2025-11-11,"nc","Colgate","Drexel","Pat","CAA","H","W","90-83",0.520482639527122,0.350598890322103,0.87694452176131,0.929577423313673,0.0704225766863269,65.6,"played",NA,NA,NA,211,"Q4"
"876",876,"DrexelColgate11-11",2025-11-11,"nc","Drexel","Colgate","CAA","Pat","A","L","83-90",0.350598890322103,0.520482639527122,0.789142831518436,0.775179083646094,-0.775179083646094,23.5,"played",NA,NA,NA,196,"Q3"
"877",877,"DukeArmy11-11",2025-11-11,"nc","Army","Duke","Pat","ACC","H","L","59-114",0.208126264319721,0.939287290689777,0.87694452176131,0.315363975570193,-0.315363975570193,7.5,"played",NA,NA,NA,2,"Q1"
"878",878,"DukeArmy11-11",2025-11-11,"nc","Duke","Army","ACC","Pat","A","W","114-59",0.939287290689777,0.208126264319721,0.789142831518436,0.934381268827168,0.0656187311728325,98,"played",NA,NA,NA,320,"Q4"
"879",879,"Eastern IllinoisNotre Dame11-11",2025-11-11,"nc","Eastern Illinois","Notre Dame","OVC","ACC","A","L","58-78",0.152001874020281,0.775906977662226,0.789142831518436,0.519438937310661,-0.519438937310661,23.8,"played",NA,NA,NA,81,"Q2"
"880",880,"Eastern IllinoisNotre Dame11-11",2025-11-11,"nc","Notre Dame","Eastern Illinois","ACC","OVC","H","W","78-58",0.775906977662226,0.152001874020281,0.87694452176131,0.975464530911887,0.0245354690881132,66.5,"played",NA,NA,NA,305,"Q4"
"881",881,"Florida A&MUCF11-11",2025-11-11,"nc","Florida A&M","UCF","SWAC","B12","A","L","60-97",0.193160437433708,0.866736847529921,0.789142831518436,0.365251362941497,-0.365251362941497,4.2,"played",NA,NA,NA,39,"Q1"
"882",882,"Florida A&MUCF11-11",2025-11-11,"nc","UCF","Florida A&M","B12","SWAC","H","W","97-60",0.866736847529921,0.193160437433708,0.87694452176131,0.967498013170315,0.0325019868296846,97.2,"played",NA,NA,NA,307,"Q4"
"883",883,"Florida St.Florida11-11",2025-11-11,"nc","Florida","Florida St.","SEC","ACC","H","W","78-76",0.967769745662781,0.567618274698031,0.87694452176131,0.844443407314126,0.155556592685874,65,"played",NA,NA,NA,115,"Q3"
"884",884,"Florida St.Florida11-11",2025-11-11,"nc","Florida St.","Florida","ACC","SEC","A","L","76-78",0.567618274698031,0.967769745662781,0.789142831518436,0.110826915239594,-0.110826915239594,95.5,"played",NA,NA,NA,14,"Q1"
"885",885,"Georgia SouthernFlorida Gulf Coast11-11",2025-11-11,"nc","Florida Gulf Coast","Georgia Southern","ASun","SB","H","L","94-95",0.459203789369559,0.25951963690932,0.87694452176131,0.953125607727472,-0.953125607727472,19.1,"played",NA,NA,NA,243,"Q4"
"886",886,"Georgia SouthernFlorida Gulf Coast11-11",2025-11-11,"nc","Georgia Southern","Florida Gulf Coast","SB","ASun","A","W","95-94",0.25951963690932,0.459203789369559,0.789142831518436,0.81507273605116,0.18492726394884,55.8,"played",NA,NA,NA,237,"Q3"
"887",887,"HamptonVirginia11-11",2025-11-11,"nc","Hampton","Virginia","CAA","ACC","A","L","53-91",0.224878457335432,0.96842400434267,0.789142831518436,0.108756479072216,-0.108756479072216,11.5,"played",NA,NA,NA,13,"Q1"
"888",888,"HamptonVirginia11-11",2025-11-11,"nc","Virginia","Hampton","ACC","CAA","H","W","91-53",0.96842400434267,0.224878457335432,0.87694452176131,0.960881974481878,0.0391180255181218,98.6,"played",NA,NA,NA,238,"Q4"
"889",889,"IonaUMKC11-11",2025-11-11,"nc","Iona","UMKC","MAAC","Sum","A","W","105-91",0.289732912826144,0.148903257972366,0.789142831518436,0.955340268216691,0.0446597317833091,45.9,"played",NA,NA,NA,346,"Q4"
"890",890,"IonaUMKC11-11",2025-11-11,"nc","UMKC","Iona","Sum","MAAC","H","L","91-105",0.148903257972366,0.289732912826144,0.87694452176131,0.945858398301721,-0.945858398301721,7.7,"played",NA,NA,NA,218,"Q4"
"891",891,"JacksonvilleHigh Point11-11",2025-11-11,"nc","High Point","Jacksonville","BSth","ASun","H","W","85-64",0.756790844012223,0.161966016954007,0.87694452176131,0.973595990398377,0.0264040096016227,75.7,"played",NA,NA,NA,293,"Q4"
"892",892,"JacksonvilleHigh Point11-11",2025-11-11,"nc","Jacksonville","High Point","ASun","BSth","A","L","64-85",0.161966016954007,0.756790844012223,0.789142831518436,0.546019695713936,-0.546019695713936,16.2,"played",NA,NA,NA,90,"Q2"
"893",893,"KentuckyLouisville11-11",2025-11-11,"nc","Kentucky","Louisville","SEC","ACC","A","L","88-96",0.817212751797622,0.960766906153242,0.789142831518436,0.132567603493666,-0.132567603493666,85.7,"played",NA,NA,NA,15,"Q1"
"894",894,"KentuckyLouisville11-11",2025-11-11,"nc","Louisville","Kentucky","ACC","SEC","H","W","96-88",0.960766906153242,0.817212751797622,0.87694452176131,0.614491502801326,0.385508497198674,94.8,"played",NA,NA,NA,31,"Q2"
"895",895,"La SalleTemple11-11",2025-11-11,"nc","La Salle","Temple","A10","Amer","A","L","63-90",0.347282363436385,0.639379701297134,0.789142831518436,0.67854505050098,-0.67854505050098,5.7,"played",NA,NA,NA,154,"Q3"
"896",896,"La SalleTemple11-11",2025-11-11,"nc","Temple","La Salle","Amer","A10","H","W","90-63",0.639379701297134,0.347282363436385,0.87694452176131,0.930527128014643,0.0694728719853572,94,"played",NA,NA,NA,227,"Q4"
"897",897,"LipscombUNC Asheville11-11",2025-11-11,"nc","Lipscomb","UNC Asheville","ASun","BSth","A","L","64-69",0.400063738169319,0.418702865698982,0.789142831518436,0.838602545116366,-0.838602545116366,21.5,"played",NA,NA,NA,232,"Q3"
"898",898,"LipscombUNC Asheville11-11",2025-11-11,"nc","UNC Asheville","Lipscomb","BSth","ASun","H","W","69-64",0.418702865698982,0.400063738169319,0.87694452176131,0.914433271367804,0.0855667286321963,63.7,"played",NA,NA,NA,160,"Q3"
"899",899,"LIUAir Force11-11",2025-11-11,"nc","Air Force","LIU","MWC","NEC","H","L","72-76",0.183685442633759,0.325501227881235,0.87694452176131,0.936577409173886,-0.936577409173886,26.6,"played",NA,NA,NA,201,"Q4"
"900",900,"LIUAir Force11-11",2025-11-11,"nc","LIU","Air Force","NEC","MWC","A","W","76-72",0.325501227881235,0.183685442633759,0.789142831518436,0.943285622791657,0.0567143772083434,23.1,"played",NA,NA,NA,336,"Q4"
"901",901,"Loyola MarymountUTEP11-11",2025-11-11,"nc","Loyola Marymount","UTEP","WCC","CUSA","A","W","71-58",0.409607691238367,0.346704940492434,0.789142831518436,0.87580832614611,0.12419167385389,69.2,"played",NA,NA,NA,276,"Q4"
"902",902,"Loyola MarymountUTEP11-11",2025-11-11,"nc","UTEP","Loyola Marymount","CUSA","WCC","H","L","58-71",0.346704940492434,0.409607691238367,0.87694452176131,0.911282503732018,-0.911282503732018,14.1,"played",NA,NA,NA,170,"Q4"
"903",903,"Maryland Eastern ShoreNebraska11-11",2025-11-11,"nc","Maryland Eastern Shore","Nebraska","MEAC","B10","A","L","50-69",0.112768939573491,0.960111303481749,0.789142831518436,0.134564422606148,-0.134564422606148,35.1,"played",NA,NA,NA,7,"Q1"
"904",904,"Maryland Eastern ShoreNebraska11-11",2025-11-11,"nc","Nebraska","Maryland Eastern Shore","B10","MEAC","H","W","69-50",0.960111303481749,0.112768939573491,0.87694452176131,0.98247717744524,0.0175228225547599,85,"played",NA,NA,NA,325,"Q4"
"905",905,"MemphisMississippi11-11",2025-11-11,"nc","Memphis","Mississippi","Amer","SEC","A","L","77-83",0.647741340141445,0.782795445947566,0.789142831518436,0.509432503898883,-0.509432503898883,55.6,"played",NA,NA,NA,87,"Q2"
"906",906,"MemphisMississippi11-11",2025-11-11,"nc","Mississippi","Memphis","SEC","Amer","H","W","83-77",0.782795445947566,0.647741340141445,0.87694452176131,0.794894141174265,0.205105858825735,84.1,"played",NA,NA,NA,112,"Q3"
"907",907,"MerrimackTarleton St.11-11",2025-11-11,"nc","Merrimack","Tarleton St.","MAAC","WAC","A","L","62-76",0.339779292896384,0.559896594488506,0.789142831518436,0.746309231111213,-0.746309231111213,17.8,"played",NA,NA,NA,185,"Q3"
"908",908,"MerrimackTarleton St.11-11",2025-11-11,"nc","Tarleton St.","Merrimack","WAC","MAAC","H","W","76-62",0.559896594488506,0.339779292896384,0.87694452176131,0.932647440717921,0.0673525592820787,75.1,"played",NA,NA,NA,217,"Q4"
"909",909,"MichiganWake Forest11-11",2025-11-11,"nc","Michigan","Wake Forest","B10","ACC","N","W","85-84",0.982906196444088,0.779875656096264,0.837778001870703,0.593112048675545,0.406887951324455,83.5,"played",NA,NA,NA,67,"Q2"
"910",910,"MichiganWake Forest11-11",2025-11-11,"nc","Wake Forest","Michigan","ACC","B10","N","L","84-85",0.779875656096264,0.982906196444088,0.837778001870703,0.0824125421099453,-0.0824125421099453,97.6,"played",NA,NA,NA,1,"Q1"
"911",911,"MontanaUNLV11-11",2025-11-11,"nc","Montana","UNLV","BSky","MWC","A","W","102-93",0.47565609222007,0.708634239033289,0.789142831518436,0.606113922037165,0.393886077962835,87.3,"played",NA,NA,NA,127,"Q2"
"912",912,"MontanaUNLV11-11",2025-11-11,"nc","UNLV","Montana","MWC","BSky","H","L","93-102",0.708634239033289,0.47565609222007,0.87694452176131,0.887080556167823,-0.887080556167823,24.3,"played",NA,NA,NA,163,"Q4"
"913",913,"Morehead St.Clemson11-11",2025-11-11,"nc","Clemson","Morehead St.","ACC","OVC","H","W","83-56",0.937538780726441,0.163264947729151,0.87694452176131,0.973349662894276,0.0266503371057238,94.1,"played",NA,NA,NA,286,"Q4"
"914",914,"Morehead St.Clemson11-11",2025-11-11,"nc","Morehead St.","Clemson","OVC","ACC","A","L","56-83",0.163264947729151,0.937538780726441,0.789142831518436,0.199576091999099,-0.199576091999099,15.6,"played",NA,NA,NA,32,"Q1"
"915",915,"Mount St. Mary'sSaint Francis11-11",2025-11-11,"nc","Mount St. Mary's","Saint Francis","MAAC","NEC","A","W","74-66",0.171353269912124,0.11893327333037,0.789142831518436,0.965187205836041,0.0348127941639589,33.6,"played",NA,NA,NA,354,"Q4"
"916",916,"Mount St. Mary'sSaint Francis11-11",2025-11-11,"nc","Saint Francis","Mount St. Mary's","NEC","MAAC","H","L","66-74",0.11893327333037,0.171353269912124,0.87694452176131,0.97180128755884,-0.97180128755884,5.2,"played",NA,NA,NA,304,"Q4"
"917",917,"Murray St.SMU11-11",2025-11-11,"nc","Murray St.","SMU","MVC","ACC","A","L","91-102",0.635707651012394,0.916602426915101,0.789142831518436,0.254019532125076,-0.254019532125076,70.2,"played",NA,NA,NA,30,"Q1"
"918",918,"Murray St.SMU11-11",2025-11-11,"nc","SMU","Murray St.","ACC","MVC","H","W","102-91",0.916602426915101,0.635707651012394,0.87694452176131,0.803296496851395,0.196703503148605,89.1,"played",NA,NA,NA,74,"Q2"
"919",919,"NavyPenn St.11-11",2025-11-11,"nc","Navy","Penn St.","Pat","B10","A","L","71-80",0.313792818654193,0.644016964773121,0.789142831518436,0.674129982609513,-0.674129982609513,28.5,"played",NA,NA,NA,131,"Q2"
"920",920,"NavyPenn St.11-11",2025-11-11,"nc","Penn St.","Navy","B10","Pat","H","W","80-71",0.644016964773121,0.313792818654193,0.87694452176131,0.939701501811385,0.0602984981886153,67.4,"played",NA,NA,NA,193,"Q4"
"921",921,"NJITLoyola MD11-11",2025-11-11,"nc","Loyola MD","NJIT","Pat","AE","H","L","64-66",0.162152229273016,0.108362596707915,0.87694452176131,0.983232201292529,-0.983232201292529,10.5,"played",NA,NA,NA,332,"Q4"
"922",922,"NJITLoyola MD11-11",2025-11-11,"nc","NJIT","Loyola MD","AE","Pat","A","W","66-64",0.108362596707915,0.162152229273016,0.789142831518436,0.95083072908287,0.0491692709171297,16.6,"played",NA,NA,NA,340,"Q4"
"923",923,"Norfolk St.Old Dominion11-11",2025-11-11,"nc","Norfolk St.","Old Dominion","MEAC","SB","A","L","57-60",0.12516166540671,0.413664087476716,0.789142831518436,0.841389735962245,-0.841389735962245,31.9,"played",NA,NA,NA,250,"Q4"
"924",924,"Norfolk St.Old Dominion11-11",2025-11-11,"nc","Old Dominion","Norfolk St.","SB","MEAC","H","W","60-57",0.413664087476716,0.12516166540671,0.87694452176131,0.980319327860556,0.019680672139444,17.7,"played",NA,NA,NA,303,"Q4"
"925",925,"NortheasternHarvard11-11",2025-11-11,"nc","Harvard","Northeastern","Ivy","CAA","H","L","60-77",0.510633319046039,0.250737593781546,0.87694452176131,0.955147684195681,-0.955147684195681,3.1,"played",NA,NA,NA,249,"Q4"
"926",926,"NortheasternHarvard11-11",2025-11-11,"nc","Northeastern","Harvard","CAA","Ivy","A","W","77-60",0.250737593781546,0.510633319046039,0.789142831518436,0.781977323713595,0.218022676286405,91.7,"played",NA,NA,NA,182,"Q3"
"927",927,"Northern ArizonaArizona11-11",2025-11-11,"nc","Arizona","Northern Arizona","B12","BSky","H","W","84-49",0.977752465301565,0.144289047802944,0.87694452176131,0.976885797919125,0.0231142020808752,98.5,"played",NA,NA,NA,318,"Q4"
"928",928,"Northern ArizonaArizona11-11",2025-11-11,"nc","Northern Arizona","Arizona","BSky","B12","A","L","49-84",0.144289047802944,0.977752465301565,0.789142831518436,0.0784743366007909,-0.0784743366007909,10.2,"played",NA,NA,NA,3,"Q1"
"929",929,"Northwestern St.North Alabama11-11",2025-11-11,"nc","North Alabama","Northwestern St.","ASun","Slnd","H","W","87-83",0.155996475577486,0.172988629015108,0.87694452176131,0.971485151015013,0.028514848984987,33.7,"played",NA,NA,NA,306,"Q4"
"930",930,"Northwestern St.North Alabama11-11",2025-11-11,"nc","Northwestern St.","North Alabama","Slnd","ASun","A","L","83-87",0.172988629015108,0.155996475577486,0.789142831518436,0.952938253331221,-0.952938253331221,7.1,"played",NA,NA,NA,335,"Q4"
"931",931,"OhioSaint Mary's11-11",2025-11-11,"nc","Ohio","Saint Mary's","MAC","WCC","A","L","60-90",0.300680871365136,0.908833684887652,0.789142831518436,0.272949274196153,-0.272949274196153,20,"played",NA,NA,NA,28,"Q1"
"932",932,"OhioSaint Mary's11-11",2025-11-11,"nc","Saint Mary's","Ohio","WCC","MAC","H","W","90-60",0.908833684887652,0.300680871365136,0.87694452176131,0.943099418758103,0.0569005812418973,94.5,"played",NA,NA,NA,216,"Q4"
"933",933,"PennProvidence11-11",2025-11-11,"nc","Penn","Providence","Ivy","BE","A","L","81-106",0.395413064060764,0.803485279294478,0.789142831518436,0.477900616033965,-0.477900616033965,29.1,"played",NA,NA,NA,89,"Q2"
"934",934,"PennProvidence11-11",2025-11-11,"nc","Providence","Penn","BE","Ivy","H","W","106-81",0.803485279294478,0.395413064060764,0.87694452176131,0.915940225457352,0.0840597745426485,86.7,"played",NA,NA,NA,178,"Q4"
"935",935,"QueensDuquesne11-11",2025-11-11,"nc","Duquesne","Queens","A10","ASun","H","W","87-81",0.664548733997581,0.358618140773719,0.87694452176131,0.927248717001686,0.0727512829983142,74.2,"played",NA,NA,NA,183,"Q4"
"936",936,"QueensDuquesne11-11",2025-11-11,"nc","Queens","Duquesne","ASun","A10","A","L","81-87",0.358618140773719,0.664548733997581,0.789142831518436,0.653879211488026,-0.653879211488026,27.8,"played",NA,NA,NA,155,"Q3"
"937",937,"RadfordNorth Carolina11-11",2025-11-11,"nc","North Carolina","Radford","ACC","BSth","H","W","89-74",0.914942599410585,0.229310238486478,0.87694452176131,0.959921770218191,0.0400782297818087,72,"played",NA,NA,NA,260,"Q4"
"938",938,"RadfordNorth Carolina11-11",2025-11-11,"nc","Radford","North Carolina","BSth","ACC","A","L","74-89",0.229310238486478,0.914942599410585,0.789142831518436,0.258118902076419,-0.258118902076419,55.5,"played",NA,NA,NA,27,"Q1"
"939",939,"Sacred HeartVillanova11-11",2025-11-11,"nc","Sacred Heart","Villanova","MAAC","BE","A","L","60-94",0.185258742802667,0.914034335117992,0.789142831518436,0.260349308981246,-0.260349308981246,9,"played",NA,NA,NA,33,"Q1"
"940",940,"Sacred HeartVillanova11-11",2025-11-11,"nc","Villanova","Sacred Heart","BE","MAAC","H","W","94-60",0.914034335117992,0.185258742802667,0.87694452176131,0.969079449264048,0.0309205507359519,96.1,"played",NA,NA,NA,287,"Q4"
"941",941,"Stephen F. AustinRice11-11",2025-11-11,"nc","Rice","Stephen F. Austin","Amer","Slnd","H","L","69-81",0.456337279232508,0.698277000404957,0.87694452176131,0.75485983588986,-0.75485983588986,25.8,"played",NA,NA,NA,88,"Q3"
"942",942,"Stephen F. AustinRice11-11",2025-11-11,"nc","Stephen F. Austin","Rice","Slnd","Amer","A","W","81-69",0.698277000404957,0.456337279232508,0.789142831518436,0.816807094698556,0.183192905301444,84.8,"played",NA,NA,NA,253,"Q4"
"943",943,"StonehillRhode Island11-11",2025-11-11,"nc","Rhode Island","Stonehill","A10","NEC","H","W","80-57",0.656655293009964,0.0863616106872418,0.87694452176131,0.986909609419067,0.0130903905809331,74.2,"played",NA,NA,NA,337,"Q4"
"944",944,"StonehillRhode Island11-11",2025-11-11,"nc","Stonehill","Rhode Island","NEC","A10","A","L","57-80",0.0863616106872418,0.656655293009964,0.789142831518436,0.661803604151082,-0.661803604151082,5.9,"played",NA,NA,NA,133,"Q2"
"945",945,"Texas A&M Corpus ChrisKansas11-11",2025-11-11,"nc","Kansas","Texas A&M Corpus Chris","B12","Slnd","H","W","77-46",0.958273819187545,0.415344559057257,0.87694452176131,0.909349881209777,0.0906501187902234,99.2,"played",NA,NA,NA,181,"Q4"
"946",946,"Texas A&M Corpus ChrisKansas11-11",2025-11-11,"nc","Texas A&M Corpus Chris","Kansas","Slnd","B12","A","L","46-77",0.415344559057257,0.958273819187545,0.789142831518436,0.140126652159027,-0.140126652159027,11.7,"played",NA,NA,NA,18,"Q1"
"947",947,"Texas TechIllinois11-11",2025-11-11,"nc","Illinois","Texas Tech","B10","B12","H","W","81-77",0.970104643724092,0.914150403527372,0.87694452176131,0.400930435453587,0.599069564546413,96,"played",NA,NA,NA,17,"Q1"
"948",948,"Texas TechIllinois11-11",2025-11-11,"nc","Texas Tech","Illinois","B12","B10","A","L","77-81",0.914150403527372,0.970104643724092,0.789142831518436,0.103406530476857,-0.103406530476857,93.5,"played",NA,NA,NA,9,"Q1"
"949",949,"ToledoWright St.11-11",2025-11-11,"nc","Toledo","Wright St.","MAC","Horz","A","W","81-71",0.405578446649967,0.717548418206008,0.789142831518436,0.595664611268505,0.404335388731495,88.8,"played",NA,NA,NA,136,"Q3"
"950",950,"ToledoWright St.11-11",2025-11-11,"nc","Wright St.","Toledo","Horz","MAC","H","L","71-81",0.717548418206008,0.405578446649967,0.87694452176131,0.912622369732399,-0.912622369732399,17.9,"played",NA,NA,NA,169,"Q4"
"951",951,"TulaneLouisiana11-11",2025-11-11,"nc","Louisiana","Tulane","SB","Amer","H","L","62-66",0.233108569263396,0.343744187026903,0.87694452176131,0.931531828337849,-0.931531828337849,19.3,"played",NA,NA,NA,202,"Q4"
"952",952,"TulaneLouisiana11-11",2025-11-11,"nc","Tulane","Louisiana","Amer","SB","A","W","66-62",0.343744187026903,0.233108569263396,0.789142831518436,0.924882092909863,0.0751179070901371,40,"played",NA,NA,NA,334,"Q4"
"953",953,"UC RiversideNew Mexico11-11",2025-11-11,"nc","New Mexico","UC Riverside","MWC","BW","H","W","82-68",0.889177912187195,0.201552689174799,0.87694452176131,0.965789939307561,0.0342100606924388,55.9,"played",NA,NA,NA,283,"Q4"
"954",954,"UC RiversideNew Mexico11-11",2025-11-11,"nc","UC Riverside","New Mexico","BW","MWC","A","L","68-82",0.201552689174799,0.889177912187195,0.789142831518436,0.318080985198017,-0.318080985198017,61.5,"played",NA,NA,NA,42,"Q1"
"955",955,"UC Santa BarbaraSacramento St.11-11",2025-11-11,"nc","Sacramento St.","UC Santa Barbara","BSky","BW","H","L","87-92",0.304984656110273,0.483931703427263,0.87694452176131,0.883716358848983,-0.883716358848983,25.9,"played",NA,NA,NA,145,"Q3"
"956",956,"UC Santa BarbaraSacramento St.11-11",2025-11-11,"nc","UC Santa Barbara","Sacramento St.","BW","BSky","A","W","92-87",0.483931703427263,0.304984656110273,0.789142831518436,0.895054064928712,0.104945935071288,54,"played",NA,NA,NA,279,"Q4"
"957",957,"UMBCMorgan St.11-11",2025-11-11,"nc","Morgan St.","UMBC","MEAC","AE","H","L","79-81",0.0769875851717531,0.209748829553563,0.87694452176131,0.96409275773184,-0.96409275773184,10.1,"played",NA,NA,NA,274,"Q4"
"958",958,"UMBCMorgan St.11-11",2025-11-11,"nc","UMBC","Morgan St.","AE","MEAC","A","W","81-79",0.209748829553563,0.0769875851717531,0.789142831518436,0.978199161594347,0.0218008384056526,16.5,"played",NA,NA,NA,361,"Q4"
"959",959,"UT Rio Grande ValleyBoise St.11-11",2025-11-11,"nc","Boise St.","UT Rio Grande Valley","MWC","Slnd","H","W","85-65",0.83001126375618,0.397957356960562,0.87694452176131,0.915118069533995,0.0848819304660049,88.8,"played",NA,NA,NA,194,"Q4"
"960",960,"UT Rio Grande ValleyBoise St.11-11",2025-11-11,"nc","UT Rio Grande Valley","Boise St.","Slnd","MWC","A","L","65-85",0.397957356960562,0.83001126375618,0.789142831518436,0.433903907888668,-0.433903907888668,28.9,"played",NA,NA,NA,71,"Q1"
"961",961,"WagnerFordham11-11",2025-11-11,"nc","Fordham","Wagner","A10","NEC","H","W","63-61",0.520630114053518,0.136887136003035,0.87694452176131,0.978229684731794,0.0217703152682057,13.6,"played",NA,NA,NA,324,"Q4"
"962",962,"WagnerFordham11-11",2025-11-11,"nc","Wagner","Fordham","NEC","A10","A","L","61-63",0.136887136003035,0.520630114053518,0.789142831518436,0.775076087478428,-0.775076087478428,52.2,"played",NA,NA,NA,226,"Q3"
"963",963,"Western IllinoisCal St. Bakersfield11-11",2025-11-11,"nc","Cal St. Bakersfield","Western Illinois","BW","OVC","H","W","74-58",0.265483872557692,0.0596043465683944,0.87694452176131,0.991184425486864,0.0088155745131363,38.8,"played",NA,NA,NA,356,"Q4"
"964",964,"Western IllinoisCal St. Bakersfield11-11",2025-11-11,"nc","Western Illinois","Cal St. Bakersfield","OVC","BW","A","L","58-74",0.0596043465683944,0.265483872557692,0.789142831518436,0.911929432395944,-0.911929432395944,3.5,"played",NA,NA,NA,301,"Q4"
"965",965,"William & MaryRichmond11-11",2025-11-11,"nc","Richmond","William & Mary","A10","CAA","H","W","90-86",0.660447080764919,0.532570409595156,0.87694452176131,0.862159378953457,0.137840621046543,63.1,"played",NA,NA,NA,108,"Q3"
"966",966,"William & MaryRichmond11-11",2025-11-11,"nc","William & Mary","Richmond","CAA","A10","A","L","86-90",0.532570409595156,0.660447080764919,0.789142831518436,0.658019120873694,-0.658019120873694,56.5,"played",NA,NA,NA,126,"Q2"
"967",967,"WinthropCoastal Carolina11-11",2025-11-11,"nc","Coastal Carolina","Winthrop","SB","BSth","H","W","72-66",0.391019597898515,0.429719171865507,0.87694452176131,0.904374623248957,0.095625376751043,77.1,"played",NA,NA,NA,130,"Q3"
"968",968,"WinthropCoastal Carolina11-11",2025-11-11,"nc","Winthrop","Coastal Carolina","BSth","SB","A","L","66-72",0.429719171865507,0.391019597898515,0.789142831518436,0.853559338847739,-0.853559338847739,12.6,"played",NA,NA,NA,235,"Q3"
"969",969,"WoffordAuburn11-11",2025-11-11,"nc","Auburn","Wofford","SEC","SC","H","W","93-62",0.914477539067104,0.281320852120458,0.87694452176131,0.947931772553643,0.0520682274463571,96.4,"played",NA,NA,NA,225,"Q4"
"970",970,"WoffordAuburn11-11",2025-11-11,"nc","Wofford","Auburn","SC","SEC","A","L","62-93",0.281320852120458,0.914477539067104,0.789142831518436,0.259262066114196,-0.259262066114196,13.6,"played",NA,NA,NA,34,"Q1"
"971",971,"YaleQuinnipiac11-11",2025-11-11,"nc","Quinnipiac","Yale","MAAC","Ivy","H","L","60-97",0.56676972583644,0.697398462944221,0.87694452176131,0.755630003204374,-0.755630003204374,3.5,"played",NA,NA,NA,61,"Q2"
"972",972,"YaleQuinnipiac11-11",2025-11-11,"nc","Yale","Quinnipiac","Ivy","MAAC","A","W","97-60",0.697398462944221,0.56676972583644,0.789142831518436,0.740982745235832,0.259017254764168,98.8,"played",NA,NA,NA,184,"Q3"
"973",973,"SUNY DelhiAlbany11-11",2025-11-11,"nond1","Albany","SUNY Delhi","AE",NA,"H","W","52-115",NA,NA,NA,NA,0,NA,"played",NA,NA,NA,NA,NA
"974",974,"ClearyDetroit Mercy11-11",2025-11-11,"nond1","Detroit Mercy","Cleary","Horz",NA,"H","W","54-92",NA,NA,NA,NA,0,NA,"played",NA,NA,NA,NA,NA
"975",975,"IU ColumbusIU Indy11-11",2025-11-11,"nond1","IU Indy","IU Columbus","Horz",NA,"H","W","77-121",NA,NA,NA,NA,0,NA,"played",NA,NA,NA,NA,NA
"976",976,"Bethesda (CA)Southern Utah11-11",2025-11-11,"nond1","Southern Utah","Bethesda (CA)","WAC",NA,"H","W","60-118",NA,NA,NA,NA,0,NA,"played",NA,NA,NA,NA,NA
"977",977,"S'western AdventistAbilene Christian11-11",2025-11-11,"nond1","Abilene Christian","S'western Adventist","WAC",NA,"H","W","63-104",NA,NA,NA,NA,0,NA,"played",NA,NA,NA,NA,NA
"978",978,"Pensacola ChristianTroy11-11",2025-11-11,"nond1","Troy","Pensacola Christian","SB",NA,"H","W","56-121",NA,NA,NA,NA,0,NA,"played",NA,NA,NA,NA,NA
"979",979,"WilsonTowson11-11",2025-11-11,"nond1","Towson","Wilson","CAA",NA,"H","W","62-101",NA,NA,NA,NA,0,NA,"played",NA,NA,NA,NA,NA
"980",980,"Lincoln (CA)Pepperdine11-11",2025-11-11,"nond1","Pepperdine","Lincoln (CA)","WCC",NA,"H","W","76-113",NA,NA,NA,NA,0,NA,"played",NA,NA,NA,NA,NA
"981",981,"St. Joseph's LIStony Brook11-11",2025-11-11,"nond1","Stony Brook","St. Joseph's LI","CAA",NA,"H","W","43-107",NA,NA,NA,NA,0,NA,"played",NA,NA,NA,NA,NA
"982",982,"Coastal GeorgiaBethune Cookman11-11",2025-11-11,"nond1","Bethune Cookman","Coastal Georgia","SWAC",NA,"H","W","60-101",NA,NA,NA,NA,0,NA,"played",NA,NA,NA,NA,NA
"983",983,"OakwoodTennessee St.11-11",2025-11-11,"nond1","Tennessee St.","Oakwood","OVC",NA,"H","W","76-114",NA,NA,NA,NA,0,NA,"played",NA,NA,NA,NA,NA
"984",984,"St. Francis (IL)Illinois Chicago11-11",2025-11-11,"nond1","Illinois Chicago","St. Francis (IL)","MVC",NA,"H","W","55-98",NA,NA,NA,NA,0,NA,"played",NA,NA,NA,NA,NA
"985",985,"N.M. HighlandsNew Mexico St.11-11",2025-11-11,"nond1","New Mexico St.","N.M. Highlands","CUSA",NA,"H","W","58-74",NA,NA,NA,NA,0,NA,"played",NA,NA,NA,NA,NA
"986",986,"Mayville St.North Dakota11-11",2025-11-11,"nond1","North Dakota","Mayville St.","Sum",NA,"H","W","58-128",NA,NA,NA,NA,0,NA,"played",NA,NA,NA,NA,NA
"987",987,"CatawbaGeorge Mason11-11",2025-11-11,"nond1","George Mason","Catawba","A10",NA,"H","W","62-86",NA,NA,NA,NA,0,NA,"played",NA,NA,NA,NA,NA
"988",988,"Southwestern Christ.Incarnate Word11-11",2025-11-11,"nond1","Incarnate Word","Southwestern Christ.","Slnd",NA,"H","W","70-109",NA,NA,NA,NA,0,NA,"played",NA,NA,NA,NA,NA
"989",989,"AmericanGeorge Washington11-12",2025-11-12,"nc","American","George Washington","Pat","A10","A","L","67-107",0.351681313504199,0.805846857394486,0.789142831518436,0.474153029460988,-0.474153029460988,6,"played",NA,NA,NA,75,"Q1"
"990",990,"AmericanGeorge Washington11-12",2025-11-12,"nc","George Washington","American","A10","Pat","H","W","107-67",0.805846857394486,0.351681313504199,0.87694452176131,0.929265785702261,0.0707342142977385,97.2,"played",NA,NA,NA,228,"Q4"
"991",991,"BinghamtonGeorgetown11-12",2025-11-12,"nc","Binghamton","Georgetown","AE","BE","A","L","70-83",0.0455455848513069,0.736066932523059,0.789142831518436,0.573009575192196,-0.573009575192196,31.1,"played",NA,NA,NA,118,"Q2"
"992",992,"BinghamtonGeorgetown11-12",2025-11-12,"nc","Georgetown","Binghamton","BE","AE","H","W","83-70",0.736066932523059,0.0455455848513069,0.87694452176131,0.993348470028501,0.00665152997149854,22.8,"played",NA,NA,NA,362,"Q4"
"993",993,"BrownBoston University11-12",2025-11-12,"nc","Boston University","Brown","Pat","Ivy","H","W","90-77",0.285090150805246,0.22903256495286,0.87694452176131,0.959982199400525,0.0400178005994747,80.4,"played",NA,NA,NA,275,"Q4"
"994",994,"BrownBoston University11-12",2025-11-12,"nc","Brown","Boston University","Ivy","Pat","A","L","77-90",0.22903256495286,0.285090150805246,0.789142831518436,0.903707677893,-0.903707677893,2.8,"played",NA,NA,NA,292,"Q4"
"995",995,"Cal PolyColorado St.11-12",2025-11-12,"nc","Cal Poly","Colorado St.","BW","MWC","A","L","79-93",0.22558726115521,0.761948848530048,0.789142831518436,0.539013660019678,-0.539013660019678,32.6,"played",NA,NA,NA,92,"Q2"
"996",996,"Cal PolyColorado St.11-12",2025-11-12,"nc","Colorado St.","Cal Poly","MWC","BW","H","W","93-79",0.761948848530048,0.22558726115521,0.87694452176131,0.960729012486904,0.0392709875130959,65.8,"played",NA,NA,NA,257,"Q4"
"997",997,"Coppin St.South Florida11-12",2025-11-12,"nc","Coppin St.","South Florida","MEAC","Amer","A","L","50-100",0.0259808577725411,0.827671121247399,0.789142831518436,0.437960160751415,-0.437960160751415,0.6,"played",NA,NA,NA,66,"Q1"
"998",998,"Coppin St.South Florida11-12",2025-11-12,"nc","South Florida","Coppin St.","Amer","MEAC","H","W","100-50",0.827671121247399,0.0259808577725411,0.87694452176131,0.996271000581672,0.00372899941832849,95.7,"played",NA,NA,NA,364,"Q4"
"999",999,"DartmouthBryant11-12",2025-11-12,"nc","Bryant","Dartmouth","AE","Ivy","H","W","82-75",0.125026481328206,0.313883565357004,0.87694452176131,0.939677619552002,0.060322380447998,46.7,"played",NA,NA,NA,222,"Q4"
"1000",1000,"DartmouthBryant11-12",2025-11-12,"nc","Dartmouth","Bryant","Ivy","AE","A","L","75-82",0.313883565357004,0.125026481328206,0.789142831518436,0.963223783162156,-0.963223783162156,7,"played",NA,NA,NA,345,"Q4"
"1001",1001,"Eastern KentuckyVanderbilt11-12",2025-11-12,"nc","Eastern Kentucky","Vanderbilt","ASun","SEC","A","L","62-92",0.223192376556858,0.960919519146125,0.789142831518436,0.132101847871506,-0.132101847871506,25.4,"played",NA,NA,NA,16,"Q1"
"1002",1002,"Eastern KentuckyVanderbilt11-12",2025-11-12,"nc","Vanderbilt","Eastern Kentucky","SEC","ASun","H","W","92-62",0.960919519146125,0.223192376556858,0.87694452176131,0.961244908789494,0.0387550912105064,95.4,"played",NA,NA,NA,262,"Q4"
"1003",1003,"Eastern WashingtonSeattle11-12",2025-11-12,"nc","Eastern Washington","Seattle","BSky","WCC","A","L","67-94",0.310791476526984,0.74544303723052,0.789142831518436,0.561022355526039,-0.561022355526039,11.1,"played",NA,NA,NA,114,"Q2"
"1004",1004,"Eastern WashingtonSeattle11-12",2025-11-12,"nc","Seattle","Eastern Washington","WCC","BSky","H","W","94-67",0.74544303723052,0.310791476526984,0.87694452176131,0.940488514720462,0.0595114852795378,91.4,"played",NA,NA,NA,254,"Q4"
"1005",1005,"ElonMarshall11-12",2025-11-12,"nc","Elon","Marshall","CAA","SB","A","L","89-96",0.417238728194965,0.564591704093553,0.789142831518436,0.74268055731084,-0.74268055731084,29.6,"played",NA,NA,NA,138,"Q3"
"1006",1006,"ElonMarshall11-12",2025-11-12,"nc","Marshall","Elon","SB","CAA","H","W","96-89",0.564591704093553,0.417238728194965,0.87694452176131,0.908705250541613,0.0912947494583871,68.8,"played",NA,NA,NA,168,"Q4"
"1007",1007,"Fairleigh DickinsonTexas11-12",2025-11-12,"nc","Fairleigh Dickinson","Texas","NEC","SEC","A","L","58-93",0.105857899301199,0.887271095950039,0.789142831518436,0.322261464403328,-0.322261464403328,12.2,"played",NA,NA,NA,43,"Q1"
"1008",1008,"Fairleigh DickinsonTexas11-12",2025-11-12,"nc","Texas","Fairleigh Dickinson","SEC","NEC","H","W","93-58",0.887271095950039,0.105857899301199,0.87694452176131,0.983658574348393,0.0163414256516066,87,"played",NA,NA,NA,339,"Q4"
"1009",1009,"IdahoSan Diego11-12",2025-11-12,"nc","Idaho","San Diego","BSky","WCC","A","L","74-78",0.431116462873849,0.545701106777343,0.789142831518436,0.75702731189978,-0.75702731189978,31.3,"played",NA,NA,NA,208,"Q3"
"1010",1010,"IdahoSan Diego11-12",2025-11-12,"nc","San Diego","Idaho","WCC","BSky","H","W","78-74",0.545701106777343,0.431116462873849,0.87694452176131,0.903880582257921,0.0961194177420787,66.6,"played",NA,NA,NA,158,"Q3"
"1011",1011,"James MadisonLongwood11-12",2025-11-12,"nc","James Madison","Longwood","SB","BSth","A","L","72-82",0.248008473110579,0.312752660506419,0.789142831518436,0.891586317792624,-0.891586317792624,7.4,"played",NA,NA,NA,271,"Q4"
"1012",1012,"James MadisonLongwood11-12",2025-11-12,"nc","Longwood","James Madison","BSth","SB","H","W","82-72",0.312752660506419,0.248008473110579,0.87694452176131,0.955768164170376,0.0442318358296244,65.3,"played",NA,NA,NA,244,"Q4"
"1013",1013,"Little RockMarquette11-12",2025-11-12,"nc","Little Rock","Marquette","OVC","BE","A","L","49-89",0.127043860244037,0.679338014949704,0.789142831518436,0.638540499954744,-0.638540499954744,1.6,"played",NA,NA,NA,142,"Q3"
"1014",1014,"Little RockMarquette11-12",2025-11-12,"nc","Marquette","Little Rock","BE","OVC","H","W","89-49",0.679338014949704,0.127043860244037,0.87694452176131,0.979987080838008,0.0200129191619924,95.1,"played",NA,NA,NA,302,"Q4"
"1015",1015,"Long Beach St.Pacific11-12",2025-11-12,"nc","Long Beach St.","Pacific","BW","WCC","A","L","66-69",0.276270766068189,0.675830586238256,0.789142831518436,0.642237814640784,-0.642237814640784,67.7,"played",NA,NA,NA,110,"Q2"
"1016",1016,"Long Beach St.Pacific11-12",2025-11-12,"nc","Pacific","Long Beach St.","WCC","BW","H","W","69-66",0.675830586238256,0.276270766068189,0.87694452176131,0.949157607123227,0.0508423928767727,27.5,"played",NA,NA,NA,240,"Q4"
"1017",1017,"ManhattanUtah Tech11-12",2025-11-12,"nc","Manhattan","Utah Tech","MAAC","WAC","N","W","79-75",0.152684828795975,0.400712113763127,0.837778001870703,0.885369000721833,0.114630999278167,58.2,"played",NA,NA,NA,199,"Q3"
"1018",1018,"ManhattanUtah Tech11-12",2025-11-12,"nc","Utah Tech","Manhattan","WAC","MAAC","N","L","75-79",0.400712113763127,0.152684828795975,0.837778001870703,0.966283966917879,-0.966283966917879,8,"played",NA,NA,NA,330,"Q4"
"1019",1019,"MercyhurstCanisius11-12",2025-11-12,"nc","Canisius","Mercyhurst","MAAC","NEC","H","W","58-55",0.168655818164591,0.197715059489074,0.87694452176131,0.966574696119011,0.0334253038809886,38,"played",NA,NA,NA,290,"Q4"
"1020",1020,"MercyhurstCanisius11-12",2025-11-12,"nc","Mercyhurst","Canisius","NEC","MAAC","A","L","55-58",0.197715059489074,0.168655818164591,0.789142831518436,0.948580548987064,-0.948580548987064,7.5,"played",NA,NA,NA,342,"Q4"
"1021",1021,"Middle TennesseeEvansville11-12",2025-11-12,"nc","Evansville","Middle Tennessee","MVC","CUSA","H","L","72-77",0.316297971986588,0.617437484215807,0.87694452176131,0.815345086458109,-0.815345086458109,28.9,"played",NA,NA,NA,111,"Q3"
"1022",1022,"Middle TennesseeEvansville11-12",2025-11-12,"nc","Middle Tennessee","Evansville","CUSA","MVC","A","W","77-72",0.617437484215807,0.316297971986588,0.789142831518436,0.88998656064279,0.110013439357211,64.8,"played",NA,NA,NA,284,"Q4"
"1023",1023,"MilwaukeeIndiana11-12",2025-11-12,"nc","Indiana","Milwaukee","B10","Horz","H","W","101-70",0.929075305570624,0.247415137782907,0.87694452176131,0.955902572692459,0.0440974273075413,88.3,"played",NA,NA,NA,233,"Q4"
"1024",1024,"MilwaukeeIndiana11-12",2025-11-12,"nc","Milwaukee","Indiana","Horz","B10","A","L","70-101",0.247415137782907,0.929075305570624,0.789142831518436,0.222214997574681,-0.222214997574681,36.3,"played",NA,NA,NA,38,"Q1"
"1025",1025,"MinnesotaMissouri11-12",2025-11-12,"nc","Minnesota","Missouri","B10","SEC","A","L","60-83",0.730929552070615,0.837628198528992,0.789142831518436,0.42045174979891,-0.42045174979891,46.3,"played",NA,NA,NA,70,"Q1"
"1026",1026,"MinnesotaMissouri11-12",2025-11-12,"nc","Missouri","Minnesota","SEC","B10","H","W","83-60",0.837628198528992,0.730929552070615,0.87694452176131,0.724014798467854,0.275985201532146,94.2,"played",NA,NA,NA,83,"Q3"
"1027",1027,"Mississippi Valley St.Hawaii11-12",2025-11-12,"nc","Hawaii","Mississippi Valley St.","BW","SWAC","H","W","88-56",0.782563869210565,0.0200041175334786,0.87694452176131,0.997143844867186,0.00285615513281423,67.1,"played",NA,NA,NA,365,"Q4"
"1028",1028,"Mississippi Valley St.Hawaii11-12",2025-11-12,"nc","Mississippi Valley St.","Hawaii","SWAC","BW","A","L","56-88",0.0200041175334786,0.782563869210565,0.789142831518436,0.50977274777129,-0.50977274777129,3.5,"played",NA,NA,NA,97,"Q2"
"1029",1029,"Montana St.Stanford11-12",2025-11-12,"nc","Montana St.","Stanford","BSky","ACC","A","L","68-77",0.518194021185584,0.825268926203313,0.789142831518436,0.442087360782368,-0.442087360782368,59.2,"played",NA,NA,NA,68,"Q1"
"1030",1030,"Montana St.Stanford11-12",2025-11-12,"nc","Stanford","Montana St.","ACC","BSky","H","W","77-68",0.825268926203313,0.518194021185584,0.87694452176131,0.868869531125587,0.131130468874413,77.8,"played",NA,NA,NA,134,"Q3"
"1031",1031,"Nicholls St.Valparaiso11-12",2025-11-12,"nc","Nicholls St.","Valparaiso","Slnd","MVC","A","L","63-68",0.298838774145833,0.617432819487282,0.789142831518436,0.69869691398021,-0.69869691398021,38.8,"played",NA,NA,NA,171,"Q3"
"1032",1032,"Nicholls St.Valparaiso11-12",2025-11-12,"nc","Valparaiso","Nicholls St.","MVC","Slnd","H","W","68-63",0.617432819487282,0.298838774145833,0.87694452176131,0.943568533420601,0.0564314665793993,52.1,"played",NA,NA,NA,214,"Q4"
"1033",1033,"North FloridaTennessee11-12",2025-11-12,"nc","North Florida","Tennessee","ASun","SEC","A","L","66-99",0.130909333469256,0.951108153148531,0.789142831518436,0.161345502513521,-0.161345502513521,36.2,"played",NA,NA,NA,26,"Q1"
"1034",1034,"North FloridaTennessee11-12",2025-11-12,"nc","Tennessee","North Florida","SEC","ASun","H","W","99-66",0.951108153148531,0.130909333469256,0.87694452176131,0.979300944347944,0.0206990556520561,83.8,"played",NA,NA,NA,341,"Q4"
"1035",1035,"North TexasOregon St.11-12",2025-11-12,"nc","North Texas","Oregon St.","Amer","WCC","A","L","64-66",0.455092616735083,0.48746862199899,0.789142831518436,0.797364378973173,-0.797364378973173,57,"played",NA,NA,NA,213,"Q3"
"1036",1036,"North TexasOregon St.11-12",2025-11-12,"nc","Oregon St.","North Texas","WCC","Amer","H","W","66-64",0.48746862199899,0.455092616735083,0.87694452176131,0.895099567727526,0.104900432272474,37.5,"played",NA,NA,NA,147,"Q3"
"1037",1037,"Northern KentuckyEast Tennessee St.11-12",2025-11-12,"nc","East Tennessee St.","Northern Kentucky","SC","Horz","H","W","75-63",0.607991931766003,0.406379079596688,0.87694452176131,0.91235726676444,0.0876427332355595,85.1,"played",NA,NA,NA,177,"Q4"
"1038",1038,"Northern KentuckyEast Tennessee St.11-12",2025-11-12,"nc","Northern Kentucky","East Tennessee St.","Horz","SC","A","L","63-75",0.406379079596688,0.607991931766003,0.789142831518436,0.707006029827842,-0.707006029827842,15.7,"played",NA,NA,NA,129,"Q2"
"1039",1039,"OaklandHouston11-12",2025-11-12,"nc","Houston","Oakland","B12","Horz","H","W","78-45",0.978859960512281,0.482772141388938,0.87694452176131,0.884192673060866,0.115807326939134,99.6,"played",NA,NA,NA,135,"Q3"
"1040",1040,"OaklandHouston11-12",2025-11-12,"nc","Oakland","Houston","Horz","B12","A","L","45-78",0.482772141388938,0.978859960512281,0.789142831518436,0.0747819159995559,-0.0747819159995559,13.3,"played",NA,NA,NA,10,"Q1"
"1041",1041,"Portland St.San Francisco11-12",2025-11-12,"nc","Portland St.","San Francisco","BSky","WCC","A","L","70-80",0.428876901216264,0.739588765971914,0.789142831518436,0.568549132866206,-0.568549132866206,21.8,"played",NA,NA,NA,107,"Q2"
"1042",1042,"Portland St.San Francisco11-12",2025-11-12,"nc","San Francisco","Portland St.","WCC","BSky","H","W","80-70",0.739588765971914,0.428876901216264,0.87694452176131,0.904671517158032,0.0953284828419685,88.4,"played",NA,NA,NA,137,"Q3"
"1043",1043,"Prairie View A&MOklahoma St.11-12",2025-11-12,"nc","Oklahoma St.","Prairie View A&M","B12","SWAC","H","W","94-67",0.819344264260517,0.172466558867004,0.87694452176131,0.971586187483802,0.0284138125161976,86,"played",NA,NA,NA,296,"Q4"
"1044",1044,"Prairie View A&MOklahoma St.11-12",2025-11-12,"nc","Prairie View A&M","Oklahoma St.","SWAC","B12","A","L","67-94",0.172466558867004,0.819344264260517,0.789142831518436,0.452111051323319,-0.452111051323319,13.3,"played",NA,NA,NA,73,"Q1"
"1045",1045,"PresbyterianSouth Carolina11-12",2025-11-12,"nc","Presbyterian","South Carolina","BSth","SEC","A","L","61-81",0.211694092348146,0.817726977948728,0.789142831518436,0.454809537531623,-0.454809537531623,10.7,"played",NA,NA,NA,85,"Q2"
"1046",1046,"PresbyterianSouth Carolina11-12",2025-11-12,"nc","South Carolina","Presbyterian","SEC","BSth","H","W","81-61",0.817726977948728,0.211694092348146,0.87694452176131,0.96368565745234,0.03631434254766,90.9,"played",NA,NA,NA,258,"Q4"
"1047",1047,"Purdue Fort WayneWestern Michigan11-12",2025-11-12,"nc","Purdue Fort Wayne","Western Michigan","Horz","MAC","A","L","71-83",0.292872856878609,0.39706717406787,0.789142831518436,0.850365000236185,-0.850365000236185,20.8,"played",NA,NA,NA,256,"Q4"
"1048",1048,"Purdue Fort WayneWestern Michigan11-12",2025-11-12,"nc","Western Michigan","Purdue Fort Wayne","MAC","Horz","H","W","83-71",0.39706717406787,0.292872856878609,0.87694452176131,0.945074204187965,0.054925795812035,50.9,"played",NA,NA,NA,210,"Q4"
"1049",1049,"Saint Joseph'sVirginia Tech11-12",2025-11-12,"nc","Saint Joseph's","Virginia Tech","A10","ACC","A","L","59-94",0.441375051805727,0.853893151640768,0.789142831518436,0.39038325210195,-0.39038325210195,5.7,"played",NA,NA,NA,51,"Q1"
"1050",1050,"Saint Joseph'sVirginia Tech11-12",2025-11-12,"nc","Virginia Tech","Saint Joseph's","ACC","A10","H","W","94-59",0.853893151640768,0.441375051805727,0.87694452176131,0.90019487903602,0.0998051209639798,98.7,"played",NA,NA,NA,192,"Q4"
"1051",1051,"Saint Peter'sVCU11-12",2025-11-12,"nc","Saint Peter's","VCU","MAAC","A10","A","L","61-78",0.312643989802408,0.832009910410597,0.789142831518436,0.430411360912575,-0.430411360912575,24.6,"played",NA,NA,NA,55,"Q1"
"1052",1052,"Saint Peter'sVCU11-12",2025-11-12,"nc","VCU","Saint Peter's","A10","MAAC","H","W","78-61",0.832009910410597,0.312643989802408,0.87694452176131,0.940003404180597,0.0599965958194028,87.3,"played",NA,NA,NA,223,"Q4"
"1053",1053,"SamfordTexas Southern11-12",2025-11-12,"nc","Samford","Texas Southern","SC","SWAC","A","W","93-90",0.172321727445834,0.218447040616154,0.789142831518436,0.930507135168519,0.0694928648314806,23.3,"played",NA,NA,NA,348,"Q4"
"1054",1054,"SamfordTexas Southern11-12",2025-11-12,"nc","Texas Southern","Samford","SWAC","SC","H","L","90-93",0.218447040616154,0.172321727445834,0.87694452176131,0.971614197909055,-0.971614197909055,16.1,"played",NA,NA,NA,269,"Q4"
"1055",1055,"SienaSt. Bonaventure11-12",2025-11-12,"nc","Siena","St. Bonaventure","MAAC","A10","A","L","66-75",0.390387146522654,0.588463345654528,0.789142831518436,0.723552025588615,-0.723552025588615,33.9,"played",NA,NA,NA,144,"Q3"
"1056",1056,"SienaSt. Bonaventure11-12",2025-11-12,"nc","St. Bonaventure","Siena","A10","MAAC","H","W","75-66",0.588463345654528,0.390387146522654,0.87694452176131,0.917548378669134,0.0824516213308657,64.1,"played",NA,NA,NA,172,"Q4"
"1057",1057,"South Dakota St.Oregon11-12",2025-11-12,"nc","Oregon","South Dakota St.","B10","Sum","H","W","83-69",0.81299290274961,0.37728213329656,0.87694452176131,0.921644883236383,0.0783551167636174,75.1,"played",NA,NA,NA,180,"Q4"
"1058",1058,"South Dakota St.Oregon11-12",2025-11-12,"nc","South Dakota St.","Oregon","Sum","B10","A","L","69-83",0.37728213329656,0.81299290274961,0.789142831518436,0.462617524270081,-0.462617524270081,46.6,"played",NA,NA,NA,104,"Q2"
"1059",1059,"Southern IllinoisNevada11-12",2025-11-12,"nc","Nevada","Southern Illinois","MWC","MVC","H","W","86-81",0.843851415463164,0.429692892721203,0.87694452176131,0.904383896749159,0.0956161032508414,49.8,"played",NA,NA,NA,143,"Q3"
"1060",1060,"Southern IllinoisNevada11-12",2025-11-12,"nc","Southern Illinois","Nevada","MVC","MWC","A","L","81-86",0.429692892721203,0.843851415463164,0.789142831518436,0.409168925081937,-0.409168925081937,80.4,"played",NA,NA,NA,65,"Q1"
"1061",1061,"Southern IndianaSouth Dakota11-12",2025-11-12,"nc","South Dakota","Southern Indiana","Sum","OVC","H","W","89-74",0.342292200243587,0.0957595304080808,0.87694452176131,0.985357317458812,0.0146426825411878,44.9,"played",NA,NA,NA,338,"Q4"
"1062",1062,"Southern IndianaSouth Dakota11-12",2025-11-12,"nc","Southern Indiana","South Dakota","OVC","Sum","A","L","74-89",0.0957595304080808,0.342292200243587,0.789142831518436,0.877918226219965,-0.877918226219965,6.3,"played",NA,NA,NA,272,"Q4"
"1063",1063,"Tennessee MartinBradley11-12",2025-11-12,"nc","Bradley","Tennessee Martin","MVC","OVC","H","L","67-78",0.630393603174275,0.237188051713002,0.87694452176131,0.958192248853182,-0.958192248853182,9.9,"played",NA,NA,NA,187,"Q4"
"1064",1064,"Tennessee MartinBradley11-12",2025-11-12,"nc","Tennessee Martin","Bradley","OVC","MVC","A","W","78-67",0.237188051713002,0.630393603174275,0.789142831518436,0.686941833214128,0.313058166785872,82.9,"played",NA,NA,NA,124,"Q2"
"1065",1065,"TulsaOral Roberts11-12",2025-11-12,"nc","Oral Roberts","Tulsa","Sum","Amer","H","L","87-88",0.246336680636335,0.756867007275388,0.87694452176131,0.695980430402939,-0.695980430402939,77,"played",NA,NA,NA,47,"Q2"
"1066",1066,"TulsaOral Roberts11-12",2025-11-12,"nc","Tulsa","Oral Roberts","Amer","Sum","A","W","88-87",0.756867007275388,0.246336680636335,0.789142831518436,0.919680424700408,0.080319575299592,23.3,"played",NA,NA,NA,317,"Q4"
"1067",1067,"UC San DiegoFresno St.11-12",2025-11-12,"nc","Fresno St.","UC San Diego","MWC","BW","H","L","73-78",0.639155744766348,0.591942410772934,0.87694452176131,0.830870239432055,-0.830870239432055,38,"played",NA,NA,NA,98,"Q3"
"1068",1068,"UC San DiegoFresno St.11-12",2025-11-12,"nc","UC San Diego","Fresno St.","BW","MWC","A","W","78-73",0.591942410772934,0.639155744766348,0.789142831518436,0.678756847319588,0.321243152680412,80.7,"played",NA,NA,NA,139,"Q3"
"1069",1069,"UNC GreensboroN.C. State11-12",2025-11-12,"nc","N.C. State","UNC Greensboro","ACC","SC","H","W","110-64",0.928506150979041,0.170845743130604,0.87694452176131,0.971899187342243,0.0281008126577568,90,"played",NA,NA,NA,295,"Q4"
"1070",1070,"UNC GreensboroN.C. State11-12",2025-11-12,"nc","UNC Greensboro","N.C. State","SC","ACC","A","L","64-110",0.170845743130604,0.928506150979041,0.789142831518436,0.223705894573487,-0.223705894573487,22.9,"played",NA,NA,NA,29,"Q1"
"1071",1071,"UTSATexas St.11-12",2025-11-12,"nc","Texas St.","UTSA","SB","Amer","H","W","80-69",0.382567816926111,0.0659428297410237,0.87694452176131,0.990190615450233,0.00980938454976721,38.4,"played",NA,NA,NA,349,"Q4"
"1072",1072,"UTSATexas St.11-12",2025-11-12,"nc","UTSA","Texas St.","Amer","SB","A","L","69-80",0.0659428297410237,0.382567816926111,0.789142831518436,0.857957670648498,-0.857957670648498,6.5,"played",NA,NA,NA,265,"Q4"
"1073",1073,"Weber St.Utah St.11-12",2025-11-12,"nc","Utah St.","Weber St.","MWC","BSky","H","W","83-73",0.914720101774999,0.362300900236987,0.87694452176131,0.926163657167391,0.073836342832609,66.1,"played",NA,NA,NA,190,"Q4"
"1074",1074,"Weber St.Utah St.11-12",2025-11-12,"nc","Weber St.","Utah St.","BSky","MWC","A","L","73-83",0.362300900236987,0.914720101774999,0.789142831518436,0.25866611800377,-0.25866611800377,75.7,"played",NA,NA,NA,25,"Q1"
"1075",1075,"Penn St.-ShenangoAkron11-12",2025-11-12,"nond1","Akron","Penn St.-Shenango","MAC",NA,"H","W","51-109",NA,NA,NA,NA,0,NA,"played",NA,NA,NA,NA,NA
"1076",1076,"St. ScholasticaNorth Dakota St.11-12",2025-11-12,"nond1","North Dakota St.","St. Scholastica","Sum",NA,"H","W","38-111",NA,NA,NA,NA,0,NA,"played",NA,NA,NA,NA,NA
"1077",1077,"Emmanuel (MA)New Hampshire11-12",2025-11-12,"nond1","New Hampshire","Emmanuel (MA)","AE",NA,"H","W","69-97",NA,NA,NA,NA,0,NA,"played",NA,NA,NA,NA,NA
"1078",1078,"Bluefield St.North Carolina Central11-12",2025-11-12,"nond1","North Carolina Central","Bluefield St.","MEAC",NA,"H","W","61-77",NA,NA,NA,NA,0,NA,"played",NA,NA,NA,NA,NA
"1079",1079,"Bob JonesUSC Upstate11-12",2025-11-12,"nond1","USC Upstate","Bob Jones","BSth",NA,"H","W","53-114",NA,NA,NA,NA,0,NA,"played",NA,NA,NA,NA,NA
"1080",1080,"WebsterSoutheast Missouri St.11-12",2025-11-12,"nond1","Southeast Missouri St.","Webster","OVC",NA,"H","W","41-87",NA,NA,NA,NA,0,NA,"played",NA,NA,NA,NA,NA
"1081",1081,"VassarMarist11-12",2025-11-12,"nond1","Marist","Vassar","MAAC",NA,"H","W","61-93",NA,NA,NA,NA,0,NA,"played",NA,NA,NA,NA,NA
"1082",1082,"Virginia-LynchburgVMI11-12",2025-11-12,"nond1","VMI","Virginia-Lynchburg","SC",NA,"H","W","54-106",NA,NA,NA,NA,0,NA,"played",NA,NA,NA,NA,NA
"1083",1083,"PointKennesaw St.11-12",2025-11-12,"nond1","Kennesaw St.","Point","CUSA",NA,"H","W","60-111",NA,NA,NA,NA,0,NA,"played",NA,NA,NA,NA,NA
"1084",1084,"HanoverBellarmine11-12",2025-11-12,"nond1","Bellarmine","Hanover","ASun",NA,"H","W","55-94",NA,NA,NA,NA,0,NA,"played",NA,NA,NA,NA,NA
"1085",1085,"Westminster (UT)Utah Valley11-12",2025-11-12,"nond1","Utah Valley","Westminster (UT)","WAC",NA,"H","W","60-91",NA,NA,NA,NA,0,NA,"played",NA,NA,NA,NA,NA
"1086",1086,"Alcorn St.Howard11-13",2025-11-13,"nc","Alcorn St.","Howard","SWAC","MEAC","A","L","64-72",0.0996439667646336,0.366972280657132,0.789142831518436,0.865878007408998,-0.865878007408998,12.1,"played",NA,NA,NA,252,"Q4"
"1087",1087,"Alcorn St.Howard11-13",2025-11-13,"nc","Howard","Alcorn St.","MEAC","SWAC","H","W","72-64",0.366972280657132,0.0996439667646336,0.87694452176131,0.984707696986526,0.0152923030134736,31.7,"played",NA,NA,NA,351,"Q4"
"1088",1088,"CaliforniaKansas St.11-13",2025-11-13,"nc","California","Kansas St.","ACC","B12","A","L","96-99",0.717957478164634,0.787642451679584,0.789142831518436,0.502248363029673,-0.502248363029673,40.8,"played",NA,NA,NA,82,"Q2"
"1089",1089,"CaliforniaKansas St.11-13",2025-11-13,"nc","Kansas St.","California","B12","ACC","H","W","99-96",0.787642451679584,0.717957478164634,0.87694452176131,0.736810404185855,0.263189595814145,93.2,"played",NA,NA,NA,60,"Q2"
"1090",1090,"Central MichiganSouth Alabama11-13",2025-11-13,"nc","Central Michigan","South Alabama","MAC","SB","N","L","64-66",0.187887178038241,0.378541703939974,0.837778001870703,0.894497735371008,-0.894497735371008,23.4,"played",NA,NA,NA,197,"Q3"
"1091",1091,"Central MichiganSouth Alabama11-13",2025-11-13,"nc","South Alabama","Central Michigan","SB","MAC","N","W","66-64",0.378541703939974,0.187887178038241,0.837778001870703,0.957122534001068,0.0428774659989323,31.6,"played",NA,NA,NA,329,"Q4"
"1092",1092,"Charleston SouthernAlabama A&M11-13",2025-11-13,"nc","Alabama A&M","Charleston Southern","SWAC","BSth","H","W","68-64",0.264840745295219,0.304852499335177,0.87694452176131,0.942029615136421,0.0579703848635789,58,"played",NA,NA,NA,219,"Q4"
"1093",1093,"Charleston SouthernAlabama A&M11-13",2025-11-13,"nc","Charleston Southern","Alabama A&M","BSth","SWAC","A","L","64-68",0.304852499335177,0.264840745295219,0.789142831518436,0.91219415768358,-0.91219415768358,10.3,"played",NA,NA,NA,308,"Q4"
"1094",1094,"CornellLafayette11-13",2025-11-13,"nc","Cornell","Lafayette","Ivy","Pat","A","W","97-78",0.377743777487108,0.247759908493423,0.789142831518436,0.919113429490502,0.0808865705094981,64.8,"played",NA,NA,NA,328,"Q4"
"1095",1095,"CornellLafayette11-13",2025-11-13,"nc","Lafayette","Cornell","Pat","Ivy","H","L","78-97",0.247759908493423,0.377743777487108,0.87694452176131,0.921502900364643,-0.921502900364643,9.8,"played",NA,NA,NA,188,"Q4"
"1096",1096,"FIULSU11-13",2025-11-13,"nc","FIU","LSU","CUSA","SEC","A","L","81-98",0.408547275216062,0.86991035902452,0.789142831518436,0.358840545849542,-0.358840545849542,45.3,"played",NA,NA,NA,50,"Q1"
"1097",1097,"FIULSU11-13",2025-11-13,"nc","LSU","FIU","SEC","CUSA","H","W","98-81",0.86991035902452,0.408547275216062,0.87694452176131,0.911636516667524,0.0883634833324762,84.8,"played",NA,NA,NA,198,"Q4"
"1098",1098,"Green BaySt. Thomas11-13",2025-11-13,"nc","Green Bay","St. Thomas","Horz","Sum","A","L","61-80",0.347484853107807,0.711266776860035,0.789142831518436,0.603057697731894,-0.603057697731894,4.2,"played",NA,NA,NA,116,"Q2"
"1099",1099,"Green BaySt. Thomas11-13",2025-11-13,"nc","St. Thomas","Green Bay","Sum","Horz","H","W","80-61",0.711266776860035,0.347484853107807,0.87694452176131,0.93046936539492,0.0695306346050797,96.8,"played",NA,NA,NA,230,"Q4"
"1100",1100,"Le MoyneMassachusetts11-13",2025-11-13,"nc","Le Moyne","Massachusetts","NEC","MAC","A","L","80-94",0.233859733605385,0.572880082018046,0.789142831518436,0.736169735795053,-0.736169735795053,13.3,"played",NA,NA,NA,195,"Q3"
"1101",1101,"Le MoyneMassachusetts11-13",2025-11-13,"nc","Massachusetts","Le Moyne","MAC","NEC","H","W","94-80",0.572880082018046,0.233859733605385,0.87694452176131,0.958926535914673,0.0410734640853271,72.7,"played",NA,NA,NA,263,"Q4"
"1102",1102,"Louisiana MonroeHouston Christian11-13",2025-11-13,"nc","Houston Christian","Louisiana Monroe","Slnd","SB","H","W","72-61",0.276141122733715,0.0612505362259951,0.87694452176131,0.990927418635129,0.0090725813648711,10.6,"played",NA,NA,NA,359,"Q4"
"1103",1103,"Louisiana MonroeHouston Christian11-13",2025-11-13,"nc","Louisiana Monroe","Houston Christian","SB","Slnd","A","L","61-72",0.0612505362259951,0.276141122733715,0.789142831518436,0.907497132184877,-0.907497132184877,17.4,"played",NA,NA,NA,297,"Q4"
"1104",1104,"Loyola ChicagoWichita St.11-13",2025-11-13,"nc","Loyola Chicago","Wichita St.","A10","Amer","A","L","74-95",0.1760796726165,0.738904436061514,0.789142831518436,0.569419774868401,-0.569419774868401,14.4,"played",NA,NA,NA,95,"Q2"
"1105",1105,"Loyola ChicagoWichita St.11-13",2025-11-13,"nc","Wichita St.","Loyola Chicago","Amer","A10","H","W","95-74",0.738904436061514,0.1760796726165,0.87694452176131,0.970884750422331,0.0291152495776692,78.2,"played",NA,NA,NA,315,"Q4"
"1106",1106,"MonmouthSeton Hall11-13",2025-11-13,"nc","Monmouth","Seton Hall","CAA","BE","A","L","58-70",0.318339421823734,0.873855128810157,0.789142831518436,0.350756125662828,-0.350756125662828,67.8,"played",NA,NA,NA,45,"Q1"
"1107",1107,"MonmouthSeton Hall11-13",2025-11-13,"nc","Seton Hall","Monmouth","BE","CAA","H","W","70-58",0.873855128810157,0.318339421823734,0.87694452176131,0.938498639231933,0.0615013607680674,60.6,"played",NA,NA,NA,204,"Q4"
"1108",1108,"PittsburghWest Virginia11-13",2025-11-13,"nc","Pittsburgh","West Virginia","ACC","B12","A","L","49-71",0.587700127965515,0.87123425331909,0.789142831518436,0.356141766264973,-0.356141766264973,23.1,"played",NA,NA,NA,59,"Q1"
"1109",1109,"PittsburghWest Virginia11-13",2025-11-13,"nc","West Virginia","Pittsburgh","B12","ACC","H","W","71-49",0.87123425331909,0.587700127965515,0.87694452176131,0.83332008576474,0.16667991423526,97,"played",NA,NA,NA,121,"Q3"
"1110",1110,"PurdueAlabama11-13",2025-11-13,"nc","Alabama","Purdue","SEC","B10","H","L","80-87",0.954434190116709,0.942325072165618,0.87694452176131,0.303704422926014,-0.303704422926014,89.9,"played",NA,NA,NA,5,"Q1"
"1111",1111,"PurdueAlabama11-13",2025-11-13,"nc","Purdue","Alabama","B10","SEC","A","W","87-80",0.942325072165618,0.954434190116709,0.789142831518436,0.151588690123373,0.848411309876627,97.5,"played",NA,NA,NA,19,"Q1"
"1112",1112,"San Jose St.Michigan St.11-13",2025-11-13,"nc","Michigan St.","San Jose St.","B10","MWC","H","W","79-60",0.96316998011938,0.280831199129306,0.87694452176131,0.9480512429362,0.0519487570637999,93.4,"played",NA,NA,NA,259,"Q4"
"1113",1113,"San Jose St.Michigan St.11-13",2025-11-13,"nc","San Jose St.","Michigan St.","MWC","B10","A","L","60-79",0.280831199129306,0.96316998011938,0.789142831518436,0.125192612565118,-0.125192612565118,41.7,"played",NA,NA,NA,11,"Q1"
"1114",1114,"Southern MissGrambling St.11-13",2025-11-13,"nc","Grambling St.","Southern Miss","SWAC","SB","H","W","75-70",0.36719319961836,0.288887976904287,0.87694452176131,0.946068457441536,0.0539315425584639,58.9,"played",NA,NA,NA,236,"Q4"
"1115",1115,"Southern MissGrambling St.11-13",2025-11-13,"nc","Southern Miss","Grambling St.","SB","SWAC","A","L","70-75",0.288887976904287,0.36719319961836,0.789142831518436,0.865767541088024,-0.865767541088024,14.1,"played",NA,NA,NA,266,"Q4"
"1116",1116,"UMass LowellColumbia11-13",2025-11-13,"nc","Columbia","UMass Lowell","Ivy","AE","H","W","86-72",0.567588970085062,0.165007692678497,0.87694452176131,0.973018164018987,0.0269818359810133,35.4,"played",NA,NA,NA,319,"Q4"
"1117",1117,"UMass LowellColumbia11-13",2025-11-13,"nc","UMass Lowell","Columbia","AE","Ivy","A","L","72-86",0.165007692678497,0.567588970085062,0.789142831518436,0.740341726214311,-0.740341726214311,32.2,"played",NA,NA,NA,151,"Q3"
"1118",1118,"Mid-Atlantic Christ.Campbell11-13",2025-11-13,"nond1","Campbell","Mid-Atlantic Christ.","CAA",NA,"H","W","55-108",NA,NA,NA,NA,0,NA,"played",NA,NA,NA,NA,NA
"1119",1119,"Pitt.-GreensburgRobert Morris11-13",2025-11-13,"nond1","Robert Morris","Pitt.-Greensburg","Horz",NA,"H","W","57-81",NA,NA,NA,NA,0,NA,"played",NA,NA,NA,NA,NA
"1120",1120,"BereaTennessee Tech11-13",2025-11-13,"nond1","Tennessee Tech","Berea","OVC",NA,"H","W","64-86",NA,NA,NA,NA,0,NA,"played",NA,NA,NA,NA,NA
"1121",1121,"BryanUNC Asheville11-13",2025-11-13,"nond1","UNC Asheville","Bryan","BSth",NA,"H","W","54-92",NA,NA,NA,NA,0,NA,"played",NA,NA,NA,NA,NA
"1122",1122,"VoorheesWestern Carolina11-13",2025-11-13,"nond1","Western Carolina","Voorhees","SC",NA,"H","W","44-95",NA,NA,NA,NA,0,NA,"played",NA,NA,NA,NA,NA
"1123",1123,"Fort Valley St.Georgia St.11-13",2025-11-13,"nond1","Georgia St.","Fort Valley St.","SB",NA,"H","W","56-90",NA,NA,NA,NA,0,NA,"played",NA,NA,NA,NA,NA
"1124",1124,"John JayPrinceton11-13",2025-11-13,"nond1","Princeton","John Jay","Ivy",NA,"H","W","59-100",NA,NA,NA,NA,0,NA,"played",NA,NA,NA,NA,NA
"1125",1125,"Washington AdventistNorth Carolina A&T11-13",2025-11-13,"nond1","North Carolina A&T","Washington Adventist","CAA",NA,"H","W","83-89",NA,NA,NA,NA,0,NA,"played",NA,NA,NA,NA,NA
"1126",1126,"Benedictine ILNorthern Illinois11-13",2025-11-13,"nond1","Northern Illinois","Benedictine IL","MAC",NA,"H","W","62-117",NA,NA,NA,NA,0,NA,"played",NA,NA,NA,NA,NA
"1127",1127,"Elizabeth City St.East Carolina11-13",2025-11-13,"nond1","East Carolina","Elizabeth City St.","Amer",NA,"H","W","70-71",NA,NA,NA,NA,0,NA,"played",NA,NA,NA,NA,NA
"1128",1128,"Abilene ChristianStephen F. Austin11-14",2025-11-14,"nc","Abilene Christian","Stephen F. Austin","WAC","Slnd","A","L","66-76",0.25561463996283,0.815047683515057,0.789142831518436,0.459245063096948,-0.459245063096948,63.6,"played",NA,NA,NA,88,"Q2"
"1129",1129,"Abilene ChristianStephen F. Austin11-14",2025-11-14,"nc","Stephen F. Austin","Abilene Christian","Slnd","WAC","H","W","76-66",0.815047683515057,0.25561463996283,0.87694452176131,0.954029569648245,0.045970430351755,46.5,"played",NA,NA,NA,241,"Q4"
"1130",1130,"AlbanyRhode Island11-14",2025-11-14,"nc","Albany","Rhode Island","AE","A10","A","L","61-80",0.187386733437233,0.656655293009964,0.789142831518436,0.661803604151082,-0.661803604151082,19.4,"played",NA,NA,NA,133,"Q2"
"1131",1131,"AlbanyRhode Island11-14",2025-11-14,"nc","Rhode Island","Albany","A10","AE","H","W","80-61",0.656655293009964,0.187386733437233,0.87694452176131,0.968656075522331,0.0313439244776691,64.7,"played",NA,NA,NA,309,"Q4"
"1132",1132,"ArizonaUCLA11-14",2025-11-14,"nc","Arizona","UCLA","B12","B10","N","W","69-65",0.969557623062076,0.84590595046095,0.837778001870703,0.484740325106026,0.515259674893974,87.4,"played",NA,NA,NA,40,"Q1"
"1133",1133,"ArizonaUCLA11-14",2025-11-14,"nc","UCLA","Arizona","B10","B12","N","L","65-69",0.84590595046095,0.969557623062076,0.837778001870703,0.139527865567766,-0.139527865567766,96.2,"played",NA,NA,NA,3,"Q1"
"1134",1134,"Cal PolyMontana11-14",2025-11-14,"nc","Cal Poly","Montana","BW","BSky","A","L","82-90",0.22558726115521,0.633343943366853,0.789142831518436,0.68420773286188,-0.68420773286188,31.7,"played",NA,NA,NA,163,"Q3"
"1135",1135,"Cal PolyMontana11-14",2025-11-14,"nc","Montana","Cal Poly","BSky","BW","H","W","90-82",0.633343943366853,0.22558726115521,0.87694452176131,0.960729012486904,0.0392709875130959,52.1,"played",NA,NA,NA,257,"Q4"
"1136",1136,"Cal St. BakersfieldMississippi11-14",2025-11-14,"nc","Cal St. Bakersfield","Mississippi","BW","SEC","A","L","60-82",0.159533932612316,0.782795445947566,0.789142831518436,0.509432503898883,-0.509432503898883,15.1,"played",NA,NA,NA,87,"Q2"
"1137",1137,"Cal St. BakersfieldMississippi11-14",2025-11-14,"nc","Mississippi","Cal St. Bakersfield","SEC","BW","H","W","82-60",0.782795445947566,0.159533932612316,0.87694452176131,0.974055493161456,0.0259445068385435,79.4,"played",NA,NA,NA,301,"Q4"
"1138",1138,"Central MichiganCoppin St.11-14",2025-11-14,"nc","Central Michigan","Coppin St.","MAC","MEAC","N","W","82-59",0.187887178038241,0.0355009329202983,0.837778001870703,0.992923240706748,0.00707675929325202,54.4,"played",NA,NA,NA,364,"Q4"
"1139",1139,"Central MichiganCoppin St.11-14",2025-11-14,"nc","Coppin St.","Central Michigan","MEAC","MAC","N","L","59-82",0.0355009329202983,0.187887178038241,0.837778001870703,0.957122534001068,-0.957122534001068,0.7,"played",NA,NA,NA,329,"Q4"
"1140",1140,"Charleston SouthernLindenwood11-14",2025-11-14,"nc","Charleston Southern","Lindenwood","BSth","OVC","N","L","77-83",0.377006193056719,0.365336200925313,0.837778001870703,0.899715258183393,-0.899715258183393,36.4,"played",NA,NA,NA,224,"Q4"
"1141",1141,"Charleston SouthernLindenwood11-14",2025-11-14,"nc","Lindenwood","Charleston Southern","OVC","BSth","N","W","83-77",0.365336200925313,0.377006193056719,0.837778001870703,0.895112621788505,0.104887378211495,37.8,"played",NA,NA,NA,219,"Q4"
"1142",1142,"Coastal CarolinaJacksonville St.11-14",2025-11-14,"nc","Coastal Carolina","Jacksonville St.","SB","CUSA","A","L","67-74",0.252170326443001,0.444551537137328,0.789142831518436,0.823824402356089,-0.823824402356089,14,"played",NA,NA,NA,245,"Q4"
"1143",1143,"Coastal CarolinaJacksonville St.11-14",2025-11-14,"nc","Jacksonville St.","Coastal Carolina","CUSA","SB","H","W","74-67",0.444551537137328,0.252170326443001,0.87694452176131,0.954820456841901,0.0451795431580991,62.3,"played",NA,NA,NA,235,"Q4"
"1144",1144,"ColgateIllinois11-14",2025-11-14,"nc","Colgate","Illinois","Pat","B10","A","L","65-84",0.363069644263239,0.970104643724092,0.789142831518436,0.103406530476857,-0.103406530476857,70.1,"played",NA,NA,NA,9,"Q1"
"1145",1145,"ColgateIllinois11-14",2025-11-14,"nc","Illinois","Colgate","B10","Pat","H","W","84-65",0.970104643724092,0.363069644263239,0.87694452176131,0.925935900293245,0.074064099706755,88.8,"played",NA,NA,NA,196,"Q4"
"1146",1146,"East Texas A&MRice11-14",2025-11-14,"nc","East Texas A&M","Rice","Slnd","Amer","A","L","64-71",0.215264103557443,0.456337279232508,0.789142831518436,0.816807094698556,-0.816807094698556,25.6,"played",NA,NA,NA,253,"Q4"
"1147",1147,"East Texas A&MRice11-14",2025-11-14,"nc","Rice","East Texas A&M","Amer","Slnd","H","W","71-64",0.456337279232508,0.215264103557443,0.87694452176131,0.962934186645948,0.0370658133540517,40.1,"played",NA,NA,NA,277,"Q4"
"1148",1148,"Eastern IllinoisKentucky11-14",2025-11-14,"nc","Eastern Illinois","Kentucky","OVC","SEC","A","L","53-99",0.152001874020281,0.894882969930619,0.789142831518436,0.305370611040222,-0.305370611040222,1.6,"played",NA,NA,NA,31,"Q1"
"1149",1149,"Eastern IllinoisKentucky11-14",2025-11-14,"nc","Kentucky","Eastern Illinois","SEC","OVC","H","W","99-53",0.894882969930619,0.152001874020281,0.87694452176131,0.975464530911887,0.0245354690881132,99,"played",NA,NA,NA,305,"Q4"
"1150",1150,"FordhamIona11-14",2025-11-14,"nc","Fordham","Iona","A10","MAAC","A","L","71-76",0.363206300265358,0.437173937533644,0.789142831518436,0.828126310189698,-0.828126310189698,35.3,"played",NA,NA,NA,218,"Q3"
"1151",1151,"FordhamIona11-14",2025-11-14,"nc","Iona","Fordham","MAAC","A10","H","W","76-71",0.437173937533644,0.363206300265358,0.87694452176131,0.925895367207,0.0741046327929997,44.8,"played",NA,NA,NA,226,"Q4"
"1152",1152,"FurmanNorthern Iowa11-14",2025-11-14,"nc","Furman","Northern Iowa","SC","MVC","A","L","54-70",0.389531071962605,0.757436564872932,0.789142831518436,0.545149141228804,-0.545149141228804,14.9,"played",NA,NA,NA,102,"Q2"
"1153",1153,"FurmanNorthern Iowa11-14",2025-11-14,"nc","Northern Iowa","Furman","MVC","SC","H","W","70-54",0.757436564872932,0.389531071962605,0.87694452176131,0.917820216149874,0.0821797838501265,91.9,"played",NA,NA,NA,189,"Q4"
"1154",1154,"Georgia TechGeorgia11-14",2025-11-14,"nc","Georgia","Georgia Tech","SEC","ACC","H","W","92-87",0.91600808149171,0.493378438439407,0.87694452176131,0.879774473681039,0.120225526318961,64.4,"played",NA,NA,NA,146,"Q3"
"1155",1155,"Georgia TechGeorgia11-14",2025-11-14,"nc","Georgia Tech","Georgia","ACC","SEC","A","L","87-92",0.493378438439407,0.91600808149171,0.789142831518436,0.255490906957154,-0.255490906957154,85.4,"played",NA,NA,NA,24,"Q1"
"1156",1156,"GonzagaArizona St.11-14",2025-11-14,"nc","Arizona St.","Gonzaga","B12","WCC","H","L","65-77",0.764484530115745,0.937344159237918,0.87694452176131,0.32265760727251,-0.32265760727251,71.6,"played",NA,NA,NA,4,"Q1"
"1157",1157,"GonzagaArizona St.11-14",2025-11-14,"nc","Gonzaga","Arizona St.","WCC","B12","A","W","77-65",0.937344159237918,0.764484530115745,0.789142831518436,0.535525330246126,0.464474669753874,95.1,"played",NA,NA,NA,93,"Q2"
"1158",1158,"HamptonBrown11-14",2025-11-14,"nc","Brown","Hampton","Ivy","CAA","H","L","63-72",0.361296853591693,0.224878457335432,0.87694452176131,0.960881974481878,-0.960881974481878,8,"played",NA,NA,NA,238,"Q4"
"1159",1159,"HamptonBrown11-14",2025-11-14,"nc","Hampton","Brown","CAA","Ivy","A","W","72-63",0.224878457335432,0.361296853591693,0.789142831518436,0.868699218992873,0.131300781007127,65.4,"played",NA,NA,NA,275,"Q4"
"1160",1160,"High PointUAB11-14",2025-11-14,"nc","High Point","UAB","BSth","Amer","A","L","74-91",0.620370956724355,0.677896014710966,0.789142831518436,0.640065139338454,-0.640065139338454,33.4,"played",NA,NA,NA,122,"Q2"
"1161",1161,"High PointUAB11-14",2025-11-14,"nc","UAB","High Point","Amer","BSth","H","W","91-74",0.677896014710966,0.620370956724355,0.87694452176131,0.813465209380118,0.186534790619882,87.3,"played",NA,NA,NA,90,"Q3"
"1162",1162,"HofstraBucknell11-14",2025-11-14,"nc","Bucknell","Hofstra","Pat","CAA","H","L","77-83",0.217206619977822,0.550605304781333,0.87694452176131,0.853296277500354,-0.853296277500354,41.2,"played",NA,NA,NA,106,"Q3"
"1163",1163,"HofstraBucknell11-14",2025-11-14,"nc","Hofstra","Bucknell","CAA","Pat","A","W","83-77",0.550605304781333,0.217206619977822,0.789142831518436,0.930976439518599,0.0690235604814007,32.7,"played",NA,NA,NA,333,"Q4"
"1164",1164,"Illinois St.USC11-14",2025-11-14,"nc","Illinois St.","USC","MVC","B10","N","L","67-87",0.762837618717621,0.805319638928203,0.837778001870703,0.555250255098936,-0.555250255098936,19.1,"played",NA,NA,NA,56,"Q2"
"1165",1165,"Illinois St.USC11-14",2025-11-14,"nc","USC","Illinois St.","B10","MVC","N","W","87-67",0.805319638928203,0.762837618717621,0.837778001870703,0.616208812588455,0.383791187411545,98.3,"played",NA,NA,NA,79,"Q2"
"1166",1166,"Indiana St.Duke11-14",2025-11-14,"nc","Duke","Indiana St.","ACC","MVC","H","W","100-62",0.967169328775528,0.363662236714813,0.87694452176131,0.925760033172288,0.0742399668277122,97.3,"played",NA,NA,NA,205,"Q4"
"1167",1167,"Indiana St.Duke11-14",2025-11-14,"nc","Indiana St.","Duke","MVC","ACC","A","L","62-100",0.363662236714813,0.967169328775528,0.789142831518436,0.1127209681814,-0.1127209681814,32.1,"played",NA,NA,NA,2,"Q1"
"1168",1168,"IU IndyEastern Michigan11-14",2025-11-14,"nc","Eastern Michigan","IU Indy","MAC","Horz","H","L","83-90",0.534059422473723,0.178820401046325,0.87694452176131,0.970349240873804,-0.970349240873804,9.1,"played",NA,NA,NA,310,"Q4"
"1169",1169,"IU IndyEastern Michigan11-14",2025-11-14,"nc","IU Indy","Eastern Michigan","Horz","MAC","A","W","90-83",0.178820401046325,0.534059422473723,0.789142831518436,0.765543748596947,0.234456251403053,71.4,"played",NA,NA,NA,179,"Q3"
"1170",1170,"LehighRutgers11-14",2025-11-14,"nc","Lehigh","Rutgers","Pat","B10","A","L","72-84",0.155993773443698,0.593817364755892,0.789142831518436,0.719099142122945,-0.719099142122945,27.2,"played",NA,NA,NA,153,"Q3"
"1171",1171,"LehighRutgers11-14",2025-11-14,"nc","Rutgers","Lehigh","B10","Pat","H","W","84-72",0.593817364755892,0.155993773443698,0.87694452176131,0.974720382753838,0.0252796172461617,41.9,"played",NA,NA,NA,298,"Q4"
"1172",1172,"LouisianaMcNeese St.11-14",2025-11-14,"nc","Louisiana","McNeese St.","SB","Slnd","A","L","62-88",0.137657594317457,0.804042842508263,0.789142831518436,0.477018666749508,-0.477018666749508,8.3,"played",NA,NA,NA,57,"Q1"
"1173",1173,"LouisianaMcNeese St.11-14",2025-11-14,"nc","McNeese St.","Louisiana","Slnd","SB","H","W","88-62",0.804042842508263,0.137657594317457,0.87694452176131,0.978090705272969,0.021909294727031,87.9,"played",NA,NA,NA,334,"Q4"
"1174",1174,"ManhattanHawaii11-14",2025-11-14,"nc","Hawaii","Manhattan","BW","MAAC","H","W","86-56",0.782563869210565,0.115503480599443,0.87694452176131,0.982005422167543,0.0179945778324567,86.2,"played",NA,NA,NA,330,"Q4"
"1175",1175,"ManhattanHawaii11-14",2025-11-14,"nc","Manhattan","Hawaii","MAAC","BW","A","L","56-86",0.115503480599443,0.782563869210565,0.789142831518436,0.50977274777129,-0.50977274777129,7,"played",NA,NA,NA,97,"Q2"
"1176",1176,"Maryland Eastern ShoreCreighton11-14",2025-11-14,"nc","Creighton","Maryland Eastern Shore","BE","MEAC","H","W","84-45",0.853766094479856,0.112768939573491,0.87694452176131,0.98247717744524,0.0175228225547599,96.7,"played",NA,NA,NA,325,"Q4"
"1177",1177,"Maryland Eastern ShoreCreighton11-14",2025-11-14,"nc","Maryland Eastern Shore","Creighton","MEAC","BE","A","L","45-84",0.112768939573491,0.853766094479856,0.789142831518436,0.390625558612227,-0.390625558612227,2.5,"played",NA,NA,NA,58,"Q1"
"1178",1178,"MichiganTCU11-14",2025-11-14,"nc","Michigan","TCU","B10","B12","A","W","67-63",0.976564220412699,0.865296099885822,0.789142831518436,0.368134924888612,0.631865075111388,88.3,"played",NA,NA,NA,46,"Q1"
"1179",1179,"MichiganTCU11-14",2025-11-14,"nc","TCU","Michigan","B12","B10","H","L","63-67",0.865296099885822,0.976564220412699,0.87694452176131,0.146044441707653,-0.146044441707653,97.2,"played",NA,NA,NA,1,"Q1"
"1180",1180,"MilwaukeeTexas Tech11-14",2025-11-14,"nc","Milwaukee","Texas Tech","Horz","B12","A","L","63-80",0.247415137782907,0.952998790803517,0.789142831518436,0.155818723619252,-0.155818723619252,77.3,"played",NA,NA,NA,17,"Q1"
"1181",1181,"MilwaukeeTexas Tech11-14",2025-11-14,"nc","Texas Tech","Milwaukee","B12","Horz","H","W","80-63",0.952998790803517,0.247415137782907,0.87694452176131,0.955902572692459,0.0440974273075413,66.2,"played",NA,NA,NA,233,"Q4"
"1182",1182,"Mississippi Valley St.Utah Tech11-14",2025-11-14,"nc","Mississippi Valley St.","Utah Tech","SWAC","WAC","N","L","75-81",0.0273957546514939,0.400712113763127,0.837778001870703,0.885369000721833,-0.885369000721833,22.9,"played",NA,NA,NA,199,"Q3"
"1183",1183,"Mississippi Valley St.Utah Tech11-14",2025-11-14,"nc","Utah Tech","Mississippi Valley St.","WAC","SWAC","N","W","81-75",0.400712113763127,0.0273957546514939,0.837778001870703,0.994575426155745,0.00542457384425499,5.9,"played",NA,NA,NA,365,"Q4"
"1184",1184,"New OrleansTulane11-14",2025-11-14,"nc","New Orleans","Tulane","Slnd","Amer","A","W","85-63",0.331235610868882,0.499347286934666,0.789142831518436,0.789576940282949,0.210423059717051,94.7,"played",NA,NA,NA,202,"Q3"
"1185",1185,"New OrleansTulane11-14",2025-11-14,"nc","Tulane","New Orleans","Amer","Slnd","H","L","63-85",0.499347286934666,0.331235610868882,0.87694452176131,0.93501525605322,-0.93501525605322,2.7,"played",NA,NA,NA,231,"Q4"
"1186",1186,"Norfolk St.Towson11-14",2025-11-14,"nc","Norfolk St.","Towson","MEAC","CAA","A","L","41-51",0.12516166540671,0.507727245638924,0.789142831518436,0.783953308037154,-0.783953308037154,26.1,"played",NA,NA,NA,162,"Q3"
"1187",1187,"Norfolk St.Towson11-14",2025-11-14,"nc","Towson","Norfolk St.","CAA","MEAC","H","W","51-41",0.507727245638924,0.12516166540671,0.87694452176131,0.980319327860556,0.019680672139444,29.4,"played",NA,NA,NA,303,"Q4"
"1188",1188,"North Carolina CentralNorth Carolina11-14",2025-11-14,"nc","North Carolina","North Carolina Central","ACC","MEAC","H","W","97-53",0.914942599410585,0.082756424692227,0.87694452176131,0.987497925961696,0.0125020740383036,92.9,"played",NA,NA,NA,344,"Q4"
"1189",1189,"North Carolina CentralNorth Carolina11-14",2025-11-14,"nc","North Carolina Central","North Carolina","MEAC","ACC","A","L","53-97",0.082756424692227,0.914942599410585,0.789142831518436,0.258118902076419,-0.258118902076419,6.9,"played",NA,NA,NA,27,"Q1"
"1190",1190,"North TexasSaint Mary's11-14",2025-11-14,"nc","North Texas","Saint Mary's","Amer","WCC","A","L","49-80",0.455092616735083,0.908833684887652,0.789142831518436,0.272949274196153,-0.272949274196153,3.1,"played",NA,NA,NA,28,"Q1"
"1191",1191,"North TexasSaint Mary's11-14",2025-11-14,"nc","Saint Mary's","North Texas","WCC","Amer","H","W","80-49",0.908833684887652,0.455092616735083,0.87694452176131,0.895099567727526,0.104900432272474,99.6,"played",NA,NA,NA,147,"Q3"
"1192",1192,"NorthwesternDePaul11-14",2025-11-14,"nc","DePaul","Northwestern","BE","B10","H","L","79-81",0.723148523927946,0.745990934106807,0.87694452176131,0.708160123263315,-0.708160123263315,70.2,"played",NA,NA,NA,69,"Q2"
"1193",1193,"NorthwesternDePaul11-14",2025-11-14,"nc","Northwestern","DePaul","B10","BE","A","W","81-79",0.745990934106807,0.723148523927946,0.789142831518436,0.588951567067976,0.411048432932024,76.5,"played",NA,NA,NA,113,"Q2"
"1194",1194,"ProvidenceColorado11-14",2025-11-14,"nc","Colorado","Providence","B12","BE","H","W","97-88",0.772290823716488,0.682260447232124,0.87694452176131,0.768458776904752,0.231541223095248,85.4,"played",NA,NA,NA,89,"Q3"
"1195",1195,"ProvidenceColorado11-14",2025-11-14,"nc","Providence","Colorado","BE","B12","A","L","88-97",0.682260447232124,0.772290823716488,0.789142831518436,0.524598733389019,-0.524598733389019,55.5,"played",NA,NA,NA,78,"Q2"
"1196",1196,"Sacramento St.UC Davis11-14",2025-11-14,"nc","Sacramento St.","UC Davis","BSky","BW","A","L","73-77",0.187290241962568,0.569719928859357,0.789142831518436,0.738668165713469,-0.738668165713469,52.2,"played",NA,NA,NA,176,"Q3"
"1197",1197,"Sacramento St.UC Davis11-14",2025-11-14,"nc","UC Davis","Sacramento St.","BW","BSky","H","W","77-73",0.569719928859357,0.187290241962568,0.87694452176131,0.96867531291602,0.0313246870839802,21.9,"played",NA,NA,NA,279,"Q4"
"1198",1198,"SamfordArkansas11-14",2025-11-14,"nc","Arkansas","Samford","SEC","SC","H","W","79-75",0.944779447184236,0.172321727445834,0.87694452176131,0.971614197909055,0.0283858020909451,43.3,"played",NA,NA,NA,269,"Q4"
"1199",1199,"SamfordArkansas11-14",2025-11-14,"nc","Samford","Arkansas","SC","SEC","A","L","75-79",0.172321727445834,0.944779447184236,0.789142831518436,0.17948361785422,-0.17948361785422,82.3,"played",NA,NA,NA,20,"Q1"
"1200",1200,"SIU EdwardsvilleDrake11-14",2025-11-14,"nc","Drake","SIU Edwardsville","MVC","OVC","H","L","59-61",0.53888123509143,0.222517010562244,0.87694452176131,0.961389918559662,-0.961389918559662,9.1,"played",NA,NA,NA,255,"Q4"
"1201",1201,"SIU EdwardsvilleDrake11-14",2025-11-14,"nc","SIU Edwardsville","Drake","OVC","MVC","A","W","61-59",0.222517010562244,0.53888123509143,0.789142831518436,0.762045499978807,0.237954500021193,76.9,"played",NA,NA,NA,166,"Q3"
"1202",1202,"South Carolina St.Charleston11-14",2025-11-14,"nc","Charleston","South Carolina St.","CAA","MEAC","H","W","88-61",0.52079730801882,0.0507325033248179,0.87694452176131,0.992556422425133,0.00744357757486747,64,"played",NA,NA,NA,360,"Q4"
"1203",1203,"South Carolina St.Charleston11-14",2025-11-14,"nc","South Carolina St.","Charleston","MEAC","CAA","A","L","61-88",0.0507325033248179,0.52079730801882,0.789142831518436,0.774959275716584,-0.774959275716584,3.2,"played",NA,NA,NA,175,"Q3"
"1204",1204,"StonehillFairfield11-14",2025-11-14,"nc","Fairfield","Stonehill","MAAC","NEC","H","W","73-71",0.35586849615359,0.0863616106872418,0.87694452176131,0.986909609419067,0.0130903905809331,14.2,"played",NA,NA,NA,337,"Q4"
"1205",1205,"StonehillFairfield11-14",2025-11-14,"nc","Stonehill","Fairfield","NEC","MAAC","A","L","71-73",0.0863616106872418,0.35586849615359,0.789142831518436,0.871367911823899,-0.871367911823899,23.9,"played",NA,NA,NA,248,"Q4"
"1206",1206,"Tarleton St.Baylor11-14",2025-11-14,"nc","Baylor","Tarleton St.","B12","WAC","H","W","94-81",0.844844372317854,0.400519815714214,0.87694452176131,0.914284499452316,0.0857155005476835,83,"played",NA,NA,NA,185,"Q4"
"1207",1207,"Tarleton St.Baylor11-14",2025-11-14,"nc","Tarleton St.","Baylor","WAC","B12","A","L","81-94",0.400519815714214,0.844844372317854,0.789142831518436,0.407343680053834,-0.407343680053834,42.6,"played",NA,NA,NA,53,"Q1"
"1208",1208,"The CitadelWest Georgia11-14",2025-11-14,"nc","The Citadel","West Georgia","SC","ASun","A","L","92-100",0.0788521555269136,0.213011210585839,0.789142831518436,0.932556250535378,-0.932556250535378,7.3,"played",NA,NA,NA,322,"Q4"
"1209",1209,"The CitadelWest Georgia11-14",2025-11-14,"nc","West Georgia","The Citadel","ASun","SC","H","W","100-92",0.213011210585839,0.0788521555269136,0.87694452176131,0.988130636578795,0.0118693634212048,22.7,"played",NA,NA,NA,350,"Q4"
"1210",1210,"TroyLoyola Marymount11-14",2025-11-14,"nc","Loyola Marymount","Troy","WCC","SB","H","W","74-63",0.569167328627858,0.574223488770011,0.87694452176131,0.840868495508097,0.159131504491903,83.9,"played",NA,NA,NA,103,"Q3"
"1211",1211,"TroyLoyola Marymount11-14",2025-11-14,"nc","Troy","Loyola Marymount","SB","WCC","A","L","63-74",0.574223488770011,0.569167328627858,0.789142831518436,0.739103014549339,-0.739103014549339,25.4,"played",NA,NA,NA,170,"Q3"
"1212",1212,"UCFTexas A&M11-14",2025-11-14,"nc","Texas A&M","UCF","SEC","B12","H","L","74-86",0.915550420652576,0.77353273260516,0.87694452176131,0.675998096188303,-0.675998096188303,65.3,"played",NA,NA,NA,39,"Q2"
"1213",1213,"UCFTexas A&M11-14",2025-11-14,"nc","UCF","Texas A&M","B12","SEC","A","W","86-74",0.77353273260516,0.915550420652576,0.789142831518436,0.256621248205328,0.743378751794672,95.2,"played",NA,NA,NA,41,"Q1"
"1214",1214,"WashingtonWashington St.11-14",2025-11-14,"nc","Washington","Washington St.","B10","WCC","A","W","81-69",0.749226742667862,0.640213899600399,0.789142831518436,0.67775499260287,0.32224500739713,94,"played",NA,NA,NA,156,"Q3"
"1215",1215,"WashingtonWashington St.11-14",2025-11-14,"nc","Washington St.","Washington","WCC","B10","H","L","69-81",0.640213899600399,0.749226742667862,0.87694452176131,0.704603340179548,-0.704603340179548,25.4,"played",NA,NA,NA,62,"Q2"
"1216",1216,"Western IllinoisCal Baptist11-14",2025-11-14,"nc","Cal Baptist","Western Illinois","WAC","OVC","H","W","69-59",0.691435207905624,0.0596043465683944,0.87694452176131,0.991184425486864,0.0088155745131363,26.6,"played",NA,NA,NA,356,"Q4"
"1217",1217,"Western IllinoisCal Baptist11-14",2025-11-14,"nc","Western Illinois","Cal Baptist","OVC","WAC","A","L","59-69",0.0596043465683944,0.691435207905624,0.789142831518436,0.625492790676781,-0.625492790676781,28.1,"played",NA,NA,NA,120,"Q2"
"1218",1218,"XavierIowa11-14",2025-11-14,"nc","Iowa","Xavier","B10","BE","H","W","81-62",0.951016965997977,0.650772325033312,0.87694452176131,0.792715583981746,0.207284416018254,96.5,"played",NA,NA,NA,94,"Q3"
"1219",1219,"XavierIowa11-14",2025-11-14,"nc","Xavier","Iowa","BE","B10","A","L","62-81",0.650772325033312,0.951016965997977,0.789142831518436,0.161610786773865,-0.161610786773865,56.6,"played",NA,NA,NA,21,"Q1"
"1220",1220,"Washington Col.Navy11-14",2025-11-14,"nond1","Navy","Washington Col.","Pat",NA,"H","W","64-97",NA,NA,NA,NA,0,NA,"played",NA,NA,NA,NA,NA
"1221",1221,"Johnson C. SmithGeorgia Southern11-14",2025-11-14,"nond1","Georgia Southern","Johnson C. Smith","SB",NA,"H","W","79-98",NA,NA,NA,NA,0,NA,"played",NA,NA,NA,NA,NA
"1222",1222,"Virginia-LynchburgAlabama St.11-14",2025-11-14,"nond1","Alabama St.","Virginia-Lynchburg","SWAC",NA,"H","W","68-124",NA,NA,NA,NA,0,NA,"played",NA,NA,NA,NA,NA
"1223",1223,"EcclesiaNorthwestern St.11-14",2025-11-14,"nond1","Northwestern St.","Ecclesia","Slnd",NA,"H","W","75-95",NA,NA,NA,NA,0,NA,"played",NA,NA,NA,NA,NA
"1224",1224,"Arkansas Pine BluffVanderbilt11-15",2025-11-15,"nc","Arkansas Pine Bluff","Vanderbilt","SWAC","SEC","A","L","75-104",0.210499397365107,0.960919519146125,0.789142831518436,0.132101847871506,-0.132101847871506,53.8,"played",NA,NA,NA,16,"Q1"
"1225",1225,"Arkansas Pine BluffVanderbilt11-15",2025-11-15,"nc","Vanderbilt","Arkansas Pine Bluff","SEC","SWAC","H","W","104-75",0.960919519146125,0.210499397365107,0.87694452176131,0.963935877536827,0.0360641224631731,84.9,"played",NA,NA,NA,311,"Q4"
"1226",1226,"Austin PeayUNC Greensboro11-15",2025-11-15,"nc","Austin Peay","UNC Greensboro","ASun","SC","A","W","69-63",0.467994966707812,0.281789356639244,0.789142831518436,0.9051126855927,0.0948873144073005,48.6,"played",NA,NA,NA,295,"Q4"
"1227",1227,"Austin PeayUNC Greensboro11-15",2025-11-15,"nc","UNC Greensboro","Austin Peay","SC","ASun","H","L","63-69",0.281789356639244,0.467994966707812,0.87694452176131,0.890123562109543,-0.890123562109543,26.7,"played",NA,NA,NA,149,"Q3"
"1228",1228,"BelmontOral Roberts11-15",2025-11-15,"nc","Belmont","Oral Roberts","MVC","Sum","A","W","83-60",0.686175756192134,0.246336680636335,0.789142831518436,0.919680424700408,0.080319575299592,73.7,"played",NA,NA,NA,317,"Q4"
"1229",1229,"BelmontOral Roberts11-15",2025-11-15,"nc","Oral Roberts","Belmont","Sum","MVC","H","L","60-83",0.246336680636335,0.686175756192134,0.87694452176131,0.76521878965505,-0.76521878965505,20.3,"played",NA,NA,NA,64,"Q2"
"1230",1230,"Bethune CookmanDayton11-15",2025-11-15,"nc","Bethune Cookman","Dayton","SWAC","A10","A","L","82-91",0.251758726760507,0.806502743818976,0.789142831518436,0.473106576585408,-0.473106576585408,54.7,"played",NA,NA,NA,80,"Q2"
"1231",1231,"Bethune CookmanDayton11-15",2025-11-15,"nc","Dayton","Bethune Cookman","A10","SWAC","H","W","91-82",0.806502743818976,0.251758726760507,0.87694452176131,0.954914569002642,0.0450854309973584,53.7,"played",NA,NA,NA,268,"Q4"
"1232",1232,"BinghamtonLongwood11-15",2025-11-15,"nc","Binghamton","Longwood","AE","BSth","A","L","82-90",0.0455455848513069,0.312752660506419,0.789142831518436,0.891586317792624,-0.891586317792624,4.9,"played",NA,NA,NA,271,"Q4"
"1233",1233,"BinghamtonLongwood11-15",2025-11-15,"nc","Longwood","Binghamton","BSth","AE","H","W","90-82",0.312752660506419,0.0455455848513069,0.87694452176131,0.993348470028501,0.00665152997149854,29.5,"played",NA,NA,NA,362,"Q4"
"1234",1234,"Boston CollegeTemple11-15",2025-11-15,"nc","Boston College","Temple","ACC","Amer","A","W","76-71",0.452301733460503,0.639379701297134,0.789142831518436,0.67854505050098,0.32145494949902,82.9,"played",NA,NA,NA,154,"Q3"
"1235",1235,"Boston CollegeTemple11-15",2025-11-15,"nc","Temple","Boston College","Amer","ACC","H","L","71-76",0.639379701297134,0.452301733460503,0.87694452176131,0.896152158479263,-0.896152158479263,23.2,"played",NA,NA,NA,157,"Q3"
"1236",1236,"Bowling GreenDavidson11-15",2025-11-15,"nc","Bowling Green","Davidson","MAC","A10","A","L","87-91",0.571728621824331,0.692626171471865,0.789142831518436,0.624182848539627,-0.624182848539627,39.1,"played",NA,NA,NA,119,"Q2"
"1237",1237,"Bowling GreenDavidson11-15",2025-11-15,"nc","Davidson","Bowling Green","A10","MAC","H","W","91-87",0.692626171471865,0.571728621824331,0.87694452176131,0.842228164877759,0.157771835122241,82.4,"played",NA,NA,NA,101,"Q3"
"1238",1238,"BradleySan Francisco11-15",2025-11-15,"nc","Bradley","San Francisco","MVC","WCC","A","L","64-75",0.472493714824135,0.739588765971914,0.789142831518436,0.568549132866206,-0.568549132866206,46.9,"played",NA,NA,NA,107,"Q2"
"1239",1239,"BradleySan Francisco11-15",2025-11-15,"nc","San Francisco","Bradley","WCC","MVC","H","W","75-64",0.739588765971914,0.472493714824135,0.87694452176131,0.888344836283847,0.111655163716153,74.2,"played",NA,NA,NA,124,"Q3"
"1240",1240,"ButlerSMU11-15",2025-11-15,"nc","Butler","SMU","BE","ACC","A","L","85-87",0.761292597156938,0.916602426915101,0.789142831518436,0.254019532125076,-0.254019532125076,90.5,"played",NA,NA,NA,30,"Q1"
"1241",1241,"ButlerSMU11-15",2025-11-15,"nc","SMU","Butler","ACC","BE","H","W","87-85",0.916602426915101,0.761292597156938,0.87694452176131,0.690835707123408,0.309164292876592,78.6,"played",NA,NA,NA,48,"Q2"
"1242",1242,"BYUConnecticut11-15",2025-11-15,"nc","BYU","Connecticut","B12","BE","N","L","84-86",0.923341616444686,0.962032898025926,0.837778001870703,0.169307766779117,-0.169307766779117,87.9,"played",NA,NA,NA,8,"Q1"
"1243",1243,"BYUConnecticut11-15",2025-11-15,"nc","Connecticut","BYU","BE","B12","N","W","86-84",0.962032898025926,0.923341616444686,0.837778001870703,0.300093447405032,0.699906552594968,97.7,"played",NA,NA,NA,12,"Q1"
"1244",1244,"ChattanoogaFlorida Gulf Coast11-15",2025-11-15,"nc","Chattanooga","Florida Gulf Coast","SC","ASun","A","L","73-91",0.193922737600882,0.459203789369559,0.789142831518436,0.81507273605116,-0.81507273605116,5.6,"played",NA,NA,NA,237,"Q3"
"1245",1245,"ChattanoogaFlorida Gulf Coast11-15",2025-11-15,"nc","Florida Gulf Coast","Chattanooga","ASun","SC","H","W","91-73",0.459203789369559,0.193922737600882,0.87694452176131,0.967344083601197,0.0326559163988029,77.5,"played",NA,NA,NA,280,"Q4"
"1246",1246,"ClemsonGeorgetown11-15",2025-11-15,"nc","Clemson","Georgetown","ACC","BE","A","L","74-79",0.887421585948118,0.736066932523059,0.789142831518436,0.573009575192196,-0.573009575192196,63.5,"played",NA,NA,NA,118,"Q2"
"1247",1247,"ClemsonGeorgetown11-15",2025-11-15,"nc","Georgetown","Clemson","BE","ACC","H","W","79-74",0.736066932523059,0.887421585948118,0.87694452176131,0.474805920858777,0.525194079141223,92.7,"played",NA,NA,NA,32,"Q2"
"1248",1248,"Cleveland St.Kent St.11-15",2025-11-15,"nc","Cleveland St.","Kent St.","Horz","MAC","N","L","95-102",0.221377563444458,0.561471767130158,0.837778001870703,0.801333567303832,-0.801333567303832,42.6,"played",NA,NA,NA,148,"Q3"
"1249",1249,"Cleveland St.Kent St.11-15",2025-11-15,"nc","Kent St.","Cleveland St.","MAC","Horz","N","W","102-95",0.561471767130158,0.221377563444458,0.837778001870703,0.947818943567965,0.0521810564320351,32.9,"played",NA,NA,NA,321,"Q4"
"1250",1250,"Coppin St.South Alabama11-15",2025-11-15,"nc","Coppin St.","South Alabama","MEAC","SB","N","L","62-72",0.0355009329202983,0.378541703939974,0.837778001870703,0.894497735371008,-0.894497735371008,12.4,"played",NA,NA,NA,197,"Q3"
"1251",1251,"Coppin St.South Alabama11-15",2025-11-15,"nc","South Alabama","Coppin St.","SB","MEAC","N","W","72-62",0.378541703939974,0.0355009329202983,0.837778001870703,0.992923240706748,0.00707675929325202,13.6,"played",NA,NA,NA,364,"Q4"
"1252",1252,"Delaware St.New Haven11-15",2025-11-15,"nc","Delaware St.","New Haven","MEAC","NEC","A","L","52-65",0.0497573037483458,0.189489062413694,0.789142831518436,0.941204763963868,-0.941204763963868,2.1,"played",NA,NA,NA,326,"Q4"
"1253",1253,"Delaware St.New Haven11-15",2025-11-15,"nc","New Haven","Delaware St.","NEC","MEAC","H","W","65-52",0.189489062413694,0.0497573037483458,0.87694452176131,0.99270589963853,0.00729410036147027,36.9,"played",NA,NA,NA,358,"Q4"
"1254",1254,"Detroit MercyToledo11-15",2025-11-15,"nc","Detroit Mercy","Toledo","Horz","MAC","A","L","83-90",0.268076298487336,0.565070766531367,0.789142831518436,0.742307911949207,-0.742307911949207,34.7,"played",NA,NA,NA,169,"Q3"
"1255",1255,"Detroit MercyToledo11-15",2025-11-15,"nc","Toledo","Detroit Mercy","MAC","Horz","H","W","90-83",0.565070766531367,0.268076298487336,0.87694452176131,0.951117264043805,0.0488827359561953,47.2,"played",NA,NA,NA,273,"Q4"
"1256",1256,"DrexelSyracuse11-15",2025-11-15,"nc","Drexel","Syracuse","CAA","ACC","N","L","50-80",0.426930265873987,0.791222722535751,0.837778001870703,0.576757334457566,-0.576757334457566,12.4,"played",NA,NA,NA,77,"Q2"
"1257",1257,"DrexelSyracuse11-15",2025-11-15,"nc","Syracuse","Drexel","ACC","CAA","N","W","80-50",0.791222722535751,0.426930265873987,0.837778001870703,0.873931227771818,0.126068772228182,95.2,"played",NA,NA,NA,211,"Q4"
"1258",1258,"DuquesneVillanova11-15",2025-11-15,"nc","Duquesne","Villanova","A10","BE","A","L","77-87",0.509896069293123,0.914034335117992,0.789142831518436,0.260349308981246,-0.260349308981246,73.9,"played",NA,NA,NA,33,"Q1"
"1259",1259,"DuquesneVillanova11-15",2025-11-15,"nc","Villanova","Duquesne","BE","A10","H","W","87-77",0.914034335117992,0.509896069293123,0.87694452176131,0.872608167411856,0.127391832588144,79.7,"played",NA,NA,NA,155,"Q3"
"1260",1260,"East Tennessee St.North Alabama11-15",2025-11-15,"nc","East Tennessee St.","North Alabama","SC","ASun","A","W","78-74",0.448888433472161,0.155996475577486,0.789142831518436,0.952938253331221,0.0470617466687792,12.4,"played",NA,NA,NA,335,"Q4"
"1261",1261,"East Tennessee St.North Alabama11-15",2025-11-15,"nc","North Alabama","East Tennessee St.","ASun","SC","H","L","74-78",0.155996475577486,0.448888433472161,0.87694452176131,0.897428314939119,-0.897428314939119,51.4,"played",NA,NA,NA,129,"Q3"
"1262",1262,"Fairleigh DickinsonNJIT11-15",2025-11-15,"nc","Fairleigh Dickinson","NJIT","NEC","AE","A","L","81-93",0.105857899301199,0.187927329168802,0.789142831518436,0.941766734177816,-0.941766734177816,3.1,"played",NA,NA,NA,332,"Q4"
"1263",1263,"Fairleigh DickinsonNJIT11-15",2025-11-15,"nc","NJIT","Fairleigh Dickinson","AE","NEC","H","W","93-81",0.187927329168802,0.105857899301199,0.87694452176131,0.983658574348393,0.0163414256516066,46.3,"played",NA,NA,NA,339,"Q4"
"1264",1264,"Gardner WebbElon11-15",2025-11-15,"nc","Elon","Gardner Webb","CAA","BSth","H","W","95-84",0.576866467930946,0.031054600359691,0.87694452176131,0.995522798064527,0.00447720193547285,27.5,"played",NA,NA,NA,363,"Q4"
"1265",1265,"Gardner WebbElon11-15",2025-11-15,"nc","Gardner Webb","Elon","BSth","CAA","A","L","84-95",0.031054600359691,0.576866467930946,0.789142831518436,0.732989491121582,-0.732989491121582,10.3,"played",NA,NA,NA,168,"Q3"
"1266",1266,"Grand CanyonSaint Louis11-15",2025-11-15,"nc","Grand Canyon","Saint Louis","MWC","A10","A","L","64-78",0.739302448616464,0.934398970437872,0.789142831518436,0.20807868025584,-0.20807868025584,58.8,"played",NA,NA,NA,22,"Q1"
"1267",1267,"Grand CanyonSaint Louis11-15",2025-11-15,"nc","Saint Louis","Grand Canyon","A10","MWC","H","W","78-64",0.934398970437872,0.739302448616464,0.87694452176131,0.715339957295419,0.284660042704581,96.6,"played",NA,NA,NA,86,"Q3"
"1268",1268,"Green BayMinnesota11-15",2025-11-15,"nc","Green Bay","Minnesota","Horz","B10","A","L","65-72",0.347484853107807,0.837995134981792,0.789142831518436,0.419793884137052,-0.419793884137052,71.5,"played",NA,NA,NA,83,"Q2"
"1269",1269,"Green BayMinnesota11-15",2025-11-15,"nc","Minnesota","Green Bay","B10","Horz","H","W","72-65",0.837995134981792,0.347484853107807,0.87694452176131,0.93046936539492,0.0695306346050797,52.4,"played",NA,NA,NA,230,"Q4"
"1270",1270,"HarvardArmy11-15",2025-11-15,"nc","Army","Harvard","Pat","Ivy","H","L","52-75",0.208126264319721,0.3540000459956,0.87694452176131,0.928595399712616,-0.928595399712616,2.6,"played",NA,NA,NA,182,"Q4"
"1271",1271,"HarvardArmy11-15",2025-11-15,"nc","Harvard","Army","Ivy","Pat","A","W","75-52",0.3540000459956,0.208126264319721,0.789142831518436,0.934381268827168,0.0656187311728325,84.1,"played",NA,NA,NA,320,"Q4"
"1272",1272,"Idaho St.Seattle11-15",2025-11-15,"nc","Idaho St.","Seattle","BSky","WCC","A","L","74-83",0.328595781865349,0.74544303723052,0.789142831518436,0.561022355526039,-0.561022355526039,32.5,"played",NA,NA,NA,114,"Q2"
"1273",1273,"Idaho St.Seattle11-15",2025-11-15,"nc","Seattle","Idaho St.","WCC","BSky","H","W","83-74",0.74544303723052,0.328595781865349,0.87694452176131,0.935737061162961,0.0642629388370387,74.8,"played",NA,NA,NA,174,"Q4"
"1274",1274,"IdahoUC San Diego11-15",2025-11-15,"nc","Idaho","UC San Diego","BSky","BW","A","L","67-75",0.431116462873849,0.734201130187246,0.789142831518436,0.575352440331897,-0.575352440331897,64.6,"played",NA,NA,NA,98,"Q2"
"1275",1275,"IdahoUC San Diego11-15",2025-11-15,"nc","UC San Diego","Idaho","BW","BSky","H","W","75-67",0.734201130187246,0.431116462873849,0.87694452176131,0.903880582257921,0.0961194177420787,53.4,"played",NA,NA,NA,158,"Q3"
"1276",1276,"Illinois ChicagoChicago St.11-15",2025-11-15,"nc","Chicago St.","Illinois Chicago","NEC","MVC","H","L","63-67",0.131935258890074,0.500741447619587,0.87694452176131,0.876624116731868,-0.876624116731868,45.8,"played",NA,NA,NA,161,"Q4"
"1277",1277,"Illinois ChicagoChicago St.11-15",2025-11-15,"nc","Illinois Chicago","Chicago St.","MVC","NEC","A","W","67-63",0.500741447619587,0.131935258890074,0.789142831518436,0.960974076944283,0.0390259230557167,15.3,"played",NA,NA,NA,352,"Q4"
"1278",1278,"Jackson St.Louisiana Tech11-15",2025-11-15,"nc","Jackson St.","Louisiana Tech","SWAC","CUSA","A","L","51-68",0.118376704856031,0.333416655235645,0.789142831518436,0.882107278744537,-0.882107278744537,6.5,"played",NA,NA,NA,264,"Q4"
"1279",1279,"Jackson St.Louisiana Tech11-15",2025-11-15,"nc","Louisiana Tech","Jackson St.","CUSA","SWAC","H","W","68-51",0.333416655235645,0.118376704856031,0.87694452176131,0.981507081310067,0.0184929186899327,49.1,"played",NA,NA,NA,347,"Q4"
"1280",1280,"JacksonvilleVMI11-15",2025-11-15,"nc","Jacksonville","VMI","ASun","SC","A","W","69-67",0.161966016954007,0.144010141026281,0.789142831518436,0.956980979604427,0.0430190203955733,23.4,"played",NA,NA,NA,353,"Q4"
"1281",1281,"JacksonvilleVMI11-15",2025-11-15,"nc","VMI","Jacksonville","SC","ASun","H","L","67-69",0.144010141026281,0.161966016954007,0.87694452176131,0.973595990398377,-0.973595990398377,9.6,"played",NA,NA,NA,293,"Q4"
"1282",1282,"James MadisonLIU11-15",2025-11-15,"nc","James Madison","LIU","SB","NEC","A","L","79-88",0.248008473110579,0.478872202881425,0.789142831518436,0.802869762385744,-0.802869762385744,13.1,"played",NA,NA,NA,201,"Q3"
"1283",1283,"James MadisonLIU11-15",2025-11-15,"nc","LIU","James Madison","NEC","SB","H","W","88-79",0.478872202881425,0.248008473110579,0.87694452176131,0.955768164170376,0.0442318358296244,66.7,"played",NA,NA,NA,244,"Q4"
"1284",1284,"La SallePenn St.11-15",2025-11-15,"nc","La Salle","Penn St.","A10","B10","N","L","69-83",0.423362408108524,0.567294436595223,0.837778001870703,0.797536251982784,-0.797536251982784,9.8,"played",NA,NA,NA,131,"Q3"
"1285",1285,"La SallePenn St.11-15",2025-11-15,"nc","Penn St.","La Salle","B10","A10","N","W","83-69",0.567294436595223,0.423362408108524,0.837778001870703,0.875530883888704,0.124469116111296,89.9,"played",NA,NA,NA,227,"Q4"
"1286",1286,"Little RockBall St.11-15",2025-11-15,"nc","Ball St.","Little Rock","MAC","OVC","H","L","62-68",0.288514481287383,0.127043860244037,0.87694452176131,0.979987080838008,-0.979987080838008,6.6,"played",NA,NA,NA,302,"Q4"
"1287",1287,"Little RockBall St.11-15",2025-11-15,"nc","Little Rock","Ball St.","OVC","MAC","A","W","68-62",0.127043860244037,0.288514481287383,0.789142831518436,0.902240976851439,0.097759023148561,45.3,"played",NA,NA,NA,316,"Q4"
"1288",1288,"Loyola MDStonehill11-15",2025-11-15,"nc","Loyola MD","Stonehill","Pat","NEC","N","W","74-63",0.123000081111359,0.115385775482283,0.837778001870703,0.975365345833717,0.0246346541662833,32.8,"played",NA,NA,NA,337,"Q4"
"1289",1289,"Loyola MDStonehill11-15",2025-11-15,"nc","Stonehill","Loyola MD","NEC","Pat","N","L","63-74",0.115385775482283,0.123000081111359,0.837778001870703,0.973560716593218,-0.973560716593218,3.6,"played",NA,NA,NA,340,"Q4"
"1290",1290,"ManhattanMississippi Valley St.11-15",2025-11-15,"nc","Manhattan","Mississippi Valley St.","MAAC","SWAC","N","W","80-73",0.152684828795975,0.0273957546514939,0.837778001870703,0.994575426155745,0.00542457384425499,7.7,"played",NA,NA,NA,365,"Q4"
"1291",1291,"ManhattanMississippi Valley St.11-15",2025-11-15,"nc","Mississippi Valley St.","Manhattan","SWAC","MAAC","N","L","73-80",0.0273957546514939,0.152684828795975,0.837778001870703,0.966283966917879,-0.966283966917879,5.7,"played",NA,NA,NA,330,"Q4"
"1292",1292,"MarshallVirginia11-15",2025-11-15,"nc","Marshall","Virginia","SB","ACC","A","L","78-104",0.405108655210775,0.96842400434267,0.789142831518436,0.108756479072216,-0.108756479072216,40.8,"played",NA,NA,NA,13,"Q1"
"1293",1293,"MarshallVirginia11-15",2025-11-15,"nc","Virginia","Marshall","ACC","SB","H","W","104-78",0.96842400434267,0.405108655210775,0.87694452176131,0.912777664866289,0.087222335133711,96.8,"played",NA,NA,NA,138,"Q3"
"1294",1294,"MarylandMarquette11-15",2025-11-15,"nc","Marquette","Maryland","BE","B10","H","L","82-89",0.679338014949704,0.573049543206266,0.87694452176131,0.841509712207793,-0.841509712207793,38.3,"played",NA,NA,NA,152,"Q3"
"1295",1295,"MarylandMarquette11-15",2025-11-15,"nc","Maryland","Marquette","B10","BE","A","W","89-82",0.573049543206266,0.679338014949704,0.789142831518436,0.638540499954744,0.361459500045256,82.1,"played",NA,NA,NA,142,"Q3"
"1296",1296,"MercerWinthrop11-15",2025-11-15,"nc","Mercer","Winthrop","SC","BSth","A","L","69-105",0.497972452629038,0.589293391463423,0.789142831518436,0.72286571295832,-0.72286571295832,5,"played",NA,NA,NA,130,"Q2"
"1297",1297,"MercerWinthrop11-15",2025-11-15,"nc","Winthrop","Mercer","BSth","SC","H","W","105-69",0.589293391463423,0.497972452629038,0.87694452176131,0.877817047848107,0.122182952151893,96.4,"played",NA,NA,NA,125,"Q3"
"1298",1298,"MerrimackBoston University11-15",2025-11-15,"nc","Boston University","Merrimack","Pat","MAAC","H","L","79-91",0.285090150805246,0.339779292896384,0.87694452176131,0.932647440717921,-0.932647440717921,7.2,"played",NA,NA,NA,217,"Q4"
"1299",1299,"MerrimackBoston University11-15",2025-11-15,"nc","Merrimack","Boston University","MAAC","Pat","A","W","91-79",0.339779292896384,0.285090150805246,0.789142831518436,0.903707677893,0.0962923221069998,72.6,"played",NA,NA,NA,292,"Q4"
"1300",1300,"Miami OHAir Force11-15",2025-11-15,"nc","Air Force","Miami OH","MWC","MAC","H","L","61-76",0.183685442633759,0.696611503750518,0.87694452176131,0.756317426282864,-0.756317426282864,15,"played",NA,NA,NA,49,"Q2"
"1301",1301,"Miami OHAir Force11-15",2025-11-15,"nc","Miami OH","Air Force","MAC","MWC","A","W","76-61",0.696611503750518,0.183685442633759,0.789142831518436,0.943285622791657,0.0567143772083434,74.5,"played",NA,NA,NA,336,"Q4"
"1302",1302,"Missouri St.UT Arlington11-15",2025-11-15,"nc","Missouri St.","UT Arlington","CUSA","WAC","A","L","49-67",0.459710378911034,0.58940849732773,0.789142831518436,0.722770423127821,-0.722770423127821,7.5,"played",NA,NA,NA,123,"Q2"
"1303",1303,"Missouri St.UT Arlington11-15",2025-11-15,"nc","UT Arlington","Missouri St.","WAC","CUSA","H","W","67-49",0.58940849732773,0.459710378911034,0.87694452176131,0.893339623025375,0.106660376974625,93.7,"played",NA,NA,NA,191,"Q4"
"1304",1304,"Montana St.Boise St.11-15",2025-11-15,"nc","Boise St.","Montana St.","MWC","BSky","H","W","62-58",0.83001126375618,0.518194021185584,0.87694452176131,0.868869531125587,0.131130468874413,69.9,"played",NA,NA,NA,134,"Q3"
"1305",1305,"Montana St.Boise St.11-15",2025-11-15,"nc","Montana St.","Boise St.","BSky","MWC","A","L","58-62",0.518194021185584,0.83001126375618,0.789142831518436,0.433903907888668,-0.433903907888668,69.3,"played",NA,NA,NA,71,"Q1"
"1306",1306,"Morgan St.Mercyhurst11-15",2025-11-15,"nc","Mercyhurst","Morgan St.","NEC","MEAC","H","W","86-72",0.319386016835833,0.0419653130687214,0.87694452176131,0.99389090633261,0.00610909366739021,37.8,"played",NA,NA,NA,361,"Q4"
"1307",1307,"Morgan St.Mercyhurst11-15",2025-11-15,"nc","Morgan St.","Mercyhurst","MEAC","NEC","A","L","72-86",0.0419653130687214,0.319386016835833,0.789142831518436,0.888584293689684,-0.888584293689684,3.3,"played",NA,NA,NA,290,"Q4"
"1308",1308,"NebraskaOklahoma11-15",2025-11-15,"nc","Nebraska","Oklahoma","B10","SEC","N","W","105-99",0.945778720585307,0.738464648903224,0.837778001870703,0.646521461792157,0.353478538207843,76.4,"played",NA,NA,NA,76,"Q2"
"1309",1309,"NebraskaOklahoma11-15",2025-11-15,"nc","Oklahoma","Nebraska","SEC","B10","N","L","99-105",0.738464648903224,0.945778720585307,0.837778001870703,0.228438775056647,-0.228438775056647,93.8,"played",NA,NA,NA,7,"Q1"
"1310",1310,"NevadaSanta Clara11-15",2025-11-15,"nc","Nevada","Santa Clara","MWC","WCC","A","L","83-98",0.739452783455418,0.904534982736246,0.789142831518436,0.28314899833366,-0.28314899833366,48,"played",NA,NA,NA,44,"Q1"
"1311",1311,"NevadaSanta Clara11-15",2025-11-15,"nc","Santa Clara","Nevada","WCC","MWC","H","W","98-83",0.904534982736246,0.739452783455418,0.87694452176131,0.715181068389696,0.284818931610304,96.7,"played",NA,NA,NA,65,"Q2"
"1312",1312,"New HampshireGeorge Mason11-15",2025-11-15,"nc","George Mason","New Hampshire","A10","AE","H","W","61-44",0.758834600748699,0.179474847733072,0.87694452176131,0.970220927546977,0.0297790724530229,79.8,"played",NA,NA,NA,323,"Q4"
"1313",1313,"New HampshireGeorge Mason11-15",2025-11-15,"nc","New Hampshire","George Mason","AE","A10","A","L","44-61",0.179474847733072,0.758834600748699,0.789142831518436,0.543257964252141,-0.543257964252141,14.8,"played",NA,NA,NA,63,"Q1"
"1314",1314,"New MexicoNew Mexico St.11-15",2025-11-15,"nc","New Mexico","New Mexico St.","MWC","CUSA","A","L","68-76",0.808195778802625,0.670484002673614,0.789142831518436,0.64780196307496,-0.64780196307496,44.9,"played",NA,NA,NA,140,"Q3"
"1315",1315,"New MexicoNew Mexico St.11-15",2025-11-15,"nc","New Mexico St.","New Mexico","CUSA","MWC","H","W","76-68",0.670484002673614,0.808195778802625,0.87694452176131,0.628428109075613,0.371571890924387,91.3,"played",NA,NA,NA,42,"Q2"
"1316",1316,"Nicholls St.Murray St.11-15",2025-11-15,"nc","Murray St.","Nicholls St.","MVC","Slnd","H","W","99-79",0.768671365816874,0.298838774145833,0.87694452176131,0.943568533420601,0.0564314665793993,81.4,"played",NA,NA,NA,214,"Q4"
"1317",1317,"Nicholls St.Murray St.11-15",2025-11-15,"nc","Nicholls St.","Murray St.","Slnd","MVC","A","L","79-99",0.298838774145833,0.768671365816874,0.789142831518436,0.52970054022595,-0.52970054022595,24.5,"played",NA,NA,NA,74,"Q1"
"1318",1318,"North DakotaUC Riverside11-15",2025-11-15,"nc","North Dakota","UC Riverside","Sum","BW","A","W","76-74",0.215415619860043,0.32462968162574,0.789142831518436,0.886184093747293,0.113815906252707,36.2,"played",NA,NA,NA,283,"Q4"
"1319",1319,"North DakotaUC Riverside11-15",2025-11-15,"nc","UC Riverside","North Dakota","BW","Sum","H","L","74-76",0.32462968162574,0.215415619860043,0.87694452176131,0.962902167938933,-0.962902167938933,18.8,"played",NA,NA,NA,282,"Q4"
"1320",1320,"Northern ColoradoPepperdine11-15",2025-11-15,"nc","Northern Colorado","Pepperdine","BSky","WCC","A","W","88-81",0.441176952284647,0.346226240798316,0.789142831518436,0.876038094973127,0.123961905026873,59.9,"played",NA,NA,NA,267,"Q4"
"1321",1321,"Northern ColoradoPepperdine11-15",2025-11-15,"nc","Pepperdine","Northern Colorado","WCC","BSky","H","L","81-88",0.346226240798316,0.441176952284647,0.87694452176131,0.900267043852585,-0.900267043852585,21.9,"played",NA,NA,NA,164,"Q4"
"1322",1322,"OhioLouisville11-15",2025-11-15,"nc","Louisville","Ohio","ACC","MAC","H","W","106-81",0.960766906153242,0.300680871365136,0.87694452176131,0.943099418758103,0.0569005812418973,88.2,"played",NA,NA,NA,216,"Q4"
"1323",1323,"OhioLouisville11-15",2025-11-15,"nc","Ohio","Louisville","MAC","ACC","A","L","81-106",0.300680871365136,0.960766906153242,0.789142831518436,0.132567603493666,-0.132567603493666,58.4,"played",NA,NA,NA,15,"Q1"
"1324",1324,"Old DominionGeorge Washington11-15",2025-11-15,"nc","George Washington","Old Dominion","A10","SB","H","W","96-73",0.805846857394486,0.270343466440864,0.87694452176131,0.950578683851748,0.0494213161482524,77.7,"played",NA,NA,NA,250,"Q4"
"1325",1325,"Old DominionGeorge Washington11-15",2025-11-15,"nc","Old Dominion","George Washington","SB","A10","A","L","73-96",0.270343466440864,0.805846857394486,0.789142831518436,0.474153029460988,-0.474153029460988,30.6,"played",NA,NA,NA,75,"Q1"
"1326",1326,"PacificCal St. Fullerton11-15",2025-11-15,"nc","Cal St. Fullerton","Pacific","BW","WCC","H","L","73-85",0.486141474245039,0.522643024911776,0.87694452176131,0.866825148339616,-0.866825148339616,7.4,"played",NA,NA,NA,110,"Q3"
"1327",1327,"PacificCal St. Fullerton11-15",2025-11-15,"nc","Pacific","Cal St. Fullerton","WCC","BW","A","W","85-73",0.522643024911776,0.486141474245039,0.789142831518436,0.798221354022513,0.201778645977487,92.8,"played",NA,NA,NA,200,"Q3"
"1328",1328,"PortlandWyoming11-15",2025-11-15,"nc","Portland","Wyoming","WCC","MWC","A","L","56-93",0.394760979258516,0.76314542480965,0.789142831518436,0.53737119837597,-0.53737119837597,6.7,"played",NA,NA,NA,100,"Q2"
"1329",1329,"PortlandWyoming11-15",2025-11-15,"nc","Wyoming","Portland","MWC","WCC","H","W","93-56",0.76314542480965,0.394760979258516,0.87694452176131,0.916150061931773,0.0838499380682269,96.7,"played",NA,NA,NA,215,"Q4"
"1330",1330,"PrincetonKansas11-15",2025-11-15,"nc","Kansas","Princeton","B12","Ivy","H","W","76-57",0.958273819187545,0.302269000525834,0.87694452176131,0.942693369093223,0.0573066309067766,80.5,"played",NA,NA,NA,239,"Q4"
"1331",1331,"PrincetonKansas11-15",2025-11-15,"nc","Princeton","Kansas","Ivy","B12","A","L","57-76",0.302269000525834,0.958273819187545,0.789142831518436,0.140126652159027,-0.140126652159027,70.6,"played",NA,NA,NA,18,"Q1"
"1332",1332,"RadfordWright St.11-15",2025-11-15,"nc","Radford","Wright St.","BSth","Horz","N","L","59-92",0.291070820166916,0.648012025719829,0.837778001870703,0.73720178481818,-0.73720178481818,4.8,"played",NA,NA,NA,136,"Q3"
"1333",1333,"RadfordWright St.11-15",2025-11-15,"nc","Wright St.","Radford","Horz","BSth","N","W","92-59",0.648012025719829,0.291070820166916,0.837778001870703,0.926353304333431,0.0736466956665693,93.8,"played",NA,NA,NA,260,"Q4"
"1334",1334,"Sacred HeartQueens11-15",2025-11-15,"nc","Queens","Sacred Heart","ASun","MAAC","H","W","81-64",0.515663678728228,0.185258742802667,0.87694452176131,0.969079449264048,0.0309205507359519,83.2,"played",NA,NA,NA,287,"Q4"
"1335",1335,"Sacred HeartQueens11-15",2025-11-15,"nc","Sacred Heart","Queens","MAAC","ASun","A","L","64-81",0.185258742802667,0.515663678728228,0.789142831518436,0.77852495592304,-0.77852495592304,4.6,"played",NA,NA,NA,183,"Q3"
"1336",1336,"Sam Houston St.Utah11-15",2025-11-15,"nc","Sam Houston St.","Utah","CUSA","B12","A","L","79-85",0.562519903891757,0.735923022179889,0.789142831518436,0.573190776567456,-0.573190776567456,38.3,"played",NA,NA,NA,117,"Q2"
"1337",1337,"Sam Houston St.Utah11-15",2025-11-15,"nc","Utah","Sam Houston St.","B12","CUSA","H","W","85-79",0.735923022179889,0.562519903891757,0.87694452176131,0.847149015990964,0.152850984009036,85.2,"played",NA,NA,NA,105,"Q3"
"1338",1338,"Southeastern LouisianaMississippi St.11-15",2025-11-15,"nc","Mississippi St.","Southeastern Louisiana","SEC","Slnd","H","W","75-68",0.769828564240354,0.210763265088124,0.87694452176131,0.963880666391084,0.0361193336089162,48.1,"played",NA,NA,NA,288,"Q4"
"1339",1339,"Southeastern LouisianaMississippi St.11-15",2025-11-15,"nc","Southeastern Louisiana","Mississippi St.","Slnd","SEC","A","L","68-75",0.210763265088124,0.769828564240354,0.789142831518436,0.528076163539221,-0.528076163539221,49.1,"played",NA,NA,NA,99,"Q2"
"1340",1340,"Southern UtahNebraska Omaha11-15",2025-11-15,"nc","Nebraska Omaha","Southern Utah","Sum","WAC","H","W","90-85",0.38253352780429,0.206808186371712,0.87694452176131,0.964705025156547,0.0352949748434535,34,"played",NA,NA,NA,294,"Q4"
"1341",1341,"Southern UtahNebraska Omaha11-15",2025-11-15,"nc","Southern Utah","Nebraska Omaha","WAC","Sum","A","L","85-90",0.206808186371712,0.38253352780429,0.789142831518436,0.857975360620707,-0.857975360620707,23.8,"played",NA,NA,NA,281,"Q4"
"1342",1342,"St. ThomasSoutheast Missouri St.11-15",2025-11-15,"nc","Southeast Missouri St.","St. Thomas","OVC","Sum","H","L","72-84",0.342914782088887,0.564022211588619,0.87694452176131,0.846356554376,-0.846356554376,9.2,"played",NA,NA,NA,116,"Q3"
"1343",1343,"St. ThomasSoutheast Missouri St.11-15",2025-11-15,"nc","St. Thomas","Southeast Missouri St.","Sum","OVC","A","W","84-72",0.564022211588619,0.342914782088887,0.789142831518436,0.877621650282935,0.122378349717065,86.9,"played",NA,NA,NA,242,"Q4"
"1344",1344,"Stony BrookYale11-15",2025-11-15,"nc","Stony Brook","Yale","CAA","Ivy","A","L","79-86",0.309545341676412,0.814418788081781,0.789142831518436,0.460279928688857,-0.460279928688857,54.3,"played",NA,NA,NA,61,"Q1"
"1345",1345,"Stony BrookYale11-15",2025-11-15,"nc","Yale","Stony Brook","Ivy","CAA","H","W","86-79",0.814418788081781,0.309545341676412,0.87694452176131,0.940813650809901,0.0591863491900992,62.4,"played",NA,NA,NA,234,"Q4"
"1346",1346,"Texas SouthernTexas St.11-15",2025-11-15,"nc","Texas Southern","Texas St.","SWAC","SB","A","L","67-77",0.127997519309955,0.382567816926111,0.789142831518436,0.857957670648498,-0.857957670648498,4.7,"played",NA,NA,NA,265,"Q4"
"1347",1347,"Texas SouthernTexas St.11-15",2025-11-15,"nc","Texas St.","Texas Southern","SB","SWAC","H","W","77-67",0.382567816926111,0.127997519309955,0.87694452176131,0.979818278787393,0.0201817212126065,64.7,"played",NA,NA,NA,348,"Q4"
"1348",1348,"UMKCTexas11-15",2025-11-15,"nc","Texas","UMKC","SEC","Sum","H","W","71-55",0.887271095950039,0.0841485058607757,0.87694452176131,0.987271223453189,0.0127287765468107,65,"played",NA,NA,NA,346,"Q4"
"1349",1349,"UMKCTexas11-15",2025-11-15,"nc","UMKC","Texas","Sum","SEC","A","L","55-71",0.0841485058607757,0.887271095950039,0.789142831518436,0.322261464403328,-0.322261464403328,28,"played",NA,NA,NA,43,"Q1"
"1350",1350,"USC UpstateUNC Wilmington11-15",2025-11-15,"nc","UNC Wilmington","USC Upstate","CAA","BSth","H","W","73-60",0.611618585583143,0.171715590878374,0.87694452176131,0.97173133605275,0.0282686639472497,66.1,"played",NA,NA,NA,285,"Q4"
"1351",1351,"USC UpstateUNC Wilmington11-15",2025-11-15,"nc","USC Upstate","UNC Wilmington","BSth","CAA","A","L","60-73",0.171715590878374,0.611618585583143,0.789142831518436,0.703838784355614,-0.703838784355614,14.3,"played",NA,NA,NA,109,"Q2"
"1352",1352,"Utah TechHawaii11-15",2025-11-15,"nc","Hawaii","Utah Tech","BW","WAC","H","W","68-62",0.782563869210565,0.326398450988887,0.87694452176131,0.936334401660849,0.0636655983391512,68.6,"played",NA,NA,NA,199,"Q4"
"1353",1353,"Utah TechHawaii11-15",2025-11-15,"nc","Utah Tech","Hawaii","WAC","BW","A","L","62-68",0.326398450988887,0.782563869210565,0.789142831518436,0.50977274777129,-0.50977274777129,44.4,"played",NA,NA,NA,97,"Q2"
"1354",1354,"Utah ValleyFresno St.11-15",2025-11-15,"nc","Fresno St.","Utah Valley","MWC","WAC","H","W","75-74",0.639155744766348,0.65875856803625,0.87694452176131,0.786850012957824,0.213149987042176,61,"played",NA,NA,NA,96,"Q3"
"1355",1355,"Utah ValleyFresno St.11-15",2025-11-15,"nc","Utah Valley","Fresno St.","WAC","MWC","A","L","74-75",0.65875856803625,0.639155744766348,0.789142831518436,0.678756847319588,-0.678756847319588,68.6,"played",NA,NA,NA,139,"Q3"
"1356",1356,"UTEPUtah St.11-15",2025-11-15,"nc","Utah St.","UTEP","MWC","CUSA","H","W","75-51",0.914720101774999,0.217959569432829,0.87694452176131,0.962363042817825,0.0376369571821751,90.8,"played",NA,NA,NA,276,"Q4"
"1357",1357,"UTEPUtah St.11-15",2025-11-15,"nc","UTEP","Utah St.","CUSA","MWC","A","L","51-75",0.217959569432829,0.914720101774999,0.789142831518436,0.25866611800377,-0.25866611800377,23.3,"played",NA,NA,NA,25,"Q1"
"1358",1358,"UTSADenver11-15",2025-11-15,"nc","Denver","UTSA","Sum","Amer","H","L","79-84",0.405627761111882,0.0659428297410237,0.87694452176131,0.990190615450233,-0.990190615450233,3.2,"played",NA,NA,NA,349,"Q4"
"1359",1359,"UTSADenver11-15",2025-11-15,"nc","UTSA","Denver","Amer","Sum","A","W","84-79",0.0659428297410237,0.405627761111882,0.789142831518436,0.845774407421677,0.154225592578323,59.2,"played",NA,NA,NA,251,"Q4"
"1360",1360,"VermontNortheastern11-15",2025-11-15,"nc","Northeastern","Vermont","CAA","AE","H","L","74-85",0.389208555122323,0.297392585715157,0.87694452176131,0.943935425917984,-0.943935425917984,17.3,"played",NA,NA,NA,207,"Q4"
"1361",1361,"VermontNortheastern11-15",2025-11-15,"nc","Vermont","Northeastern","AE","CAA","A","W","85-74",0.297392585715157,0.389208555122323,0.789142831518436,0.854508227313528,0.145491772686472,56.3,"played",NA,NA,NA,249,"Q4"
"1362",1362,"Weber St.UC Irvine11-15",2025-11-15,"nc","UC Irvine","Weber St.","BW","BSky","H","W","79-70",0.71694009377673,0.362300900236987,0.87694452176131,0.926163657167391,0.073836342832609,77.4,"played",NA,NA,NA,190,"Q4"
"1363",1363,"Weber St.UC Irvine11-15",2025-11-15,"nc","Weber St.","UC Irvine","BSky","BW","A","L","70-79",0.362300900236987,0.71694009377673,0.789142831518436,0.596386841218079,-0.596386841218079,29.6,"played",NA,NA,NA,128,"Q2"
"1364",1364,"William & MarySt. John's11-15",2025-11-15,"nc","St. John's","William & Mary","BE","CAA","H","W","93-60",0.941505441293299,0.532570409595156,0.87694452176131,0.862159378953457,0.137840621046543,97.6,"played",NA,NA,NA,108,"Q3"
"1365",1365,"William & MarySt. John's11-15",2025-11-15,"nc","William & Mary","St. John's","CAA","BE","A","L","60-93",0.532570409595156,0.941505441293299,0.789142831518436,0.188653986484811,-0.188653986484811,31,"played",NA,NA,NA,23,"Q1"
"1366",1366,"WoffordBellarmine11-15",2025-11-15,"nc","Bellarmine","Wofford","ASun","SC","H","L","86-94",0.246363301451693,0.281320852120458,0.87694452176131,0.947931772553643,-0.947931772553643,9.3,"played",NA,NA,NA,225,"Q4"
"1367",1367,"WoffordBellarmine11-15",2025-11-15,"nc","Wofford","Bellarmine","SC","ASun","A","W","94-86",0.281320852120458,0.246363301451693,0.789142831518436,0.919669832563784,0.080330167436216,55.4,"played",NA,NA,NA,291,"Q4"
"1368",1368,"Youngstown St.St. Bonaventure11-15",2025-11-15,"nc","St. Bonaventure","Youngstown St.","A10","Horz","H","W","84-80",0.588463345654528,0.38787784894262,0.87694452176131,0.918343480785251,0.0816565192147493,48.3,"played",NA,NA,NA,221,"Q4"
"1369",1369,"Youngstown St.St. Bonaventure11-15",2025-11-15,"nc","Youngstown St.","St. Bonaventure","Horz","A10","A","L","80-84",0.38787784894262,0.588463345654528,0.789142831518436,0.723552025588615,-0.723552025588615,49.2,"played",NA,NA,NA,144,"Q3"
"1370",1370,"New College (FL)North Florida11-15",2025-11-15,"nond1","North Florida","New College (FL)","ASun",NA,"H","W","67-122",NA,NA,NA,NA,0,NA,"played",NA,NA,NA,NA,NA
"1371",1371,"Christian BrothersArkansas St.11-15",2025-11-15,"nond1","Arkansas St.","Christian Brothers","SB",NA,"H","W","67-95",NA,NA,NA,NA,0,NA,"played",NA,NA,NA,NA,NA
"1372",1372,"RITBuffalo11-15",2025-11-15,"nond1","Buffalo","RIT","MAC",NA,"H","W","64-80",NA,NA,NA,NA,0,NA,"played",NA,NA,NA,NA,NA
"1373",1373,"BoycePurdue Fort Wayne11-15",2025-11-15,"nond1","Purdue Fort Wayne","Boyce","Horz",NA,"H","W","68-118",NA,NA,NA,NA,0,NA,"played",NA,NA,NA,NA,NA
"1374",1374,"DefianceOakland11-15",2025-11-15,"nond1","Oakland","Defiance","Horz",NA,"H","W","47-113",NA,NA,NA,NA,0,NA,"played",NA,NA,NA,NA,NA
"1375",1375,"Champion Chris.Southern11-15",2025-11-15,"nond1","Southern","Champion Chris.","SWAC",NA,"H","W","64-129",NA,NA,NA,NA,0,NA,"played",NA,NA,NA,NA,NA
"1376",1376,"EasternRider11-15",2025-11-15,"nond1","Rider","Eastern","MAAC",NA,"H","W","54-86",NA,NA,NA,NA,0,NA,"played",NA,NA,NA,NA,NA
"1377",1377,"Central PennAmerican11-15",2025-11-15,"nond1","American","Central Penn","Pat",NA,"H","W","50-115",NA,NA,NA,NA,0,NA,"played",NA,NA,NA,NA,NA
"1378",1378,"BryanLipscomb11-15",2025-11-15,"nond1","Lipscomb","Bryan","ASun",NA,"H","W","53-98",NA,NA,NA,NA,0,NA,"played",NA,NA,NA,NA,NA
"1379",1379,"AkronPurdue11-16",2025-11-16,"nc","Akron","Purdue","MAC","B10","A","L","79-97",0.745581397618812,0.968858276411217,0.789142831518436,0.107378422298164,-0.107378422298164,76.1,"played",NA,NA,NA,5,"Q1"
"1380",1380,"AkronPurdue11-16",2025-11-16,"nc","Purdue","Akron","B10","MAC","H","W","97-79",0.968858276411217,0.745581397618812,0.87694452176131,0.708606354394313,0.291393645605687,96.6,"played",NA,NA,NA,54,"Q2"
"1381",1381,"Appalachian St.Dartmouth11-16",2025-11-16,"nc","Appalachian St.","Dartmouth","SB","Ivy","A","W","85-77",0.322413113123934,0.465558838117583,0.789142831518436,0.811188227275576,0.188811772724424,73.6,"played",NA,NA,NA,222,"Q3"
"1382",1382,"Appalachian St.Dartmouth11-16",2025-11-16,"nc","Dartmouth","Appalachian St.","Ivy","SB","H","L","77-85",0.465558838117583,0.322413113123934,0.87694452176131,0.937409842186305,-0.937409842186305,12.9,"played",NA,NA,NA,212,"Q4"
"1383",1383,"AuburnHouston11-16",2025-11-16,"nc","Auburn","Houston","SEC","B12","N","L","72-73",0.885700111602542,0.971060988167615,0.837778001870703,0.133378507162459,-0.133378507162459,95.5,"played",NA,NA,NA,10,"Q1"
"1384",1384,"AuburnHouston11-16",2025-11-16,"nc","Houston","Auburn","B12","SEC","N","W","73-72",0.971060988167615,0.885700111602542,0.837778001870703,0.399927925093432,0.600072074906568,92.5,"played",NA,NA,NA,34,"Q1"
"1385",1385,"BryantValparaiso11-16",2025-11-16,"nc","Bryant","Valparaiso","AE","MVC","A","L","50-68",0.0698036017290083,0.617432819487282,0.789142831518436,0.69869691398021,-0.69869691398021,15.6,"played",NA,NA,NA,171,"Q3"
"1386",1386,"BryantValparaiso11-16",2025-11-16,"nc","Valparaiso","Bryant","MVC","AE","H","W","68-50",0.617432819487282,0.0698036017290083,0.87694452176131,0.989579639055569,0.0104203609444309,39.6,"played",NA,NA,NA,345,"Q4"
"1387",1387,"Central ConnecticutMassachusetts11-16",2025-11-16,"nc","Central Connecticut","Massachusetts","NEC","MAC","A","L","77-84",0.185254014996825,0.572880082018046,0.789142831518436,0.736169735795053,-0.736169735795053,14.4,"played",NA,NA,NA,195,"Q3"
"1388",1388,"Central ConnecticutMassachusetts11-16",2025-11-16,"nc","Massachusetts","Central Connecticut","MAC","NEC","H","W","84-77",0.572880082018046,0.185254014996825,0.87694452176131,0.969080387831991,0.0309196121680093,64.5,"played",NA,NA,NA,247,"Q4"
"1389",1389,"CharlotteVirginia Tech11-16",2025-11-16,"nc","Charlotte","Virginia Tech","Amer","ACC","A","L","76-84",0.408184823211502,0.853893151640768,0.789142831518436,0.39038325210195,-0.39038325210195,55.9,"played",NA,NA,NA,51,"Q1"
"1390",1390,"CharlotteVirginia Tech11-16",2025-11-16,"nc","Virginia Tech","Charlotte","ACC","Amer","H","W","84-76",0.853893151640768,0.408184823211502,0.87694452176131,0.911757290865428,0.0882427091345716,76.1,"played",NA,NA,NA,173,"Q4"
"1391",1391,"Cleveland St.Radford11-16",2025-11-16,"nc","Cleveland St.","Radford","Horz","BSth","N","W","87-82",0.221377563444458,0.291070820166916,0.837778001870703,0.926353304333431,0.0736466956665693,24.3,"played",NA,NA,NA,260,"Q4"
"1392",1392,"Cleveland St.Radford11-16",2025-11-16,"nc","Radford","Cleveland St.","BSth","Horz","N","L","82-87",0.291070820166916,0.221377563444458,0.837778001870703,0.947818943567965,-0.947818943567965,26.7,"played",NA,NA,NA,321,"Q4"
"1393",1393,"Colorado St.Loyola Chicago11-16",2025-11-16,"nc","Colorado St.","Loyola Chicago","MWC","A10","A","W","80-67",0.62699617671433,0.28923647413666,0.789142831518436,0.901930542270354,0.0980694577296459,82.8,"played",NA,NA,NA,315,"Q4"
"1394",1394,"Colorado St.Loyola Chicago11-16",2025-11-16,"nc","Loyola Chicago","Colorado St.","A10","MWC","H","L","67-80",0.28923647413666,0.62699617671433,0.87694452176131,0.809143842490246,-0.809143842490246,12.4,"played",NA,NA,NA,92,"Q3"
"1395",1395,"FloridaMiami FL11-16",2025-11-16,"nc","Florida","Miami FL","SEC","ACC","N","W","82-68",0.956063022904127,0.844946804453696,0.837778001870703,0.486573723002608,0.513426276997392,97.4,"played",NA,NA,NA,37,"Q1"
"1396",1396,"FloridaMiami FL11-16",2025-11-16,"nc","Miami FL","Florida","ACC","SEC","N","L","68-82",0.844946804453696,0.956063022904127,0.837778001870703,0.191811815252024,-0.191811815252024,76,"played",NA,NA,NA,14,"Q1"
"1397",1397,"HamptonHoly Cross11-16",2025-11-16,"nc","Hampton","Holy Cross","CAA","Pat","N","L","61-67",0.285888193374331,0.155978672170105,0.837778001870703,0.965451971792532,-0.965451971792532,9.7,"played",NA,NA,NA,314,"Q4"
"1398",1398,"HamptonHoly Cross11-16",2025-11-16,"nc","Holy Cross","Hampton","Pat","CAA","N","W","67-61",0.155978672170105,0.285888193374331,0.837778001870703,0.928057475417574,0.0719425245824262,40.8,"played",NA,NA,NA,238,"Q4"
"1399",1399,"HarvardMarist11-16",2025-11-16,"nc","Harvard","Marist","Ivy","MAAC","A","W","56-54",0.3540000459956,0.603367224365608,0.789142831518436,0.71100112209817,0.28899887790183,66.7,"played",NA,NA,NA,150,"Q3"
"1400",1400,"HarvardMarist11-16",2025-11-16,"nc","Marist","Harvard","MAAC","Ivy","H","L","54-56",0.603367224365608,0.3540000459956,0.87694452176131,0.928595399712616,-0.928595399712616,29.4,"played",NA,NA,NA,182,"Q4"
"1401",1401,"Illinois St.Long Beach St.11-16",2025-11-16,"nc","Illinois St.","Long Beach St.","MVC","BW","A","W","82-80",0.699786014575313,0.420920977464503,0.789142831518436,0.837366165744844,0.162633834255156,58.7,"played",NA,NA,NA,240,"Q3"
"1402",1402,"Illinois St.Long Beach St.11-16",2025-11-16,"nc","Long Beach St.","Illinois St.","BW","MVC","H","L","80-82",0.420920977464503,0.699786014575313,0.87694452176131,0.753530147840397,-0.753530147840397,54.3,"played",NA,NA,NA,79,"Q3"
"1403",1403,"Incarnate WordIndiana11-16",2025-11-16,"nc","Incarnate Word","Indiana","Slnd","B10","A","L","61-69",0.261903553465073,0.929075305570624,0.789142831518436,0.222214997574681,-0.222214997574681,59.4,"played",NA,NA,NA,38,"Q1"
"1404",1404,"Incarnate WordIndiana11-16",2025-11-16,"nc","Indiana","Incarnate Word","B10","Slnd","H","W","69-61",0.929075305570624,0.261903553465073,0.87694452176131,0.95256990795582,0.0474300920441801,76.1,"played",NA,NA,NA,246,"Q4"
"1405",1405,"Kent St.Wright St.11-16",2025-11-16,"nc","Kent St.","Wright St.","MAC","Horz","N","W","76-72",0.561471767130158,0.648012025719829,0.837778001870703,0.73720178481818,0.26279821518182,67.7,"played",NA,NA,NA,136,"Q3"
"1406",1406,"Kent St.Wright St.11-16",2025-11-16,"nc","Wright St.","Kent St.","Horz","MAC","N","L","72-76",0.648012025719829,0.561471767130158,0.837778001870703,0.801333567303832,-0.801333567303832,53,"played",NA,NA,NA,148,"Q3"
"1407",1407,"LindenwoodAlabama A&M11-16",2025-11-16,"nc","Alabama A&M","Lindenwood","SWAC","OVC","H","W","74-65",0.264840745295219,0.294360678016868,0.87694452176131,0.944700645022092,0.0552993549779085,50.9,"played",NA,NA,NA,224,"Q4"
"1408",1408,"LindenwoodAlabama A&M11-16",2025-11-16,"nc","Lindenwood","Alabama A&M","OVC","SWAC","A","L","65-74",0.294360678016868,0.264840745295219,0.789142831518436,0.91219415768358,-0.91219415768358,12.6,"played",NA,NA,NA,308,"Q4"
"1409",1409,"Loyola MDFairfield11-16",2025-11-16,"nc","Fairfield","Loyola MD","MAAC","Pat","H","W","85-82",0.35586849615359,0.0922603677365822,0.87694452176131,0.985938471534303,0.0140615284656967,17.8,"played",NA,NA,NA,340,"Q4"
"1410",1410,"Loyola MDFairfield11-16",2025-11-16,"nc","Loyola MD","Fairfield","Pat","MAAC","A","L","82-85",0.0922603677365822,0.35586849615359,0.789142831518436,0.871367911823899,-0.871367911823899,20.6,"played",NA,NA,NA,248,"Q4"
"1411",1411,"Mount St. Mary'sCincinnati11-16",2025-11-16,"nc","Cincinnati","Mount St. Mary's","B12","MAAC","H","W","72-55",0.873465038086542,0.171353269912124,0.87694452176131,0.97180128755884,0.0281987124411597,45.4,"played",NA,NA,NA,304,"Q4"
"1412",1412,"Mount St. Mary'sCincinnati11-16",2025-11-16,"nc","Mount St. Mary's","Cincinnati","MAAC","B12","A","L","55-72",0.171353269912124,0.873465038086542,0.789142831518436,0.351561364376916,-0.351561364376916,63.2,"played",NA,NA,NA,72,"Q1"
"1413",1413,"Notre DameOhio St.11-16",2025-11-16,"nc","Notre Dame","Ohio St.","ACC","B10","A","L","63-64",0.645182423439833,0.895316100144004,0.789142831518436,0.304393013328042,-0.304393013328042,90.4,"played",NA,NA,NA,35,"Q1"
"1414",1414,"Notre DameOhio St.11-16",2025-11-16,"nc","Ohio St.","Notre Dame","B10","ACC","H","W","64-63",0.895316100144004,0.645182423439833,0.87694452176131,0.796713547399044,0.203286452600956,62.2,"played",NA,NA,NA,81,"Q3"
"1415",1415,"PresbyterianSacramento St.11-16",2025-11-16,"nc","Presbyterian","Sacramento St.","BSth","BSky","A","L","62-64",0.211694092348146,0.304984656110273,0.789142831518436,0.895054064928712,-0.895054064928712,33.4,"played",NA,NA,NA,279,"Q4"
"1416",1416,"PresbyterianSacramento St.11-16",2025-11-16,"nc","Sacramento St.","Presbyterian","BSky","BSth","H","W","64-62",0.304984656110273,0.211694092348146,0.87694452176131,0.96368565745234,0.03631434254766,19,"played",NA,NA,NA,258,"Q4"
"1417",1417,"QuinnipiacMaine11-16",2025-11-16,"nc","Maine","Quinnipiac","AE","MAAC","H","L","64-70",0.117473612685145,0.407246884569133,0.87694452176131,0.912069287849074,-0.912069287849074,33.4,"played",NA,NA,NA,184,"Q4"
"1418",1418,"QuinnipiacMaine11-16",2025-11-16,"nc","Quinnipiac","Maine","MAAC","AE","A","W","70-64",0.407246884569133,0.117473612685145,0.789142831518436,0.965654705788423,0.0343452942115771,15.4,"played",NA,NA,NA,343,"Q4"
"1419",1419,"SamfordCentral Arkansas11-16",2025-11-16,"nc","Central Arkansas","Samford","ASun","SC","H","L","77-84",0.578184355364173,0.172321727445834,0.87694452176131,0.971614197909055,-0.971614197909055,14.2,"played",NA,NA,NA,269,"Q4"
"1420",1420,"SamfordCentral Arkansas11-16",2025-11-16,"nc","Samford","Central Arkansas","SC","ASun","A","W","84-77",0.172321727445834,0.578184355364173,0.789142831518436,0.73193102040683,0.26806897959317,63.2,"played",NA,NA,NA,206,"Q3"
"1421",1421,"South FloridaKennesaw St.11-16",2025-11-16,"nc","Kennesaw St.","South Florida","CUSA","Amer","H","L","89-108",0.57740333990607,0.716094166023229,0.87694452176131,0.738587386794364,-0.738587386794364,27.3,"played",NA,NA,NA,66,"Q2"
"1422",1422,"South FloridaKennesaw St.11-16",2025-11-16,"nc","South Florida","Kennesaw St.","Amer","CUSA","A","W","108-89",0.716094166023229,0.57740333990607,0.789142831518436,0.732558726349593,0.267441273650407,90.2,"played",NA,NA,NA,159,"Q3"
"1423",1423,"StetsonWestern Carolina11-16",2025-11-16,"nc","Stetson","Western Carolina","ASun","SC","A","L","65-76",0.131178587745499,0.307831220822344,0.789142831518436,0.89378923595296,-0.89378923595296,5.7,"played",NA,NA,NA,289,"Q4"
"1424",1424,"StetsonWestern Carolina11-16",2025-11-16,"nc","Western Carolina","Stetson","SC","ASun","H","W","76-65",0.307831220822344,0.131178587745499,0.87694452176131,0.979252959192397,0.020747040807603,52.4,"played",NA,NA,NA,327,"Q4"
"1425",1425,"Tennessee St.Western Kentucky11-16",2025-11-16,"nc","Tennessee St.","Western Kentucky","OVC","CUSA","A","L","82-95",0.211923958515258,0.539993818540962,0.789142831518436,0.761232506402088,-0.761232506402088,16.1,"played",NA,NA,NA,167,"Q3"
"1426",1426,"Tennessee St.Western Kentucky11-16",2025-11-16,"nc","Western Kentucky","Tennessee St.","CUSA","OVC","H","W","95-82",0.539993818540962,0.211923958515258,0.87694452176131,0.963637441578405,0.0363625584215946,62.1,"played",NA,NA,NA,229,"Q4"
"1427",1427,"Texas A&M Corpus ChrisOklahoma St.11-16",2025-11-16,"nc","Oklahoma St.","Texas A&M Corpus Chris","B12","Slnd","H","W","85-69",0.819344264260517,0.415344559057257,0.87694452176131,0.909349881209777,0.0906501187902234,86.5,"played",NA,NA,NA,181,"Q4"
"1428",1428,"Texas A&M Corpus ChrisOklahoma St.11-16",2025-11-16,"nc","Texas A&M Corpus Chris","Oklahoma St.","Slnd","B12","A","L","69-85",0.415344559057257,0.819344264260517,0.789142831518436,0.452111051323319,-0.452111051323319,33.5,"played",NA,NA,NA,73,"Q1"
"1429",1429,"TroyCal St. Northridge11-16",2025-11-16,"nc","Cal St. Northridge","Troy","BW","SB","H","W","94-85",0.543814122124777,0.574223488770011,0.87694452176131,0.840868495508097,0.159131504491903,77.7,"played",NA,NA,NA,103,"Q3"
"1430",1430,"TroyCal St. Northridge11-16",2025-11-16,"nc","Troy","Cal St. Northridge","SB","BW","A","L","85-94",0.574223488770011,0.543814122124777,0.789142831518436,0.758424134649901,-0.758424134649901,31.6,"played",NA,NA,NA,209,"Q3"
"1431",1431,"UMass LowellWake Forest11-16",2025-11-16,"nc","UMass Lowell","Wake Forest","AE","ACC","A","L","75-109",0.165007692678497,0.830188381602287,0.789142831518436,0.433595457149497,-0.433595457149497,19.4,"played",NA,NA,NA,67,"Q1"
"1432",1432,"UMass LowellWake Forest11-16",2025-11-16,"nc","Wake Forest","UMass Lowell","ACC","AE","H","W","109-75",0.830188381602287,0.165007692678497,0.87694452176131,0.973018164018987,0.0269818359810133,80,"played",NA,NA,NA,319,"Q4"
"1433",1433,"UNLVMemphis11-16",2025-11-16,"nc","Memphis","UNLV","Amer","MWC","H","L","78-92",0.777847739912943,0.560876007034628,0.87694452176131,0.848011636054,-0.848011636054,13.4,"played",NA,NA,NA,127,"Q3"
"1434",1434,"UNLVMemphis11-16",2025-11-16,"nc","UNLV","Memphis","MWC","Amer","A","W","92-78",0.560876007034628,0.777847739912943,0.789142831518436,0.516643488894951,0.483356511105049,96.6,"played",NA,NA,NA,112,"Q2"
"1435",1435,"WagnerUMBC11-16",2025-11-16,"nc","UMBC","Wagner","AE","NEC","H","W","71-70",0.335726306960335,0.136887136003035,0.87694452176131,0.978229684731794,0.0217703152682057,14.1,"played",NA,NA,NA,324,"Q4"
"1436",1436,"WagnerUMBC11-16",2025-11-16,"nc","Wagner","UMBC","NEC","AE","A","L","70-71",0.136887136003035,0.335726306960335,0.789142831518436,0.881024132869604,-0.881024132869604,32.9,"played",NA,NA,NA,274,"Q4"
"1437",1437,"Western MichiganSouth Dakota11-16",2025-11-16,"nc","South Dakota","Western Michigan","Sum","MAC","H","W","83-78",0.342292200243587,0.256976620663072,0.87694452176131,0.953715171476899,0.0462848285231012,28.3,"played",NA,NA,NA,256,"Q4"
"1438",1438,"Western MichiganSouth Dakota11-16",2025-11-16,"nc","Western Michigan","South Dakota","MAC","Sum","A","L","78-83",0.256976620663072,0.342292200243587,0.789142831518436,0.877918226219965,-0.877918226219965,31.3,"played",NA,NA,NA,272,"Q4"
"1439",1439,"Cumberlands (KY)Northern Kentucky11-16",2025-11-16,"nond1","Northern Kentucky","Cumberlands (KY)","Horz",NA,"H","W","73-101",NA,NA,NA,NA,0,NA,"played",NA,NA,NA,NA,NA
"1440",1440,"Ky. ChristianMorehead St.11-16",2025-11-16,"nond1","Morehead St.","Ky. Christian","OVC",NA,"H","W","51-121",NA,NA,NA,NA,0,NA,"played",NA,NA,NA,NA,NA
"1441",1441,"LorasSouthern Indiana11-16",2025-11-16,"nond1","Southern Indiana","Loras","OVC",NA,"H","W","74-91",NA,NA,NA,NA,0,NA,"played",NA,NA,NA,NA,NA
"1442",1442,"ManhattanvilleFordham11-16",2025-11-16,"nond1","Fordham","Manhattanville","A10",NA,"H","W","62-96",NA,NA,NA,NA,0,NA,"played",NA,NA,NA,NA,NA
"1443",1443,"Alabama St.Colorado11-17",2025-11-17,"nc","Alabama St.","Colorado","SWAC","B12","A","L","66-94",0.161273195651384,0.772290823716488,0.789142831518436,0.524598733389019,-0.524598733389019,4.7,"played",NA,NA,NA,78,"Q2"
"1444",1444,"Alabama St.Colorado11-17",2025-11-17,"nc","Colorado","Alabama St.","B12","SWAC","H","W","94-66",0.772290823716488,0.161273195651384,0.87694452176131,0.973727114931155,0.026272885068845,92.9,"played",NA,NA,NA,313,"Q4"
"1445",1445,"BucknellPittsburgh11-17",2025-11-17,"nc","Bucknell","Pittsburgh","Pat","ACC","A","L","50-84",0.127187121287998,0.730765128903465,0.789142831518436,0.579630896823016,-0.579630896823016,3,"played",NA,NA,NA,121,"Q2"
"1446",1446,"BucknellPittsburgh11-17",2025-11-17,"nc","Pittsburgh","Bucknell","ACC","Pat","H","W","84-50",0.730765128903465,0.127187121287998,0.87694452176131,0.979961742807954,0.0200382571920457,92.8,"played",NA,NA,NA,333,"Q4"
"1447",1447,"Cal St. BakersfieldPortland St.11-17",2025-11-17,"nc","Cal St. Bakersfield","Portland St.","BW","BSky","A","L","80-93",0.159533932612316,0.588461091868302,0.789142831518436,0.723553887104282,-0.723553887104282,22,"played",NA,NA,NA,137,"Q3"
"1448",1448,"Cal St. BakersfieldPortland St.11-17",2025-11-17,"nc","Portland St.","Cal St. Bakersfield","BSky","BW","H","W","93-80",0.588461091868302,0.159533932612316,0.87694452176131,0.974055493161456,0.0259445068385435,49,"played",NA,NA,NA,301,"Q4"
"1449",1449,"CanisiusHigh Point11-17",2025-11-17,"nc","Canisius","High Point","MAAC","BSth","A","L","50-93",0.0962828763969484,0.756790844012223,0.789142831518436,0.546019695713936,-0.546019695713936,0.7,"played",NA,NA,NA,90,"Q2"
"1450",1450,"CanisiusHigh Point11-17",2025-11-17,"nc","High Point","Canisius","BSth","MAAC","H","W","93-50",0.756790844012223,0.0962828763969484,0.87694452176131,0.985270070495874,0.0147299295041264,97.9,"played",NA,NA,NA,342,"Q4"
"1451",1451,"ColgateSiena11-17",2025-11-17,"nc","Colgate","Siena","Pat","MAAC","A","W","72-69",0.363069644263239,0.54942727469335,0.789142831518436,0.75425005854782,0.24574994145218,60.1,"played",NA,NA,NA,172,"Q3"
"1452",1452,"ColgateSiena11-17",2025-11-17,"nc","Siena","Colgate","MAAC","Pat","H","L","69-72",0.54942727469335,0.363069644263239,0.87694452176131,0.925935900293245,-0.925935900293245,31.6,"played",NA,NA,NA,196,"Q4"
"1453",1453,"DrakeCharleston11-17",2025-11-17,"nc","Charleston","Drake","CAA","MVC","H","L","62-71",0.52079730801882,0.380317101596354,0.87694452176131,0.920708383048696,-0.920708383048696,12.6,"played",NA,NA,NA,166,"Q4"
"1454",1454,"DrakeCharleston11-17",2025-11-17,"nc","Drake","Charleston","MVC","CAA","A","W","71-62",0.380317101596354,0.52079730801882,0.789142831518436,0.774959275716584,0.225040724283416,82.2,"played",NA,NA,NA,175,"Q3"
"1455",1455,"Florida A&MGeorgia11-17",2025-11-17,"nc","Florida A&M","Georgia","SWAC","SEC","A","L","57-87",0.193160437433708,0.91600808149171,0.789142831518436,0.255490906957154,-0.255490906957154,9,"played",NA,NA,NA,24,"Q1"
"1456",1456,"Florida A&MGeorgia11-17",2025-11-17,"nc","Georgia","Florida A&M","SEC","SWAC","H","W","87-57",0.91600808149171,0.193160437433708,0.87694452176131,0.967498013170315,0.0325019868296846,96.4,"played",NA,NA,NA,307,"Q4"
"1457",1457,"Georgia St.Arizona St.11-17",2025-11-17,"nc","Arizona St.","Georgia St.","B12","SB","H","W","75-62",0.764484530115745,0.207313157197796,0.87694452176131,0.964600153744441,0.0353998462555593,40.2,"played",NA,NA,NA,261,"Q4"
"1458",1458,"Georgia St.Arizona St.11-17",2025-11-17,"nc","Georgia St.","Arizona St.","SB","B12","A","L","62-75",0.207313157197796,0.764484530115745,0.789142831518436,0.535525330246126,-0.535525330246126,55.8,"played",NA,NA,NA,93,"Q2"
"1459",1459,"LafayetteWest Virginia11-17",2025-11-17,"nc","Lafayette","West Virginia","Pat","B12","A","L","59-81",0.147463233359836,0.87123425331909,0.789142831518436,0.356141766264973,-0.356141766264973,20.9,"played",NA,NA,NA,59,"Q1"
"1460",1460,"LafayetteWest Virginia11-17",2025-11-17,"nc","West Virginia","Lafayette","B12","Pat","H","W","81-59",0.87123425331909,0.147463233359836,0.87694452176131,0.976303494184094,0.023696505815906,81.6,"played",NA,NA,NA,328,"Q4"
"1461",1461,"LamarLouisiana Monroe11-17",2025-11-17,"nc","Lamar","Louisiana Monroe","Slnd","SB","A","W","79-66",0.29006579149575,0.110510816070549,0.789142831518436,0.967869772859297,0.0321302271407032,53.4,"played",NA,NA,NA,359,"Q4"
"1462",1462,"LamarLouisiana Monroe11-17",2025-11-17,"nc","Louisiana Monroe","Lamar","SB","Slnd","H","L","66-79",0.110510816070549,0.29006579149575,0.87694452176131,0.945775529853966,-0.945775529853966,4.2,"played",NA,NA,NA,220,"Q4"
"1463",1463,"Loyola MarymountUC Santa Barbara11-17",2025-11-17,"nc","Loyola Marymount","UC Santa Barbara","WCC","BW","A","W","78-74",0.409607691238367,0.641009132198243,0.789142831518436,0.677000142650276,0.322999857349724,64.4,"played",NA,NA,NA,145,"Q3"
"1464",1464,"Loyola MarymountUC Santa Barbara11-17",2025-11-17,"nc","UC Santa Barbara","Loyola Marymount","BW","WCC","H","L","74-78",0.641009132198243,0.409607691238367,0.87694452176131,0.911282503732018,-0.911282503732018,40.7,"played",NA,NA,NA,170,"Q4"
"1465",1465,"NiagaraLe Moyne11-17",2025-11-17,"nc","Le Moyne","Niagara","NEC","MAAC","H","W","74-68",0.367582572503491,0.0710982537629475,0.87694452176131,0.989373790127263,0.0106262098727368,17.2,"played",NA,NA,NA,355,"Q4"
"1466",1466,"NiagaraLe Moyne11-17",2025-11-17,"nc","Niagara","Le Moyne","MAAC","NEC","A","L","68-74",0.0710982537629475,0.367582572503491,0.789142831518436,0.865572723413798,-0.865572723413798,17.6,"played",NA,NA,NA,263,"Q4"
"1467",1467,"North AlabamaClemson11-17",2025-11-17,"nc","Clemson","North Alabama","ACC","ASun","H","W","81-61",0.937538780726441,0.0884777145660335,0.87694452176131,0.986562452243666,0.013437547756334,77.1,"played",NA,NA,NA,335,"Q4"
"1468",1468,"North AlabamaClemson11-17",2025-11-17,"nc","North Alabama","Clemson","ASun","ACC","A","L","61-81",0.0884777145660335,0.937538780726441,0.789142831518436,0.199576091999099,-0.199576091999099,30.1,"played",NA,NA,NA,32,"Q1"
"1469",1469,"OaklandUCF11-17",2025-11-17,"nc","Oakland","UCF","Horz","B12","A","L","83-87",0.482772141388938,0.866736847529921,0.789142831518436,0.365251362941497,-0.365251362941497,73.3,"played",NA,NA,NA,39,"Q1"
"1470",1470,"OaklandUCF11-17",2025-11-17,"nc","UCF","Oakland","B12","Horz","H","W","87-83",0.866736847529921,0.482772141388938,0.87694452176131,0.884192673060866,0.115807326939134,68.9,"played",NA,NA,NA,135,"Q3"
"1471",1471,"Oregon St.Oregon11-17",2025-11-17,"nc","Oregon","Oregon St.","B10","WCC","H","W","87-75",0.81299290274961,0.33310428152549,0.87694452176131,0.934501532774554,0.0654984672254456,72.5,"played",NA,NA,NA,213,"Q4"
"1472",1472,"Oregon St.Oregon11-17",2025-11-17,"nc","Oregon St.","Oregon","WCC","B10","A","L","75-87",0.33310428152549,0.81299290274961,0.789142831518436,0.462617524270081,-0.462617524270081,45.2,"played",NA,NA,NA,104,"Q2"
"1473",1473,"Prairie View A&MMissouri11-17",2025-11-17,"nc","Missouri","Prairie View A&M","SEC","SWAC","H","W","91-73",0.837628198528992,0.172466558867004,0.87694452176131,0.971586187483802,0.0284138125161976,83.3,"played",NA,NA,NA,296,"Q4"
"1474",1474,"Prairie View A&MMissouri11-17",2025-11-17,"nc","Prairie View A&M","Missouri","SWAC","SEC","A","L","73-91",0.172466558867004,0.837628198528992,0.789142831518436,0.42045174979891,-0.42045174979891,17.7,"played",NA,NA,NA,70,"Q1"
"1475",1475,"RiceTennessee11-17",2025-11-17,"nc","Rice","Tennessee","Amer","SEC","A","L","66-91",0.305946467034478,0.951108153148531,0.789142831518436,0.161345502513521,-0.161345502513521,47.8,"played",NA,NA,NA,26,"Q1"
"1476",1476,"RiceTennessee11-17",2025-11-17,"nc","Tennessee","Rice","SEC","Amer","H","W","91-66",0.951108153148531,0.305946467034478,0.87694452176131,0.941747346673167,0.0582526533268328,90.3,"played",NA,NA,NA,253,"Q4"
"1477",1477,"Saint Joseph'sPenn11-17",2025-11-17,"nc","Penn","Saint Joseph's","Ivy","A10","H","W","83-74",0.554637837343646,0.441375051805727,0.87694452176131,0.90019487903602,0.0998051209639798,61.8,"played",NA,NA,NA,192,"Q4"
"1478",1478,"Saint Joseph'sPenn11-17",2025-11-17,"nc","Saint Joseph's","Penn","A10","Ivy","A","L","74-83",0.441375051805727,0.554637837343646,0.789142831518436,0.750323581088423,-0.750323581088423,37.9,"played",NA,NA,NA,178,"Q3"
"1479",1479,"SIU EdwardsvilleWisconsin11-17",2025-11-17,"nc","SIU Edwardsville","Wisconsin","OVC","B10","A","L","69-94",0.222517010562244,0.913235229454143,0.789142831518436,0.262304234633571,-0.262304234633571,38,"played",NA,NA,NA,36,"Q1"
"1480",1480,"SIU EdwardsvilleWisconsin11-17",2025-11-17,"nc","Wisconsin","SIU Edwardsville","B10","OVC","H","W","94-69",0.913235229454143,0.222517010562244,0.87694452176131,0.961389918559662,0.0386100814403375,83.1,"played",NA,NA,NA,255,"Q4"
"1481",1481,"Southern IllinoisNorth Dakota St.11-17",2025-11-17,"nc","North Dakota St.","Southern Illinois","Sum","MVC","H","W","92-85",0.678074728815918,0.429692892721203,0.87694452176131,0.904383896749159,0.0956161032508414,65.3,"played",NA,NA,NA,143,"Q3"
"1482",1482,"Southern IllinoisNorth Dakota St.11-17",2025-11-17,"nc","Southern Illinois","North Dakota St.","MVC","Sum","A","L","85-92",0.429692892721203,0.678074728815918,0.789142831518436,0.639876531050688,-0.639876531050688,45.8,"played",NA,NA,NA,132,"Q2"
"1483",1483,"Southern UtahGonzaga11-17",2025-11-17,"nc","Gonzaga","Southern Utah","WCC","WAC","H","W","122-50",0.966086351861385,0.206808186371712,0.87694452176131,0.964705025156547,0.0352949748434535,99.8,"played",NA,NA,NA,294,"Q4"
"1484",1484,"Southern UtahGonzaga11-17",2025-11-17,"nc","Southern Utah","Gonzaga","WAC","WCC","A","L","50-122",0.206808186371712,0.966086351861385,0.789142831518436,0.116122856905454,-0.116122856905454,1.4,"played",NA,NA,NA,4,"Q1"
"1485",1485,"StonehillIowa St.11-17",2025-11-17,"nc","Iowa St.","Stonehill","B12","NEC","H","W","96-57",0.963201567205515,0.0863616106872418,0.87694452176131,0.986909609419067,0.0130903905809331,89.1,"played",NA,NA,NA,337,"Q4"
"1486",1486,"StonehillIowa St.11-17",2025-11-17,"nc","Stonehill","Iowa St.","NEC","B12","A","L","57-96",0.0863616106872418,0.963201567205515,0.789142831518436,0.125095084414269,-0.125095084414269,23.2,"played",NA,NA,NA,6,"Q1"
"1487",1487,"TulsaKansas St.11-17",2025-11-17,"nc","Kansas St.","Tulsa","B12","Amer","H","W","84-83",0.787642451679584,0.756867007275388,0.87694452176131,0.695980430402939,0.304019569597061,82.6,"played",NA,NA,NA,47,"Q2"
"1488",1488,"TulsaKansas St.11-17",2025-11-17,"nc","Tulsa","Kansas St.","Amer","B12","A","L","83-84",0.756867007275388,0.787642451679584,0.789142831518436,0.502248363029673,-0.502248363029673,70.8,"played",NA,NA,NA,82,"Q2"
"1489",1489,"VCUN.C. State11-17",2025-11-17,"nc","N.C. State","VCU","ACC","A10","H","W","85-79",0.928506150979041,0.722299621864947,0.87694452176131,0.732611158893325,0.267388841106675,87.2,"played",NA,NA,NA,55,"Q2"
"1490",1490,"VCUN.C. State11-17",2025-11-17,"nc","VCU","N.C. State","A10","ACC","A","L","79-85",0.722299621864947,0.928506150979041,0.789142831518436,0.223705894573487,-0.223705894573487,83.2,"played",NA,NA,NA,29,"Q1"
"1491",1491,"West GeorgiaTennessee Tech11-17",2025-11-17,"nc","Tennessee Tech","West Georgia","OVC","ASun","H","L","59-61",0.15372993043803,0.124454025605907,0.87694452176131,0.980443929756687,-0.980443929756687,4.2,"played",NA,NA,NA,322,"Q4"
"1492",1492,"West GeorgiaTennessee Tech11-17",2025-11-17,"nc","West Georgia","Tennessee Tech","ASun","OVC","A","W","61-59",0.124454025605907,0.15372993043803,0.789142831518436,0.953708845262442,0.0462911547375577,37.2,"played",NA,NA,NA,331,"Q4"
"1493",1493,"CarolinaULiberty11-17",2025-11-17,"nond1","Liberty","CarolinaU","CUSA",NA,"H","W","46-98",NA,NA,NA,NA,0,NA,"played",NA,NA,NA,NA,NA
"1494",1494,"RhodesUAB11-17",2025-11-17,"nond1","UAB","Rhodes","Amer",NA,"H","W","56-112",NA,NA,NA,NA,0,NA,"played",NA,NA,NA,NA,NA
"1495",1495,"Peru St.South Dakota St.11-17",2025-11-17,"nond1","South Dakota St.","Peru St.","Sum",NA,"H","W","46-94",NA,NA,NA,NA,0,NA,"played",NA,NA,NA,NA,NA
"1496",1496,"Angelo St.Tarleton St.11-17",2025-11-17,"nond1","Tarleton St.","Angelo St.","WAC",NA,"H","W","54-77",NA,NA,NA,NA,0,NA,"played",NA,NA,NA,NA,NA
"1497",1497,"Bethesda (CA)San Jose St.11-17",2025-11-17,"nond1","San Jose St.","Bethesda (CA)","MWC",NA,"H","W","56-110",NA,NA,NA,NA,0,NA,"played",NA,NA,NA,NA,NA
"1498",1498,"Coe CollegeWestern Illinois11-17",2025-11-17,"nond1","Western Illinois","Coe College","OVC",NA,"H","W","63-74",NA,NA,NA,NA,0,NA,"played",NA,NA,NA,NA,NA
"1499",1499,"Coastal GeorgiaFlorida Atlantic11-17",2025-11-17,"nond1","Florida Atlantic","Coastal Georgia","Amer",NA,"H","W","63-92",NA,NA,NA,NA,0,NA,"played",NA,NA,NA,NA,NA
"1500",1500,"Eastern OregonEastern Washington11-17",2025-11-17,"nond1","Eastern Washington","Eastern Oregon","BSky",NA,"H","W","73-91",NA,NA,NA,NA,0,NA,"played",NA,NA,NA,NA,NA
"1501",1501,"S'western AdventistUT Rio Grande Valley11-17",2025-11-17,"nond1","UT Rio Grande Valley","S'western Adventist","Slnd",NA,"H","W","53-110",NA,NA,NA,NA,0,NA,"played",NA,NA,NA,NA,NA
"1502",1502,"Abilene ChristianTexas St.11-18",2025-11-18,"nc","Abilene Christian","Texas St.","WAC","SB","A","L","49-63",0.25561463996283,0.382567816926111,0.789142831518436,0.857957670648498,-0.857957670648498,2.3,"played",NA,NA,NA,265,"Q4"
"1503",1503,"Abilene ChristianTexas St.11-18",2025-11-18,"nc","Texas St.","Abilene Christian","SB","WAC","H","W","63-49",0.382567816926111,0.25561463996283,0.87694452176131,0.954029569648245,0.045970430351755,90,"played",NA,NA,NA,241,"Q4"
"1504",1504,"Alcorn St.LSU11-18",2025-11-18,"nc","Alcorn St.","LSU","SWAC","SEC","A","L","81-107",0.0996439667646336,0.86991035902452,0.789142831518436,0.358840545849542,-0.358840545849542,47.8,"played",NA,NA,NA,50,"Q1"
"1505",1505,"Alcorn St.LSU11-18",2025-11-18,"nc","LSU","Alcorn St.","SEC","SWAC","H","W","107-81",0.86991035902452,0.0996439667646336,0.87694452176131,0.984707696986526,0.0152923030134736,44.7,"played",NA,NA,NA,351,"Q4"
"1506",1506,"AmericanRutgers11-18",2025-11-18,"nc","American","Rutgers","Pat","B10","A","L","71-80",0.351681313504199,0.593817364755892,0.789142831518436,0.719099142122945,-0.719099142122945,39.2,"played",NA,NA,NA,153,"Q3"
"1507",1507,"AmericanRutgers11-18",2025-11-18,"nc","Rutgers","American","B10","Pat","H","W","80-71",0.593817364755892,0.351681313504199,0.87694452176131,0.929265785702261,0.0707342142977385,55.1,"played",NA,NA,NA,228,"Q4"
"1508",1508,"Arkansas Pine BluffSMU11-18",2025-11-18,"nc","Arkansas Pine Bluff","SMU","SWAC","ACC","A","L","60-106",0.210499397365107,0.916602426915101,0.789142831518436,0.254019532125076,-0.254019532125076,6.1,"played",NA,NA,NA,30,"Q1"
"1509",1509,"Arkansas Pine BluffSMU11-18",2025-11-18,"nc","SMU","Arkansas Pine Bluff","ACC","SWAC","H","W","106-60",0.916602426915101,0.210499397365107,0.87694452176131,0.963935877536827,0.0360641224631731,97.8,"played",NA,NA,NA,311,"Q4"
"1510",1510,"ArmyCornell11-18",2025-11-18,"nc","Army","Cornell","Pat","Ivy","A","L","73-86",0.121286957424866,0.536163309604943,0.789142831518436,0.764022375784147,-0.764022375784147,19.1,"played",NA,NA,NA,188,"Q3"
"1511",1511,"ArmyCornell11-18",2025-11-18,"nc","Cornell","Army","Ivy","Pat","H","W","86-73",0.536163309604943,0.121286957424866,0.87694452176131,0.980999516370392,0.0190004836296076,40.3,"played",NA,NA,NA,320,"Q4"
"1512",1512,"Austin PeayMississippi11-18",2025-11-18,"nc","Austin Peay","Mississippi","ASun","SEC","A","L","65-72",0.467994966707812,0.782795445947566,0.789142831518436,0.509432503898883,-0.509432503898883,40.8,"played",NA,NA,NA,87,"Q2"
"1513",1513,"Austin PeayMississippi11-18",2025-11-18,"nc","Mississippi","Austin Peay","SEC","ASun","H","W","72-65",0.782795445947566,0.467994966707812,0.87694452176131,0.890123562109543,0.109876437890457,82.1,"played",NA,NA,NA,149,"Q3"
"1514",1514,"Boston UniversityColumbia11-18",2025-11-18,"nc","Boston University","Columbia","Pat","Ivy","A","L","49-54",0.173160301084916,0.567588970085062,0.789142831518436,0.740341726214311,-0.740341726214311,7,"played",NA,NA,NA,151,"Q3"
"1515",1515,"Boston UniversityColumbia11-18",2025-11-18,"nc","Columbia","Boston University","Ivy","Pat","H","W","54-49",0.567588970085062,0.173160301084916,0.87694452176131,0.97145190396275,0.0285480960372501,78.4,"played",NA,NA,NA,292,"Q4"
"1516",1516,"Chicago St.Minnesota11-18",2025-11-18,"nc","Chicago St.","Minnesota","NEC","B10","A","L","54-66",0.0739186417080468,0.837995134981792,0.789142831518436,0.419793884137052,-0.419793884137052,38.9,"played",NA,NA,NA,83,"Q2"
"1517",1517,"Chicago St.Minnesota11-18",2025-11-18,"nc","Minnesota","Chicago St.","B10","NEC","H","W","66-54",0.837995134981792,0.0739186417080468,0.87694452176131,0.988923656012592,0.011076343987408,39.3,"played",NA,NA,NA,352,"Q4"
"1518",1518,"DukeKansas11-18",2025-11-18,"nc","Duke","Kansas","ACC","B12","N","W","78-66",0.955254604924041,0.94331997857627,0.837778001870703,0.236819493673805,0.763180506326195,98.4,"played",NA,NA,NA,18,"Q1"
"1519",1519,"DukeKansas11-18",2025-11-18,"nc","Kansas","Duke","B12","ACC","N","L","66-78",0.94331997857627,0.955254604924041,0.837778001870703,0.19478671911205,-0.19478671911205,85.6,"played",NA,NA,NA,2,"Q1"
"1520",1520,"East CarolinaUNC Wilmington11-18",2025-11-18,"nc","East Carolina","UNC Wilmington","Amer","CAA","A","L","60-85",0.157608291479868,0.611618585583143,0.789142831518436,0.703838784355614,-0.703838784355614,6.9,"played",NA,NA,NA,109,"Q2"
"1521",1521,"East CarolinaUNC Wilmington11-18",2025-11-18,"nc","UNC Wilmington","East Carolina","CAA","Amer","H","W","85-60",0.611618585583143,0.157608291479868,0.87694452176131,0.974417735158404,0.0255822648415964,80,"played",NA,NA,NA,299,"Q4"
"1522",1522,"Eastern KentuckyKent St.11-18",2025-11-18,"nc","Eastern Kentucky","Kent St.","ASun","MAC","A","L","78-93",0.223192376556858,0.638568943065511,0.789142831518436,0.679311168960651,-0.679311168960651,9.5,"played",NA,NA,NA,148,"Q3"
"1523",1523,"Eastern KentuckyKent St.11-18",2025-11-18,"nc","Kent St.","Eastern Kentucky","MAC","ASun","H","W","93-78",0.638568943065511,0.223192376556858,0.87694452176131,0.961244908789494,0.0387550912105064,82.9,"played",NA,NA,NA,262,"Q4"
"1524",1524,"Eastern MichiganDetroit Mercy11-18",2025-11-18,"nc","Detroit Mercy","Eastern Michigan","Horz","MAC","H","L","62-72",0.41087180318306,0.375757933331981,0.87694452176131,0.922112482630347,-0.922112482630347,24.1,"played",NA,NA,NA,179,"Q4"
"1525",1525,"Eastern MichiganDetroit Mercy11-18",2025-11-18,"nc","Eastern Michigan","Detroit Mercy","MAC","Horz","A","W","72-62",0.375757933331981,0.41087180318306,0.789142831518436,0.842921600902124,0.157078399097876,56.9,"played",NA,NA,NA,273,"Q4"
"1526",1526,"Gardner WebbDePaul11-18",2025-11-18,"nc","DePaul","Gardner Webb","BE","BSth","H","W","93-62",0.723148523927946,0.031054600359691,0.87694452176131,0.995522798064527,0.00447720193547285,74.8,"played",NA,NA,NA,363,"Q4"
"1527",1527,"Gardner WebbDePaul11-18",2025-11-18,"nc","Gardner Webb","DePaul","BSth","BE","A","L","62-93",0.031054600359691,0.723148523927946,0.789142831518436,0.588951567067976,-0.588951567067976,2.7,"played",NA,NA,NA,113,"Q2"
"1528",1528,"Georgia SouthernGeorgia Tech11-18",2025-11-18,"nc","Georgia Southern","Georgia Tech","SB","ACC","A","L","66-68",0.25951963690932,0.649662104684215,0.789142831518436,0.668678034087465,-0.668678034087465,61.8,"played",NA,NA,NA,146,"Q3"
"1529",1529,"Georgia SouthernGeorgia Tech11-18",2025-11-18,"nc","Georgia Tech","Georgia Southern","ACC","SB","H","W","68-66",0.649662104684215,0.25951963690932,0.87694452176131,0.953125607727472,0.0468743922725275,28.6,"played",NA,NA,NA,243,"Q4"
"1530",1530,"Grambling St.San Diego11-18",2025-11-18,"nc","Grambling St.","San Diego","SWAC","WCC","A","L","68-78",0.233559697555641,0.545701106777343,0.789142831518436,0.75702731189978,-0.75702731189978,17.5,"played",NA,NA,NA,208,"Q3"
"1531",1531,"Grambling St.San Diego11-18",2025-11-18,"nc","San Diego","Grambling St.","WCC","SWAC","H","W","78-68",0.545701106777343,0.233559697555641,0.87694452176131,0.958992470941088,0.0410075290589117,63.3,"played",NA,NA,NA,266,"Q4"
"1532",1532,"HamptonBoston College11-18",2025-11-18,"nc","Boston College","Hampton","ACC","CAA","H","W","63-52",0.611273164360049,0.224878457335432,0.87694452176131,0.960881974481878,0.0391180255181218,87.2,"played",NA,NA,NA,238,"Q4"
"1533",1533,"HamptonBoston College11-18",2025-11-18,"nc","Hampton","Boston College","CAA","ACC","A","L","52-63",0.224878457335432,0.611273164360049,0.789142831518436,0.704141763062635,-0.704141763062635,6.3,"played",NA,NA,NA,157,"Q3"
"1534",1534,"Holy CrossBrown11-18",2025-11-18,"nc","Brown","Holy Cross","Ivy","Pat","H","W","68-49",0.361296853591693,0.118107022625567,0.87694452176131,0.981553972347959,0.0184460276520411,84.1,"played",NA,NA,NA,314,"Q4"
"1535",1535,"Holy CrossBrown11-18",2025-11-18,"nc","Holy Cross","Brown","Pat","Ivy","A","L","49-68",0.118107022625567,0.361296853591693,0.789142831518436,0.868699218992873,-0.868699218992873,1.4,"played",NA,NA,NA,275,"Q4"
"1536",1536,"Idaho St.Santa Clara11-18",2025-11-18,"nc","Idaho St.","Santa Clara","BSky","WCC","A","L","55-64",0.328595781865349,0.904534982736246,0.789142831518436,0.28314899833366,-0.28314899833366,62.4,"played",NA,NA,NA,44,"Q1"
"1537",1537,"Idaho St.Santa Clara11-18",2025-11-18,"nc","Santa Clara","Idaho St.","WCC","BSky","H","W","64-55",0.904534982736246,0.328595781865349,0.87694452176131,0.935737061162961,0.0642629388370387,73.6,"played",NA,NA,NA,174,"Q4"
"1538",1538,"IU IndyCharleston Southern11-18",2025-11-18,"nc","Charleston Southern","IU Indy","BSth","Horz","H","W","103-91",0.455058138848351,0.178820401046325,0.87694452176131,0.970349240873804,0.0296507591261961,63,"played",NA,NA,NA,310,"Q4"
"1539",1539,"IU IndyCharleston Southern11-18",2025-11-18,"nc","IU Indy","Charleston Southern","Horz","BSth","A","L","91-103",0.178820401046325,0.455058138848351,0.789142831518436,0.817577500727398,-0.817577500727398,9.7,"played",NA,NA,NA,219,"Q3"
"1540",1540,"JacksonvilleGeorge Mason11-18",2025-11-18,"nc","George Mason","Jacksonville","A10","ASun","H","W","79-57",0.758834600748699,0.161966016954007,0.87694452176131,0.973595990398377,0.0264040096016227,85,"played",NA,NA,NA,293,"Q4"
"1541",1541,"JacksonvilleGeorge Mason11-18",2025-11-18,"nc","Jacksonville","George Mason","ASun","A10","A","L","57-79",0.161966016954007,0.758834600748699,0.789142831518436,0.543257964252141,-0.543257964252141,9.7,"played",NA,NA,NA,63,"Q1"
"1542",1542,"KentuckyMichigan St.11-18",2025-11-18,"nc","Kentucky","Michigan St.","SEC","B10","N","L","66-83",0.8605178362432,0.94987905099256,0.837778001870703,0.214146807299484,-0.214146807299484,59.3,"played",NA,NA,NA,11,"Q1"
"1543",1543,"KentuckyMichigan St.11-18",2025-11-18,"nc","Michigan St.","Kentucky","B10","SEC","N","W","83-66",0.94987905099256,0.8605178362432,0.837778001870703,0.4556641969718,0.5443358030282,98.8,"played",NA,NA,NA,31,"Q1"
"1544",1544,"Little RockMurray St.11-18",2025-11-18,"nc","Little Rock","Murray St.","OVC","MVC","A","L","68-89",0.127043860244037,0.768671365816874,0.789142831518436,0.52970054022595,-0.52970054022595,12.5,"played",NA,NA,NA,74,"Q1"
"1545",1545,"Little RockMurray St.11-18",2025-11-18,"nc","Murray St.","Little Rock","MVC","OVC","H","W","89-68",0.768671365816874,0.127043860244037,0.87694452176131,0.979987080838008,0.0200129191619924,77.3,"played",NA,NA,NA,302,"Q4"
"1546",1546,"LouisianaStanford11-18",2025-11-18,"nc","Louisiana","Stanford","SB","ACC","A","L","66-93",0.137657594317457,0.825268926203313,0.789142831518436,0.442087360782368,-0.442087360782368,20.1,"played",NA,NA,NA,68,"Q1"
"1547",1547,"LouisianaStanford11-18",2025-11-18,"nc","Stanford","Louisiana","ACC","SB","H","W","93-66",0.825268926203313,0.137657594317457,0.87694452176131,0.978090705272969,0.021909294727031,75,"played",NA,NA,NA,334,"Q4"
"1548",1548,"Maryland Eastern ShoreLongwood11-18",2025-11-18,"nc","Longwood","Maryland Eastern Shore","BSth","MEAC","H","L","82-83",0.312752660506419,0.112768939573491,0.87694452176131,0.98247717744524,-0.98247717744524,7.1,"played",NA,NA,NA,325,"Q4"
"1549",1549,"Maryland Eastern ShoreLongwood11-18",2025-11-18,"nc","Maryland Eastern Shore","Longwood","MEAC","BSth","A","W","83-82",0.112768939573491,0.312752660506419,0.789142831518436,0.891586317792624,0.108413682207376,42.9,"played",NA,NA,NA,271,"Q4"
"1550",1550,"MonmouthSyracuse11-18",2025-11-18,"nc","Monmouth","Syracuse","CAA","ACC","A","L","73-78",0.318339421823734,0.839475742553748,0.789142831518436,0.417130023189949,-0.417130023189949,66.1,"played",NA,NA,NA,77,"Q2"
"1551",1551,"MonmouthSyracuse11-18",2025-11-18,"nc","Syracuse","Monmouth","ACC","CAA","H","W","78-73",0.839475742553748,0.318339421823734,0.87694452176131,0.938498639231933,0.0615013607680674,55.7,"played",NA,NA,NA,204,"Q4"
"1552",1552,"MontanaTexas A&M11-18",2025-11-18,"nc","Montana","Texas A&M","BSky","SEC","A","L","81-86",0.47565609222007,0.915550420652576,0.789142831518436,0.256621248205328,-0.256621248205328,70.5,"played",NA,NA,NA,41,"Q1"
"1553",1553,"MontanaTexas A&M11-18",2025-11-18,"nc","Texas A&M","Montana","SEC","BSky","H","W","86-81",0.915550420652576,0.47565609222007,0.87694452176131,0.887080556167823,0.112919443832177,80.5,"played",NA,NA,NA,163,"Q4"
"1554",1554,"NavyNorth Carolina11-18",2025-11-18,"nc","Navy","North Carolina","Pat","ACC","A","L","61-73",0.313792818654193,0.914942599410585,0.789142831518436,0.258118902076419,-0.258118902076419,49.2,"played",NA,NA,NA,27,"Q1"
"1555",1555,"NavyNorth Carolina11-18",2025-11-18,"nc","North Carolina","Navy","ACC","Pat","H","W","73-61",0.914942599410585,0.313792818654193,0.87694452176131,0.939701501811385,0.0602984981886153,83.6,"played",NA,NA,NA,193,"Q4"
"1556",1556,"New HampshireProvidence11-18",2025-11-18,"nc","New Hampshire","Providence","AE","BE","A","L","66-98",0.179474847733072,0.803485279294478,0.789142831518436,0.477900616033965,-0.477900616033965,12.4,"played",NA,NA,NA,89,"Q2"
"1557",1557,"New HampshireProvidence11-18",2025-11-18,"nc","Providence","New Hampshire","BE","AE","H","W","98-66",0.803485279294478,0.179474847733072,0.87694452176131,0.970220927546977,0.0297790724530229,86.3,"played",NA,NA,NA,323,"Q4"
"1558",1558,"New HavenSeton Hall11-18",2025-11-18,"nc","New Haven","Seton Hall","NEC","BE","A","L","45-68",0.109352159726003,0.873855128810157,0.789142831518436,0.350756125662828,-0.350756125662828,6.8,"played",NA,NA,NA,45,"Q1"
"1559",1559,"New HavenSeton Hall11-18",2025-11-18,"nc","Seton Hall","New Haven","BE","NEC","H","W","68-45",0.873855128810157,0.109352159726003,0.87694452176131,0.983063190078944,0.0169368099210561,92.1,"played",NA,NA,NA,326,"Q4"
"1560",1560,"New OrleansPepperdine11-18",2025-11-18,"nc","New Orleans","Pepperdine","Slnd","WCC","A","L","79-90",0.331235610868882,0.346226240798316,0.789142831518436,0.876038094973127,-0.876038094973127,11.3,"played",NA,NA,NA,267,"Q4"
"1561",1561,"New OrleansPepperdine11-18",2025-11-18,"nc","Pepperdine","New Orleans","WCC","Slnd","H","W","90-79",0.346226240798316,0.331235610868882,0.87694452176131,0.93501525605322,0.0649847439467803,67.4,"played",NA,NA,NA,231,"Q4"
"1562",1562,"NJITDrexel11-18",2025-11-18,"nc","Drexel","NJIT","CAA","AE","H","W","75-43",0.506908140029048,0.108362596707915,0.87694452176131,0.983232201292529,0.0167677987074712,92.2,"played",NA,NA,NA,332,"Q4"
"1563",1563,"NJITDrexel11-18",2025-11-18,"nc","NJIT","Drexel","AE","CAA","A","L","43-75",0.108362596707915,0.506908140029048,0.789142831518436,0.78450783990208,-0.78450783990208,1,"played",NA,NA,NA,211,"Q3"
"1564",1564,"North Carolina A&TMorgan St.11-18",2025-11-18,"nc","Morgan St.","North Carolina A&T","MEAC","CAA","H","L","73-79",0.0769875851717531,0.167266946360123,0.87694452176131,0.97258668982768,-0.97258668982768,7.6,"played",NA,NA,NA,270,"Q4"
"1565",1565,"North Carolina A&TMorgan St.11-18",2025-11-18,"nc","North Carolina A&T","Morgan St.","CAA","MEAC","A","W","79-73",0.167266946360123,0.0769875851717531,0.789142831518436,0.978199161594347,0.0218008384056526,16.8,"played",NA,NA,NA,361,"Q4"
"1566",1566,"Northern IllinoisNorthern Iowa11-18",2025-11-18,"nc","Northern Illinois","Northern Iowa","MAC","MVC","A","L","57-70",0.136539414444762,0.757436564872932,0.789142831518436,0.545149141228804,-0.545149141228804,40.6,"played",NA,NA,NA,102,"Q2"
"1567",1567,"Northern IllinoisNorthern Iowa11-18",2025-11-18,"nc","Northern Iowa","Northern Illinois","MVC","MAC","H","W","70-57",0.757436564872932,0.136539414444762,0.87694452176131,0.978292340323179,0.0217076596768214,41.9,"played",NA,NA,NA,312,"Q4"
"1568",1568,"Northwestern St.San Francisco11-18",2025-11-18,"nc","Northwestern St.","San Francisco","Slnd","WCC","A","L","64-84",0.172988629015108,0.739588765971914,0.789142831518436,0.568549132866206,-0.568549132866206,9,"played",NA,NA,NA,107,"Q2"
"1569",1569,"Northwestern St.San Francisco11-18",2025-11-18,"nc","San Francisco","Northwestern St.","WCC","Slnd","H","W","84-64",0.739588765971914,0.172988629015108,0.87694452176131,0.971485151015013,0.028514848984987,85.7,"played",NA,NA,NA,306,"Q4"
"1570",1570,"Old DominionXavier11-18",2025-11-18,"nc","Old Dominion","Xavier","SB","BE","A","L","69-99",0.270343466440864,0.780139218822579,0.789142831518436,0.513318973154326,-0.513318973154326,7.4,"played",NA,NA,NA,94,"Q2"
"1571",1571,"Old DominionXavier11-18",2025-11-18,"nc","Xavier","Old Dominion","BE","SB","H","W","99-69",0.780139218822579,0.270343466440864,0.87694452176131,0.950578683851748,0.0494213161482524,94.3,"played",NA,NA,NA,250,"Q4"
"1572",1572,"PresbyterianCalifornia11-18",2025-11-18,"nc","California","Presbyterian","ACC","BSth","H","W","67-57",0.828977030903702,0.211694092348146,0.87694452176131,0.96368565745234,0.03631434254766,49.9,"played",NA,NA,NA,258,"Q4"
"1573",1573,"PresbyterianCalifornia11-18",2025-11-18,"nc","Presbyterian","California","BSth","ACC","A","L","57-67",0.211694092348146,0.828977030903702,0.789142831518436,0.435700951290163,-0.435700951290163,56.7,"played",NA,NA,NA,60,"Q1"
"1574",1574,"PrincetonIona11-18",2025-11-18,"nc","Iona","Princeton","MAAC","Ivy","H","W","89-69",0.437173937533644,0.302269000525834,0.87694452176131,0.942693369093223,0.0573066309067766,94,"played",NA,NA,NA,239,"Q4"
"1575",1575,"PrincetonIona11-18",2025-11-18,"nc","Princeton","Iona","Ivy","MAAC","A","L","69-89",0.302269000525834,0.437173937533644,0.789142831518436,0.828126310189698,-0.828126310189698,2.1,"played",NA,NA,NA,218,"Q3"
"1576",1576,"Purdue Fort WayneUtah11-18",2025-11-18,"nc","Purdue Fort Wayne","Utah","Horz","B12","A","L","77-85",0.292872856878609,0.735923022179889,0.789142831518436,0.573190776567456,-0.573190776567456,34.5,"played",NA,NA,NA,117,"Q2"
"1577",1577,"Purdue Fort WayneUtah11-18",2025-11-18,"nc","Utah","Purdue Fort Wayne","B12","Horz","H","W","85-77",0.735923022179889,0.292872856878609,0.87694452176131,0.945074204187965,0.054925795812035,68.7,"played",NA,NA,NA,210,"Q4"
"1578",1578,"RadfordSouth Carolina11-18",2025-11-18,"nc","Radford","South Carolina","BSth","SEC","A","L","58-87",0.229310238486478,0.817726977948728,0.789142831518436,0.454809537531623,-0.454809537531623,9.4,"played",NA,NA,NA,85,"Q2"
"1579",1579,"RadfordSouth Carolina11-18",2025-11-18,"nc","South Carolina","Radford","SEC","BSth","H","W","87-58",0.817726977948728,0.229310238486478,0.87694452176131,0.959921770218191,0.0400782297818087,92.8,"played",NA,NA,NA,260,"Q4"
"1580",1580,"Rhode IslandYale11-18",2025-11-18,"nc","Rhode Island","Yale","A10","Ivy","A","W","86-77",0.501095551708488,0.814418788081781,0.789142831518436,0.460279928688857,0.539720071311143,88.3,"played",NA,NA,NA,61,"Q1"
"1581",1581,"Rhode IslandYale11-18",2025-11-18,"nc","Yale","Rhode Island","Ivy","A10","H","L","77-86",0.814418788081781,0.501095551708488,0.87694452176131,0.876470842985361,-0.876470842985361,36.8,"played",NA,NA,NA,133,"Q3"
"1582",1582,"RiderTexas11-18",2025-11-18,"nc","Rider","Texas","MAAC","SEC","A","L","65-99",0.0692807104895986,0.887271095950039,0.789142831518436,0.322261464403328,-0.322261464403328,13.1,"played",NA,NA,NA,43,"Q1"
"1583",1583,"RiderTexas11-18",2025-11-18,"nc","Texas","Rider","SEC","MAAC","H","W","99-65",0.887271095950039,0.0692807104895986,0.87694452176131,0.989662640329338,0.010337359670662,79.5,"played",NA,NA,NA,357,"Q4"
"1584",1584,"Sacramento St.UCLA11-18",2025-11-18,"nc","Sacramento St.","UCLA","BSky","B10","A","L","48-79",0.187290241962568,0.883383237146971,0.789142831518436,0.330682521038581,-0.330682521038581,3.3,"played",NA,NA,NA,40,"Q1"
"1585",1585,"Sacramento St.UCLA11-18",2025-11-18,"nc","UCLA","Sacramento St.","B10","BSky","H","W","79-48",0.883383237146971,0.187290241962568,0.87694452176131,0.96867531291602,0.0313246870839802,98.1,"played",NA,NA,NA,279,"Q4"
"1586",1586,"Saint FrancisLehigh11-18",2025-11-18,"nc","Lehigh","Saint Francis","Pat","NEC","H","W","79-62",0.26032083125622,0.0661980827384546,0.87694452176131,0.990150353814344,0.00984964618565609,45.4,"played",NA,NA,NA,354,"Q4"
"1587",1587,"Saint FrancisLehigh11-18",2025-11-18,"nc","Saint Francis","Lehigh","NEC","Pat","A","L","62-79",0.0661980827384546,0.26032083125622,0.789142831518436,0.914045954914765,-0.914045954914765,2.9,"played",NA,NA,NA,298,"Q4"
"1588",1588,"Saint Peter'sDelaware11-18",2025-11-18,"nc","Delaware","Saint Peter's","CUSA","MAAC","H","W","81-70",0.290475626387562,0.312643989802408,0.87694452176131,0.940003404180597,0.0599965958194028,87.5,"played",NA,NA,NA,223,"Q4"
"1589",1589,"Saint Peter'sDelaware11-18",2025-11-18,"nc","Saint Peter's","Delaware","MAAC","CUSA","A","L","70-81",0.312643989802408,0.290475626387562,0.789142831518436,0.901396772388435,-0.901396772388435,2.6,"played",NA,NA,NA,300,"Q4"
"1590",1590,"Southeast Missouri St.Iowa11-18",2025-11-18,"nc","Iowa","Southeast Missouri St.","B10","OVC","H","W","99-70",0.951016965997977,0.215113414869716,0.87694452176131,0.962966020309848,0.0370339796901523,94,"played",NA,NA,NA,242,"Q4"
"1591",1591,"Southeast Missouri St.Iowa11-18",2025-11-18,"nc","Southeast Missouri St.","Iowa","OVC","B10","A","L","70-99",0.215113414869716,0.951016965997977,0.789142831518436,0.161610786773865,-0.161610786773865,25.4,"played",NA,NA,NA,21,"Q1"
"1592",1592,"SouthernWashington11-18",2025-11-18,"nc","Southern","Washington","SWAC","B10","A","L","93-99",0.265907681407748,0.850500833069505,0.789142831518436,0.396811542881163,-0.396811542881163,83,"played",NA,NA,NA,62,"Q1"
"1593",1593,"SouthernWashington11-18",2025-11-18,"nc","Washington","Southern","B10","SWAC","H","W","99-93",0.850500833069505,0.265907681407748,0.87694452176131,0.951629886177392,0.0483701138226084,29.7,"played",NA,NA,NA,278,"Q4"
"1594",1594,"Stephen F. AustinFresno St.11-18",2025-11-18,"nc","Fresno St.","Stephen F. Austin","MWC","Slnd","H","W","80-78",0.639155744766348,0.698277000404957,0.87694452176131,0.75485983588986,0.24514016411014,71.7,"played",NA,NA,NA,88,"Q3"
"1595",1595,"Stephen F. AustinFresno St.11-18",2025-11-18,"nc","Stephen F. Austin","Fresno St.","Slnd","MWC","A","L","78-80",0.698277000404957,0.639155744766348,0.789142831518436,0.678756847319588,-0.678756847319588,61.8,"played",NA,NA,NA,139,"Q3"
"1596",1596,"Tennessee MartinFlorida St.11-18",2025-11-18,"nc","Florida St.","Tennessee Martin","ACC","OVC","H","W","87-73",0.714263605095652,0.237188051713002,0.87694452176131,0.958192248853182,0.041807751146818,62.3,"played",NA,NA,NA,187,"Q4"
"1597",1597,"Tennessee MartinFlorida St.11-18",2025-11-18,"nc","Tennessee Martin","Florida St.","OVC","ACC","A","L","73-87",0.237188051713002,0.714263605095652,0.789142831518436,0.599548438685226,-0.599548438685226,32,"played",NA,NA,NA,115,"Q2"
"1598",1598,"TowsonJames Madison11-18",2025-11-18,"nc","James Madison","Towson","SB","CAA","H","W","81-75",0.385748212158963,0.35134538872408,0.87694452176131,0.929362589848566,0.0706374101514337,54.7,"played",NA,NA,NA,162,"Q4"
"1599",1599,"TowsonJames Madison11-18",2025-11-18,"nc","Towson","James Madison","CAA","SB","A","L","75-81",0.35134538872408,0.385748212158963,0.789142831518436,0.85631149644305,-0.85631149644305,22,"played",NA,NA,NA,244,"Q4"
"1600",1600,"TroySan Diego St.11-18",2025-11-18,"nc","San Diego St.","Troy","MWC","SB","H","L","107-108",0.88804009035819,0.574223488770011,0.87694452176131,0.840868495508097,-0.840868495508097,47.1,"played",NA,NA,NA,103,"Q3"
"1601",1601,"TroySan Diego St.11-18",2025-11-18,"nc","Troy","San Diego St.","SB","MWC","A","W","108-107",0.574223488770011,0.88804009035819,0.789142831518436,0.320579556111625,0.679420443888375,92.3,"played",NA,NA,NA,52,"Q1"
"1602",1602,"UC DavisNevada11-18",2025-11-18,"nc","Nevada","UC Davis","MWC","BW","H","L","71-75",0.843851415463164,0.410152855593226,0.87694452176131,0.911100116157902,-0.911100116157902,35,"played",NA,NA,NA,176,"Q4"
"1603",1603,"UC DavisNevada11-18",2025-11-18,"nc","UC Davis","Nevada","BW","MWC","A","W","75-71",0.410152855593226,0.843851415463164,0.789142831518436,0.409168925081937,0.590831074918063,87.5,"played",NA,NA,NA,65,"Q1"
"1604",1604,"UC RiversideCal Baptist11-18",2025-11-18,"nc","Cal Baptist","UC Riverside","WAC","BW","H","W","80-57",0.691435207905624,0.201552689174799,0.87694452176131,0.965789939307561,0.0342100606924388,92.3,"played",NA,NA,NA,283,"Q4"
"1605",1605,"UC RiversideCal Baptist11-18",2025-11-18,"nc","UC Riverside","Cal Baptist","BW","WAC","A","L","57-80",0.201552689174799,0.691435207905624,0.789142831518436,0.625492790676781,-0.625492790676781,4.5,"played",NA,NA,NA,120,"Q2"
"1606",1606,"UT ArlingtonEvansville11-18",2025-11-18,"nc","Evansville","UT Arlington","MVC","WAC","H","L","76-84",0.316297971986588,0.429835729480134,0.87694452176131,0.90433348387365,-0.90433348387365,23.9,"played",NA,NA,NA,123,"Q3"
"1607",1607,"UT ArlingtonEvansville11-18",2025-11-18,"nc","UT Arlington","Evansville","WAC","MVC","A","W","84-76",0.429835729480134,0.316297971986588,0.789142831518436,0.88998656064279,0.110013439357211,52.6,"played",NA,NA,NA,284,"Q4"
"1608",1608,"VermontBuffalo11-18",2025-11-18,"nc","Buffalo","Vermont","MAC","AE","H","W","94-90",0.546556873185776,0.297392585715157,0.87694452176131,0.943935425917984,0.0560645740820156,36.2,"played",NA,NA,NA,207,"Q4"
"1609",1609,"VermontBuffalo11-18",2025-11-18,"nc","Vermont","Buffalo","AE","MAC","A","L","90-94",0.297392585715157,0.546556873185776,0.789142831518436,0.756391714958197,-0.756391714958197,47.4,"played",NA,NA,NA,165,"Q3"
"1610",1610,"Wichita St.Boise St.11-18",2025-11-18,"nc","Boise St.","Wichita St.","MWC","Amer","H","W","62-59",0.83001126375618,0.597783953153128,0.87694452176131,0.82743668853645,0.17256331146355,78.5,"played",NA,NA,NA,95,"Q3"
"1611",1611,"Wichita St.Boise St.11-18",2025-11-18,"nc","Wichita St.","Boise St.","Amer","MWC","A","L","59-62",0.597783953153128,0.83001126375618,0.789142831518436,0.433903907888668,-0.433903907888668,66.6,"played",NA,NA,NA,71,"Q1"
"1612",1612,"WinthropArkansas11-18",2025-11-18,"nc","Arkansas","Winthrop","SEC","BSth","H","W","84-83",0.944779447184236,0.429719171865507,0.87694452176131,0.904374623248957,0.095625376751043,47.9,"played",NA,NA,NA,130,"Q3"
"1613",1613,"WinthropArkansas11-18",2025-11-18,"nc","Winthrop","Arkansas","BSth","SEC","A","L","83-84",0.429719171865507,0.944779447184236,0.789142831518436,0.17948361785422,-0.17948361785422,93.4,"played",NA,NA,NA,20,"Q1"
"1614",1614,"Paul SmithsAlbany11-18",2025-11-18,"nond1","Albany","Paul Smiths","AE",NA,"H","W","57-106",NA,NA,NA,NA,0,NA,"played",NA,NA,NA,NA,NA
"1615",1615,"Toccoa FallsNorth Carolina Central11-18",2025-11-18,"nond1","North Carolina Central","Toccoa Falls","MEAC",NA,"H","W","67-123",NA,NA,NA,NA,0,NA,"played",NA,NA,NA,NA,NA
"1616",1616,"HaskellOral Roberts11-18",2025-11-18,"nond1","Oral Roberts","Haskell","Sum",NA,"H","W","64-84",NA,NA,NA,NA,0,NA,"played",NA,NA,NA,NA,NA
"1617",1617,"Fort LauderdaleFIU11-18",2025-11-18,"nond1","FIU","Fort Lauderdale","CUSA",NA,"H","W","80-104",NA,NA,NA,NA,0,NA,"played",NA,NA,NA,NA,NA
"1618",1618,"Central PennCoppin St.11-18",2025-11-18,"nond1","Coppin St.","Central Penn","MEAC",NA,"H","W","62-103",NA,NA,NA,NA,0,NA,"played",NA,NA,NA,NA,NA
"1619",1619,"William CareySouthern Miss11-18",2025-11-18,"nond1","Southern Miss","William Carey","SB",NA,"H","W","59-82",NA,NA,NA,NA,0,NA,"played",NA,NA,NA,NA,NA
"1620",1620,"Embry-Riddle (AZ)Northern Arizona11-18",2025-11-18,"nond1","Northern Arizona","Embry-Riddle (AZ)","BSky",NA,"H","W","79-108",NA,NA,NA,NA,0,NA,"played",NA,NA,NA,NA,NA
"1621",1621,"CheyneyDelaware St.11-18",2025-11-18,"nond1","Delaware St.","Cheyney","MEAC",NA,"H","W","70-88",NA,NA,NA,NA,0,NA,"played",NA,NA,NA,NA,NA
"1622",1622,"Southwestern Christ.UTSA11-18",2025-11-18,"nond1","UTSA","Southwestern Christ.","Amer",NA,"H","W","70-103",NA,NA,NA,NA,0,NA,"played",NA,NA,NA,NA,NA
"1623",1623,"Bethel (TN)Western Kentucky11-18",2025-11-18,"nond1","Western Kentucky","Bethel (TN)","CUSA",NA,"H","W","67-97",NA,NA,NA,NA,0,NA,"played",NA,NA,NA,NA,NA
"1624",1624,"Me.-AugustaDartmouth11-18",2025-11-18,"nond1","Dartmouth","Me.-Augusta","Ivy",NA,"H","W","68-113",NA,NA,NA,NA,0,NA,"played",NA,NA,NA,NA,NA
"1625",1625,"Saint ElizabethFairleigh Dickinson11-18",2025-11-18,"nond1","Fairleigh Dickinson","Saint Elizabeth","NEC",NA,"H","W","58-100",NA,NA,NA,NA,0,NA,"played",NA,NA,NA,NA,NA
"1626",1626,"Alabama St.Air Force11-19",2025-11-19,"nc","Air Force","Alabama St.","MWC","SWAC","H","W","66-64",0.183685442633759,0.161273195651384,0.87694452176131,0.973727114931155,0.026272885068845,16.3,"played",NA,NA,NA,313,"Q4"
"1627",1627,"Alabama St.Air Force11-19",2025-11-19,"nc","Alabama St.","Air Force","SWAC","MWC","A","L","64-66",0.161273195651384,0.183685442633759,0.789142831518436,0.943285622791657,-0.943285622791657,18.2,"played",NA,NA,NA,336,"Q4"
"1628",1628,"AlabamaIllinois11-19",2025-11-19,"nc","Alabama","Illinois","SEC","B10","N","W","90-86",0.938193054731862,0.9592102609895,0.837778001870703,0.180067188210226,0.819932811789774,97,"played",NA,NA,NA,9,"Q1"
"1629",1629,"AlabamaIllinois11-19",2025-11-19,"nc","Illinois","Alabama","B10","SEC","N","L","86-90",0.9592102609895,0.938193054731862,0.837778001870703,0.253855777846417,-0.253855777846417,91.7,"played",NA,NA,NA,19,"Q1"
"1630",1630,"ArizonaConnecticut11-19",2025-11-19,"nc","Arizona","Connecticut","B12","BE","A","W","71-67",0.958472429946254,0.972195245967499,0.789142831518436,0.0966876003580351,0.903312399641965,98.7,"played",NA,NA,NA,8,"Q1"
"1631",1631,"ArizonaConnecticut11-19",2025-11-19,"nc","Connecticut","Arizona","BE","B12","H","L","67-71",0.972195245967499,0.958472429946254,0.87694452176131,0.235920885661496,-0.235920885661496,91.2,"played",NA,NA,NA,3,"Q1"
"1632",1632,"Arkansas St.Saint Mary's11-19",2025-11-19,"nc","Arkansas St.","Saint Mary's","SB","WCC","A","L","72-85",0.486958310027856,0.908833684887652,0.789142831518436,0.272949274196153,-0.272949274196153,61.6,"played",NA,NA,NA,28,"Q1"
"1633",1633,"Arkansas St.Saint Mary's11-19",2025-11-19,"nc","Saint Mary's","Arkansas St.","WCC","SB","H","W","85-72",0.908833684887652,0.486958310027856,0.87694452176131,0.882465421492392,0.117534578507608,85.5,"played",NA,NA,NA,141,"Q3"
"1634",1634,"BellarmineNotre Dame11-19",2025-11-19,"nc","Bellarmine","Notre Dame","ASun","ACC","A","L","79-86",0.146521869965627,0.775906977662226,0.789142831518436,0.519438937310661,-0.519438937310661,42.5,"played",NA,NA,NA,81,"Q2"
"1635",1635,"BellarmineNotre Dame11-19",2025-11-19,"nc","Notre Dame","Bellarmine","ACC","ASun","H","W","86-79",0.775906977662226,0.146521869965627,0.87694452176131,0.976476566376086,0.0235234336239143,44.6,"played",NA,NA,NA,291,"Q4"
"1636",1636,"Bethune CookmanOhio11-19",2025-11-19,"nc","Bethune Cookman","Ohio","SWAC","MAC","A","W","76-73",0.251758726760507,0.450162132915252,0.789142831518436,0.820506375236532,0.179493624763468,62.4,"played",NA,NA,NA,216,"Q3"
"1637",1637,"Bethune CookmanOhio11-19",2025-11-19,"nc","Ohio","Bethune Cookman","MAC","SWAC","H","L","73-76",0.450162132915252,0.251758726760507,0.87694452176131,0.954914569002642,-0.954914569002642,14.3,"played",NA,NA,NA,268,"Q4"
"1638",1638,"BryantVirginia Tech11-19",2025-11-19,"nc","Bryant","Virginia Tech","AE","ACC","A","L","61-78",0.0698036017290083,0.853893151640768,0.789142831518436,0.39038325210195,-0.39038325210195,47.8,"played",NA,NA,NA,51,"Q1"
"1639",1639,"BryantVirginia Tech11-19",2025-11-19,"nc","Virginia Tech","Bryant","ACC","AE","H","W","78-61",0.853893151640768,0.0698036017290083,0.87694452176131,0.989579639055569,0.0104203609444309,32.4,"played",NA,NA,NA,345,"Q4"
"1640",1640,"CampbellWeber St.11-19",2025-11-19,"nc","Campbell","Weber St.","CAA","BSky","A","L","85-91",0.327073956545687,0.519652525465715,0.789142831518436,0.775758164330446,-0.775758164330446,28.7,"played",NA,NA,NA,190,"Q3"
"1641",1641,"CampbellWeber St.11-19",2025-11-19,"nc","Weber St.","Campbell","BSky","CAA","H","W","91-85",0.519652525465715,0.327073956545687,0.87694452176131,0.936151100895773,0.0638488991042273,56.6,"played",NA,NA,NA,203,"Q4"
"1642",1642,"ChattanoogaSouth Carolina St.11-19",2025-11-19,"nc","Chattanooga","South Carolina St.","SC","MEAC","A","W","78-66",0.193922737600882,0.0923660430113964,0.789142831518436,0.973528234373433,0.0264717656265669,39.4,"played",NA,NA,NA,360,"Q4"
"1643",1643,"ChattanoogaSouth Carolina St.11-19",2025-11-19,"nc","South Carolina St.","Chattanooga","MEAC","SC","H","L","66-78",0.0923660430113964,0.193922737600882,0.87694452176131,0.967344083601197,-0.967344083601197,3.6,"played",NA,NA,NA,280,"Q4"
"1644",1644,"DaytonMarquette11-19",2025-11-19,"nc","Dayton","Marquette","A10","BE","A","W","77-71",0.686412835074481,0.679338014949704,0.789142831518436,0.638540499954744,0.361459500045256,86.9,"played",NA,NA,NA,142,"Q3"
"1645",1645,"DaytonMarquette11-19",2025-11-19,"nc","Marquette","Dayton","BE","A10","H","L","71-77",0.679338014949704,0.686412835074481,0.87694452176131,0.765020894183328,-0.765020894183328,41.2,"played",NA,NA,NA,80,"Q3"
"1646",1646,"Florida Gulf CoastSamford11-19",2025-11-19,"nc","Florida Gulf Coast","Samford","ASun","SC","A","W","77-62",0.308404183016962,0.283895640638759,0.789142831518436,0.904217121017145,0.0957828789828551,82.1,"played",NA,NA,NA,269,"Q4"
"1647",1647,"Florida Gulf CoastSamford11-19",2025-11-19,"nc","Samford","Florida Gulf Coast","SC","ASun","H","L","62-77",0.283895640638759,0.308404183016962,0.87694452176131,0.941110565442255,-0.941110565442255,3.7,"played",NA,NA,NA,237,"Q4"
"1648",1648,"HarvardPenn St.11-19",2025-11-19,"nc","Harvard","Penn St.","Ivy","B10","A","L","80-84",0.3540000459956,0.644016964773121,0.789142831518436,0.674129982609513,-0.674129982609513,52.7,"played",NA,NA,NA,131,"Q2"
"1649",1649,"HarvardPenn St.11-19",2025-11-19,"nc","Penn St.","Harvard","B10","Ivy","H","W","84-80",0.644016964773121,0.3540000459956,0.87694452176131,0.928595399712616,0.0714046002873839,47.1,"played",NA,NA,NA,182,"Q4"
"1650",1650,"HofstraTemple11-19",2025-11-19,"nc","Hofstra","Temple","CAA","Amer","A","L","76-81",0.550605304781333,0.639379701297134,0.789142831518436,0.67854505050098,-0.67854505050098,52.5,"played",NA,NA,NA,154,"Q3"
"1651",1651,"HofstraTemple11-19",2025-11-19,"nc","Temple","Hofstra","Amer","CAA","H","W","81-76",0.639379701297134,0.550605304781333,0.87694452176131,0.853296277500354,0.146703722499646,66.3,"played",NA,NA,NA,106,"Q3"
"1652",1652,"HowardStetson11-19",2025-11-19,"nc","Howard","Stetson","MEAC","ASun","A","L","60-64",0.233389525482971,0.223300374896591,0.789142831518436,0.928661106603634,-0.928661106603634,3.8,"played",NA,NA,NA,327,"Q4"
"1653",1653,"HowardStetson11-19",2025-11-19,"nc","Stetson","Howard","ASun","MEAC","H","W","64-60",0.223300374896591,0.233389525482971,0.87694452176131,0.95902984853669,0.0409701514633097,69,"played",NA,NA,NA,252,"Q4"
"1654",1654,"Jackson St.Auburn11-19",2025-11-19,"nc","Auburn","Jackson St.","SEC","SWAC","H","W","112-66",0.914477539067104,0.118376704856031,0.87694452176131,0.981507081310067,0.0184929186899327,95.9,"played",NA,NA,NA,347,"Q4"
"1655",1655,"Jackson St.Auburn11-19",2025-11-19,"nc","Jackson St.","Auburn","SWAC","SEC","A","L","66-112",0.118376704856031,0.914477539067104,0.789142831518436,0.259262066114196,-0.259262066114196,5.8,"played",NA,NA,NA,34,"Q1"
"1656",1656,"LipscombBelmont11-19",2025-11-19,"nc","Belmont","Lipscomb","MVC","ASun","H","W","75-68",0.80633083929574,0.400063738169319,0.87694452176131,0.914433271367804,0.0855667286321963,76.6,"played",NA,NA,NA,160,"Q3"
"1657",1657,"LipscombBelmont11-19",2025-11-19,"nc","Lipscomb","Belmont","ASun","MVC","A","L","68-75",0.400063738169319,0.80633083929574,0.789142831518436,0.473381084368494,-0.473381084368494,45.9,"played",NA,NA,NA,64,"Q1"
"1658",1658,"Louisiana TechIndiana St.11-19",2025-11-19,"nc","Indiana St.","Louisiana Tech","MVC","CUSA","H","W","60-51",0.52112194682298,0.208034428147825,0.87694452176131,0.964450169222807,0.0355498307771926,60.8,"played",NA,NA,NA,264,"Q4"
"1659",1659,"Louisiana TechIndiana St.11-19",2025-11-19,"nc","Louisiana Tech","Indiana St.","CUSA","MVC","A","L","51-60",0.208034428147825,0.52112194682298,0.789142831518436,0.774732331268569,-0.774732331268569,15.6,"played",NA,NA,NA,205,"Q3"
"1660",1660,"Loyola MDDuquesne11-19",2025-11-19,"nc","Duquesne","Loyola MD","A10","Pat","H","W","92-78",0.664548733997581,0.0922603677365822,0.87694452176131,0.985938471534303,0.0140615284656967,51.2,"played",NA,NA,NA,340,"Q4"
"1661",1661,"Loyola MDDuquesne11-19",2025-11-19,"nc","Loyola MD","Duquesne","Pat","A10","A","L","78-92",0.0922603677365822,0.664548733997581,0.789142831518436,0.653879211488026,-0.653879211488026,16.1,"played",NA,NA,NA,155,"Q3"
"1662",1662,"MaineMerrimack11-19",2025-11-19,"nc","Maine","Merrimack","AE","MAAC","A","L","65-72",0.0653376419463159,0.494941213645724,0.789142831518436,0.792490301797105,-0.792490301797105,25.9,"played",NA,NA,NA,217,"Q3"
"1663",1663,"MaineMerrimack11-19",2025-11-19,"nc","Merrimack","Maine","MAAC","AE","H","W","72-65",0.494941213645724,0.0653376419463159,0.87694452176131,0.990285998285382,0.00971400171461845,16.4,"played",NA,NA,NA,343,"Q4"
"1664",1664,"Middle TennesseeMichigan11-19",2025-11-19,"nc","Michigan","Middle Tennessee","B10","CUSA","H","W","86-61",0.98755383780862,0.617437484215807,0.87694452176131,0.815345086458109,0.184654913541891,97.5,"played",NA,NA,NA,111,"Q3"
"1665",1665,"Middle TennesseeMichigan11-19",2025-11-19,"nc","Middle Tennessee","Michigan","CUSA","B10","A","L","61-86",0.617437484215807,0.98755383780862,0.789142831518436,0.0450428444038855,-0.0450428444038855,76.3,"played",NA,NA,NA,1,"Q1"
"1666",1666,"Mount St. Mary'sMaryland11-19",2025-11-19,"nc","Maryland","Mount St. Mary's","B10","MAAC","H","W","95-90",0.718765491706146,0.171353269912124,0.87694452176131,0.97180128755884,0.0281987124411597,26.4,"played",NA,NA,NA,304,"Q4"
"1667",1667,"Mount St. Mary'sMaryland11-19",2025-11-19,"nc","Mount St. Mary's","Maryland","MAAC","B10","A","L","90-95",0.171353269912124,0.718765491706146,0.789142831518436,0.594215563299714,-0.594215563299714,59.6,"played",NA,NA,NA,152,"Q3"
"1668",1668,"North DakotaCreighton11-19",2025-11-19,"nc","Creighton","North Dakota","BE","Sum","H","W","75-60",0.853766094479856,0.215415619860043,0.87694452176131,0.962902167938933,0.0370978320610666,77.3,"played",NA,NA,NA,282,"Q4"
"1669",1669,"North DakotaCreighton11-19",2025-11-19,"nc","North Dakota","Creighton","Sum","BE","A","L","60-75",0.215415619860043,0.853766094479856,0.789142831518436,0.390625558612227,-0.390625558612227,32.1,"played",NA,NA,NA,58,"Q1"
"1670",1670,"North FloridaWofford11-19",2025-11-19,"nc","North Florida","Wofford","ASun","SC","A","L","78-86",0.130909333469256,0.427054957226168,0.789142831518436,0.833916616644165,-0.833916616644165,28.2,"played",NA,NA,NA,225,"Q3"
"1671",1671,"North FloridaWofford11-19",2025-11-19,"nc","Wofford","North Florida","SC","ASun","H","W","86-78",0.427054957226168,0.130909333469256,0.87694452176131,0.979300944347944,0.0206990556520561,22.3,"played",NA,NA,NA,341,"Q4"
"1672",1672,"South AlabamaJacksonville St.11-19",2025-11-19,"nc","Jacksonville St.","South Alabama","CUSA","SB","H","L","65-71",0.444551537137328,0.306238592181222,0.87694452176131,0.941671849852463,-0.941671849852463,30.4,"played",NA,NA,NA,197,"Q4"
"1673",1673,"South AlabamaJacksonville St.11-19",2025-11-19,"nc","South Alabama","Jacksonville St.","SB","CUSA","A","W","71-65",0.306238592181222,0.444551537137328,0.789142831518436,0.823824402356089,0.176175597643911,44.7,"played",NA,NA,NA,245,"Q4"
"1674",1674,"South FloridaOklahoma St.11-19",2025-11-19,"nc","Oklahoma St.","South Florida","B12","Amer","H","W","103-95",0.819344264260517,0.716094166023229,0.87694452176131,0.738587386794364,0.261412613205636,82.4,"played",NA,NA,NA,66,"Q2"
"1675",1675,"South FloridaOklahoma St.11-19",2025-11-19,"nc","South Florida","Oklahoma St.","Amer","B12","A","L","95-103",0.716094166023229,0.819344264260517,0.789142831518436,0.452111051323319,-0.452111051323319,70.9,"played",NA,NA,NA,73,"Q1"
"1676",1676,"Southern UtahWashington St.11-19",2025-11-19,"nc","Southern Utah","Washington St.","WAC","WCC","A","L","74-98",0.206808186371712,0.640213899600399,0.789142831518436,0.67775499260287,-0.67775499260287,12.8,"played",NA,NA,NA,156,"Q3"
"1677",1677,"Southern UtahWashington St.11-19",2025-11-19,"nc","Washington St.","Southern Utah","WCC","WAC","H","W","98-74",0.640213899600399,0.206808186371712,0.87694452176131,0.964705025156547,0.0352949748434535,75.9,"played",NA,NA,NA,294,"Q4"
"1678",1678,"Tennessee TechUSC Upstate11-19",2025-11-19,"nc","Tennessee Tech","USC Upstate","OVC","BSth","A","W","88-84",0.08709095231161,0.283031250289585,0.789142831518436,0.904585070554709,0.0954149294452906,42.1,"played",NA,NA,NA,285,"Q4"
"1679",1679,"Tennessee TechUSC Upstate11-19",2025-11-19,"nc","USC Upstate","Tennessee Tech","BSth","OVC","H","L","84-88",0.283031250289585,0.08709095231161,0.87694452176131,0.986790111553305,-0.986790111553305,4.9,"played",NA,NA,NA,331,"Q4"
"1680",1680,"UC IrvineUtah Valley11-19",2025-11-19,"nc","UC Irvine","Utah Valley","BW","WAC","A","L","72-79",0.570843061730183,0.786139268528895,0.789142831518436,0.50448923133059,-0.50448923133059,51,"played",NA,NA,NA,96,"Q2"
"1681",1681,"UC IrvineUtah Valley11-19",2025-11-19,"nc","Utah Valley","UC Irvine","WAC","BW","H","W","79-72",0.786139268528895,0.570843061730183,0.87694452176131,0.842708029324452,0.157291970675548,82.5,"played",NA,NA,NA,128,"Q3"
"1682",1682,"UMass LowellBradley11-19",2025-11-19,"nc","Bradley","UMass Lowell","MVC","AE","H","W","87-77",0.630393603174275,0.165007692678497,0.87694452176131,0.973018164018987,0.0269818359810133,27.3,"played",NA,NA,NA,319,"Q4"
"1683",1683,"UMass LowellBradley11-19",2025-11-19,"nc","UMass Lowell","Bradley","AE","MVC","A","L","77-87",0.165007692678497,0.630393603174275,0.789142831518436,0.686941833214128,-0.686941833214128,47.2,"played",NA,NA,NA,124,"Q2"
"1684",1684,"UMBCGeorge Washington11-19",2025-11-19,"nc","George Washington","UMBC","A10","AE","H","W","89-52",0.805846857394486,0.209748829553563,0.87694452176131,0.96409275773184,0.0359072422681594,99,"played",NA,NA,NA,274,"Q4"
"1685",1685,"UMBCGeorge Washington11-19",2025-11-19,"nc","UMBC","George Washington","AE","A10","A","L","52-89",0.209748829553563,0.805846857394486,0.789142831518436,0.474153029460988,-0.474153029460988,1.1,"played",NA,NA,NA,75,"Q1"
"1686",1686,"UMKCTCU11-19",2025-11-19,"nc","TCU","UMKC","B12","Sum","H","W","81-45",0.865296099885822,0.0841485058607757,0.87694452176131,0.987271223453189,0.0127287765468107,98.1,"played",NA,NA,NA,346,"Q4"
"1687",1687,"UMKCTCU11-19",2025-11-19,"nc","UMKC","TCU","Sum","B12","A","L","45-81",0.0841485058607757,0.865296099885822,0.789142831518436,0.368134924888612,-0.368134924888612,1.1,"played",NA,NA,NA,46,"Q1"
"1688",1688,"UNC AshevilleWestern Carolina11-19",2025-11-19,"nc","UNC Asheville","Western Carolina","BSth","SC","A","L","73-80",0.274453641199316,0.307831220822344,0.789142831518436,0.89378923595296,-0.89378923595296,18.5,"played",NA,NA,NA,289,"Q4"
"1689",1689,"UNC AshevilleWestern Carolina11-19",2025-11-19,"nc","Western Carolina","UNC Asheville","SC","BSth","H","W","80-73",0.307831220822344,0.274453641199316,0.87694452176131,0.949595279565646,0.0504047204343535,42.5,"played",NA,NA,NA,232,"Q4"
"1690",1690,"ValparaisoCleveland St.11-19",2025-11-19,"nc","Cleveland St.","Valparaiso","Horz","MVC","H","L","75-90",0.281782786451229,0.458749949196083,0.87694452176131,0.893707567155318,-0.893707567155318,7.7,"played",NA,NA,NA,171,"Q4"
"1691",1691,"ValparaisoCleveland St.11-19",2025-11-19,"nc","Valparaiso","Cleveland St.","MVC","Horz","A","W","90-75",0.458749949196083,0.281782786451229,0.789142831518436,0.905115473700407,0.0948845262995927,80,"played",NA,NA,NA,321,"Q4"
"1692",1692,"VillanovaLa Salle11-19",2025-11-19,"nc","La Salle","Villanova","A10","BE","H","L","55-70",0.503258861337018,0.84811313237523,0.87694452176131,0.560681993494687,-0.560681993494687,22.4,"played",NA,NA,NA,33,"Q2"
"1693",1693,"VillanovaLa Salle11-19",2025-11-19,"nc","Villanova","La Salle","BE","A10","A","W","70-55",0.84811313237523,0.503258861337018,0.789142831518436,0.786965573726056,0.213034426273944,95.2,"played",NA,NA,NA,227,"Q3"
"1694",1694,"VMIRichmond11-19",2025-11-19,"nc","Richmond","VMI","A10","SC","H","W","87-54",0.660447080764919,0.081180331096308,0.87694452176131,0.987753891098385,0.0122461089016148,91.9,"played",NA,NA,NA,353,"Q4"
"1695",1695,"VMIRichmond11-19",2025-11-19,"nc","VMI","Richmond","SC","A10","A","L","54-87",0.081180331096308,0.660447080764919,0.789142831518436,0.658019120873694,-0.658019120873694,1.5,"played",NA,NA,NA,126,"Q2"
"1696",1696,"William & MaryBowling Green11-19",2025-11-19,"nc","Bowling Green","William & Mary","MAC","CAA","H","L","74-82",0.717673284740088,0.532570409595156,0.87694452176131,0.862159378953457,-0.862159378953457,16.9,"played",NA,NA,NA,108,"Q3"
"1697",1697,"William & MaryBowling Green11-19",2025-11-19,"nc","William & Mary","Bowling Green","CAA","MAC","A","W","82-74",0.532570409595156,0.717673284740088,0.789142831518436,0.595516196130015,0.404483803869985,93.5,"played",NA,NA,NA,101,"Q2"
"1698",1698,"WyomingSam Houston St.11-19",2025-11-19,"nc","Sam Houston St.","Wyoming","CUSA","MWC","H","W","78-70",0.710010982697554,0.628540397083757,0.87694452176131,0.80812121966831,0.19187878033169,82.2,"played",NA,NA,NA,100,"Q3"
"1699",1699,"WyomingSam Houston St.11-19",2025-11-19,"nc","Wyoming","Sam Houston St.","MWC","CUSA","A","L","70-78",0.628540397083757,0.710010982697554,0.789142831518436,0.604518668369394,-0.604518668369394,47.2,"played",NA,NA,NA,105,"Q2"
"1700",1700,"Youngstown St.Toledo11-19",2025-11-19,"nc","Toledo","Youngstown St.","MAC","Horz","H","W","92-75",0.565070766531367,0.38787784894262,0.87694452176131,0.918343480785251,0.0816565192147493,82.4,"played",NA,NA,NA,221,"Q4"
"1701",1701,"Youngstown St.Toledo11-19",2025-11-19,"nc","Youngstown St.","Toledo","Horz","MAC","A","L","75-92",0.38787784894262,0.565070766531367,0.789142831518436,0.742307911949207,-0.742307911949207,15,"played",NA,NA,NA,169,"Q3"
"1702",1702,"NobelLong Beach St.11-19",2025-11-19,"nond1","Long Beach St.","Nobel","BW",NA,"H","W","54-87",NA,NA,NA,NA,0,NA,"played",NA,NA,NA,NA,NA
"1703",1703,"JamestownNorth Dakota St.11-19",2025-11-19,"nond1","North Dakota St.","Jamestown","Sum",NA,"H","W","67-82",NA,NA,NA,NA,0,NA,"played",NA,NA,NA,NA,NA
"1704",1704,"North GreenvilleThe Citadel11-19",2025-11-19,"nond1","The Citadel","North Greenville","SC",NA,"H","W","57-70",NA,NA,NA,NA,0,NA,"played",NA,NA,NA,NA,NA
"1705",1705,"Evergreen St.Portland St.11-19",2025-11-19,"nond1","Portland St.","Evergreen St.","BSky",NA,"H","W","61-90",NA,NA,NA,NA,0,NA,"played",NA,NA,NA,NA,NA
"1706",1706,"Ohio ChristianFurman11-19",2025-11-19,"nond1","Furman","Ohio Christian","SC",NA,"H","W","44-79",NA,NA,NA,NA,0,NA,"played",NA,NA,NA,NA,NA
"1707",1707,"TiffinEastern Illinois11-19",2025-11-19,"nond1","Eastern Illinois","Tiffin","OVC",NA,"H","W","50-62",NA,NA,NA,NA,0,NA,"played",NA,NA,NA,NA,NA
"1708",1708,"St. Thomas HoustonUTEP11-19",2025-11-19,"nond1","UTEP","St. Thomas Houston","CUSA",NA,"H","W","83-84",NA,NA,NA,NA,0,NA,"played",NA,NA,NA,NA,NA
"1709",1709,"William CareySoutheastern Louisiana11-19",2025-11-19,"nond1","Southeastern Louisiana","William Carey","Slnd",NA,"H","W","45-71",NA,NA,NA,NA,0,NA,"played",NA,NA,NA,NA,NA
"1710",1710,"MisericordiaBinghamton11-19",2025-11-19,"nond1","Binghamton","Misericordia","AE",NA,"H","W","58-69",NA,NA,NA,NA,0,NA,"played",NA,NA,NA,NA,NA
"1711",1711,"CCNYQuinnipiac11-19",2025-11-19,"nond1","Quinnipiac","CCNY","MAAC",NA,"H","W","52-112",NA,NA,NA,NA,0,NA,"played",NA,NA,NA,NA,NA
"1712",1712,"Concordia (NE)Nebraska Omaha11-19",2025-11-19,"nond1","Nebraska Omaha","Concordia (NE)","Sum",NA,"H","W","80-96",NA,NA,NA,NA,0,NA,"played",NA,NA,NA,NA,NA
"1713",1713,"Dallas ChristianEast Texas A&M11-19",2025-11-19,"nond1","East Texas A&M","Dallas Christian","Slnd",NA,"H","W","44-115",NA,NA,NA,NA,0,NA,"played",NA,NA,NA,NA,NA
"1714",1714,"Arizona St.Hawaii11-20",2025-11-20,"nc","Arizona St.","Hawaii","B12","BW","A","W","83-76",0.630271822278081,0.782563869210565,0.789142831518436,0.50977274777129,0.49022725222871,82.7,"played",NA,NA,NA,97,"Q2"
"1715",1715,"Arizona St.Hawaii11-20",2025-11-20,"nc","Hawaii","Arizona St.","BW","B12","H","L","76-83",0.782563869210565,0.630271822278081,0.87694452176131,0.806967577765592,-0.806967577765592,56.2,"played",NA,NA,NA,93,"Q3"
"1716",1716,"Arkansas Pine BluffMarshall11-20",2025-11-20,"nc","Arkansas Pine Bluff","Marshall","SWAC","SB","A","L","70-98",0.210499397365107,0.564591704093553,0.789142831518436,0.74268055731084,-0.74268055731084,13.5,"played",NA,NA,NA,138,"Q3"
"1717",1717,"Arkansas Pine BluffMarshall11-20",2025-11-20,"nc","Marshall","Arkansas Pine Bluff","SB","SWAC","H","W","98-70",0.564591704093553,0.210499397365107,0.87694452176131,0.963935877536827,0.0360641224631731,68.9,"played",NA,NA,NA,311,"Q4"
"1718",1718,"BrownStony Brook11-20",2025-11-20,"nc","Brown","Stony Brook","Ivy","CAA","A","L","70-80",0.22903256495286,0.460531374139957,0.789142831518436,0.814265765425597,-0.814265765425597,10.6,"played",NA,NA,NA,234,"Q3"
"1719",1719,"BrownStony Brook11-20",2025-11-20,"nc","Stony Brook","Brown","CAA","Ivy","H","W","80-70",0.460531374139957,0.22903256495286,0.87694452176131,0.959982199400525,0.0400178005994747,68.2,"played",NA,NA,NA,275,"Q4"
"1720",1720,"BucknellSt. John's11-20",2025-11-20,"nc","Bucknell","St. John's","Pat","BE","A","L","49-97",0.127187121287998,0.941505441293299,0.789142831518436,0.188653986484811,-0.188653986484811,11.1,"played",NA,NA,NA,23,"Q1"
"1721",1721,"BucknellSt. John's11-20",2025-11-20,"nc","St. John's","Bucknell","BE","Pat","H","W","97-49",0.941505441293299,0.127187121287998,0.87694452176131,0.979961742807954,0.0200382571920457,95,"played",NA,NA,NA,333,"Q4"
"1722",1722,"Cal PolyUtah11-20",2025-11-20,"nc","Cal Poly","Utah","BW","B12","A","W","92-85",0.22558726115521,0.735923022179889,0.789142831518436,0.573190776567456,0.426809223432544,90.5,"played",NA,NA,NA,117,"Q2"
"1723",1723,"Cal PolyUtah11-20",2025-11-20,"nc","Utah","Cal Poly","B12","BW","H","L","85-92",0.735923022179889,0.22558726115521,0.87694452176131,0.960729012486904,-0.960729012486904,7.9,"played",NA,NA,NA,257,"Q4"
"1724",1724,"Central ArkansasNorth Texas11-20",2025-11-20,"nc","Central Arkansas","North Texas","ASun","Amer","A","L","56-74",0.418552667589624,0.61394540023339,0.789142831518436,0.701790604371229,-0.701790604371229,15.3,"played",NA,NA,NA,147,"Q3"
"1725",1725,"Central ArkansasNorth Texas11-20",2025-11-20,"nc","North Texas","Central Arkansas","Amer","ASun","H","W","74-56",0.61394540023339,0.418552667589624,0.87694452176131,0.908256159397106,0.0917438406028938,86.4,"played",NA,NA,NA,206,"Q4"
"1726",1726,"Chicago St.Iowa11-20",2025-11-20,"nc","Chicago St.","Iowa","NEC","B10","A","L","54-93",0.0739186417080468,0.951016965997977,0.789142831518436,0.161610786773865,-0.161610786773865,17.4,"played",NA,NA,NA,21,"Q1"
"1727",1727,"Chicago St.Iowa11-20",2025-11-20,"nc","Iowa","Chicago St.","B10","NEC","H","W","93-54",0.951016965997977,0.0739186417080468,0.87694452176131,0.988923656012592,0.011076343987408,88,"played",NA,NA,NA,352,"Q4"
"1728",1728,"ColgateCornell11-20",2025-11-20,"nc","Colgate","Cornell","Pat","Ivy","A","L","94-95",0.363069644263239,0.536163309604943,0.789142831518436,0.764022375784147,-0.764022375784147,52,"played",NA,NA,NA,188,"Q3"
"1729",1729,"ColgateCornell11-20",2025-11-20,"nc","Cornell","Colgate","Ivy","Pat","H","W","95-94",0.536163309604943,0.363069644263239,0.87694452176131,0.925935900293245,0.074064099706755,37.9,"played",NA,NA,NA,196,"Q4"
"1730",1730,"ElonMiami FL11-20",2025-11-20,"nc","Elon","Miami FL","CAA","ACC","A","L","72-99",0.417238728194965,0.882624997146115,0.789142831518436,0.332309029138053,-0.332309029138053,34.7,"played",NA,NA,NA,37,"Q1"
"1731",1731,"ElonMiami FL11-20",2025-11-20,"nc","Miami FL","Elon","ACC","CAA","H","W","99-72",0.882624997146115,0.417238728194965,0.87694452176131,0.908705250541613,0.0912947494583871,91,"played",NA,NA,NA,168,"Q4"
"1732",1732,"High PointIllinois Chicago11-20",2025-11-20,"nc","High Point","Illinois Chicago","BSth","MVC","N","W","90-80",0.692779084178116,0.5805390983509,0.837778001870703,0.78864891103641,0.21135108896359,84.1,"played",NA,NA,NA,161,"Q3"
"1733",1733,"High PointIllinois Chicago11-20",2025-11-20,"nc","Illinois Chicago","High Point","MVC","BSth","N","L","80-90",0.5805390983509,0.692779084178116,0.837778001870703,0.696067989091798,-0.696067989091798,37,"played",NA,NA,NA,90,"Q2"
"1734",1734,"Incarnate WordSouthern Indiana11-20",2025-11-20,"nc","Incarnate Word","Southern Indiana","Slnd","OVC","N","W","87-81",0.328698567302857,0.127501352226947,0.837778001870703,0.972482275604063,0.027517724395937,35.6,"played",NA,NA,NA,338,"Q4"
"1735",1735,"Incarnate WordSouthern Indiana11-20",2025-11-20,"nc","Southern Indiana","Incarnate Word","OVC","Slnd","N","L","81-87",0.127501352226947,0.328698567302857,0.837778001870703,0.91339924483852,-0.91339924483852,11.5,"played",NA,NA,NA,246,"Q4"
"1736",1736,"Kansas St.Mississippi St.11-20",2025-11-20,"nc","Kansas St.","Mississippi St.","B12","SEC","N","W","98-77",0.728841309550641,0.707923938247837,0.837778001870703,0.680585753947928,0.319414246052072,94.4,"played",NA,NA,NA,99,"Q2"
"1737",1737,"Kansas St.Mississippi St.11-20",2025-11-20,"nc","Mississippi St.","Kansas St.","SEC","B12","N","L","77-98",0.707923938247837,0.728841309550641,0.837778001870703,0.657694200064779,-0.657694200064779,27.9,"played",NA,NA,NA,82,"Q2"
"1738",1738,"LindenwoodIndiana11-20",2025-11-20,"nc","Indiana","Lindenwood","B10","OVC","H","W","73-53",0.929075305570624,0.294360678016868,0.87694452176131,0.944700645022092,0.0552993549779085,94.3,"played",NA,NA,NA,224,"Q4"
"1739",1739,"LindenwoodIndiana11-20",2025-11-20,"nc","Lindenwood","Indiana","OVC","B10","A","L","53-73",0.294360678016868,0.929075305570624,0.789142831518436,0.222214997574681,-0.222214997574681,24.9,"played",NA,NA,NA,38,"Q1"
"1740",1740,"LIUFordham11-20",2025-11-20,"nc","Fordham","LIU","A10","NEC","H","W","69-53",0.520630114053518,0.325501227881235,0.87694452176131,0.936577409173886,0.0634225908261143,91.6,"played",NA,NA,NA,201,"Q4"
"1741",1741,"LIUFordham11-20",2025-11-20,"nc","LIU","Fordham","NEC","A10","A","L","53-69",0.325501227881235,0.520630114053518,0.789142831518436,0.775076087478428,-0.775076087478428,4.6,"played",NA,NA,NA,226,"Q3"
"1742",1742,"MemphisPurdue11-20",2025-11-20,"nc","Memphis","Purdue","Amer","B10","N","L","71-80",0.717307879323415,0.957529580380182,0.837778001870703,0.186371573690651,-0.186371573690651,91.3,"played",NA,NA,NA,5,"Q1"
"1743",1743,"MemphisPurdue11-20",2025-11-20,"nc","Purdue","Memphis","B10","Amer","N","W","80-71",0.957529580380182,0.717307879323415,0.837778001870703,0.670542702383321,0.329457297616679,84.5,"played",NA,NA,NA,112,"Q3"
"1744",1744,"MercyhurstMiami OH11-20",2025-11-20,"nc","Mercyhurst","Miami OH","NEC","MAC","A","L","71-76",0.197715059489074,0.813854927875804,0.789142831518436,0.461205767573537,-0.461205767573537,60.9,"played",NA,NA,NA,49,"Q1"
"1745",1745,"MercyhurstMiami OH11-20",2025-11-20,"nc","Miami OH","Mercyhurst","MAC","NEC","H","W","76-71",0.813854927875804,0.197715059489074,0.87694452176131,0.966574696119011,0.0334253038809886,40.9,"played",NA,NA,NA,290,"Q4"
"1746",1746,"NebraskaNew Mexico11-20",2025-11-20,"nc","Nebraska","New Mexico","B10","MWC","N","W","84-72",0.945778720585307,0.853253514717247,0.837778001870703,0.470393972272901,0.529606027727099,98.3,"played",NA,NA,NA,42,"Q1"
"1747",1747,"NebraskaNew Mexico11-20",2025-11-20,"nc","New Mexico","Nebraska","MWC","B10","N","L","72-84",0.853253514717247,0.945778720585307,0.837778001870703,0.228438775056647,-0.228438775056647,64.2,"played",NA,NA,NA,7,"Q1"
"1748",1748,"NortheasternPrinceton11-20",2025-11-20,"nc","Northeastern","Princeton","CAA","Ivy","A","L","57-70",0.250737593781546,0.452029450467109,0.789142831518436,0.819393021194762,-0.819393021194762,5.5,"played",NA,NA,NA,239,"Q3"
"1749",1749,"NortheasternPrinceton11-20",2025-11-20,"nc","Princeton","Northeastern","Ivy","CAA","H","W","70-57",0.452029450467109,0.250737593781546,0.87694452176131,0.955147684195681,0.0448523158043189,82.5,"played",NA,NA,NA,249,"Q4"
"1750",1750,"Northern KentuckyCentral Michigan11-20",2025-11-20,"nc","Central Michigan","Northern Kentucky","MAC","Horz","H","L","66-90",0.241994330286212,0.406379079596688,0.87694452176131,0.91235726676444,-0.91235726676444,3.2,"played",NA,NA,NA,177,"Q4"
"1751",1751,"Northern KentuckyCentral Michigan11-20",2025-11-20,"nc","Northern Kentucky","Central Michigan","Horz","MAC","A","W","90-66",0.406379079596688,0.241994330286212,0.789142831518436,0.921401475256222,0.0785985247437777,86.9,"played",NA,NA,NA,329,"Q4"
"1752",1752,"Oral RobertsOklahoma11-20",2025-11-20,"nc","Oklahoma","Oral Roberts","SEC","Sum","H","W","95-71",0.795763730228384,0.14650394031066,0.87694452176131,0.976479859681162,0.0235201403188382,85.2,"played",NA,NA,NA,317,"Q4"
"1753",1753,"Oral RobertsOklahoma11-20",2025-11-20,"nc","Oral Roberts","Oklahoma","Sum","SEC","A","L","71-95",0.14650394031066,0.795763730228384,0.789142831518436,0.489936745058446,-0.489936745058446,10.4,"played",NA,NA,NA,76,"Q2"
"1754",1754,"PacificFlorida Atlantic11-20",2025-11-20,"nc","Florida Atlantic","Pacific","Amer","WCC","H","W","82-59",0.793840431015816,0.522643024911776,0.87694452176131,0.866825148339616,0.133174851660384,96.4,"played",NA,NA,NA,110,"Q3"
"1755",1755,"PacificFlorida Atlantic11-20",2025-11-20,"nc","Pacific","Florida Atlantic","WCC","Amer","A","L","59-82",0.522643024911776,0.793840431015816,0.789142831518436,0.492884070110421,-0.492884070110421,13.6,"played",NA,NA,NA,91,"Q2"
"1756",1756,"PittsburghUCF11-20",2025-11-20,"nc","Pittsburgh","UCF","ACC","B12","N","L","67-77",0.662954168745596,0.824969851641639,0.837778001870703,0.522833803676517,-0.522833803676517,52,"played",NA,NA,NA,39,"Q1"
"1757",1757,"PittsburghUCF11-20",2025-11-20,"nc","UCF","Pittsburgh","B12","ACC","N","W","77-67",0.824969851641639,0.662954168745596,0.837778001870703,0.724181788125405,0.275818211874595,89.5,"played",NA,NA,NA,121,"Q3"
"1758",1758,"RiderHouston11-20",2025-11-20,"nc","Houston","Rider","B12","MAAC","H","W","91-45",0.978859960512281,0.0692807104895986,0.87694452176131,0.989662640329338,0.010337359670662,98.5,"played",NA,NA,NA,357,"Q4"
"1759",1759,"RiderHouston11-20",2025-11-20,"nc","Rider","Houston","MAAC","B12","A","L","45-91",0.0692807104895986,0.978859960512281,0.789142831518436,0.0747819159995559,-0.0747819159995559,5,"played",NA,NA,NA,10,"Q1"
"1760",1760,"Robert MorrisSt. Bonaventure11-20",2025-11-20,"nc","Robert Morris","St. Bonaventure","Horz","A10","A","L","61-75",0.360345110834765,0.588463345654528,0.789142831518436,0.723552025588615,-0.723552025588615,13.6,"played",NA,NA,NA,144,"Q3"
"1761",1761,"Robert MorrisSt. Bonaventure11-20",2025-11-20,"nc","St. Bonaventure","Robert Morris","A10","Horz","H","W","75-61",0.588463345654528,0.360345110834765,0.87694452176131,0.926741135334995,0.0732588646650051,83.7,"played",NA,NA,NA,186,"Q4"
"1762",1762,"Saint Joseph'sUNLV11-20",2025-11-20,"nc","Saint Joseph's","UNLV","A10","MWC","A","L","85-99",0.441375051805727,0.708634239033289,0.789142831518436,0.606113922037165,-0.606113922037165,43.2,"played",NA,NA,NA,127,"Q2"
"1763",1763,"Saint Joseph'sUNLV11-20",2025-11-20,"nc","UNLV","Saint Joseph's","MWC","A10","H","W","99-85",0.708634239033289,0.441375051805727,0.87694452176131,0.90019487903602,0.0998051209639798,71.6,"played",NA,NA,NA,192,"Q4"
"1764",1764,"South DakotaMissouri11-20",2025-11-20,"nc","Missouri","South Dakota","SEC","Sum","H","W","102-68",0.837628198528992,0.214647067407385,0.87694452176131,0.963064474227078,0.036935525772922,87.2,"played",NA,NA,NA,272,"Q4"
"1765",1765,"South DakotaMissouri11-20",2025-11-20,"nc","South Dakota","Missouri","Sum","SEC","A","L","68-102",0.214647067407385,0.837628198528992,0.789142831518436,0.42045174979891,-0.42045174979891,17.1,"played",NA,NA,NA,70,"Q1"
"1766",1766,"Tarleton St.Rice11-20",2025-11-20,"nc","Rice","Tarleton St.","Amer","WAC","H","L","74-90",0.456337279232508,0.400519815714214,0.87694452176131,0.914284499452316,-0.914284499452316,16.4,"played",NA,NA,NA,185,"Q4"
"1767",1767,"Tarleton St.Rice11-20",2025-11-20,"nc","Tarleton St.","Rice","WAC","Amer","A","W","90-74",0.400519815714214,0.456337279232508,0.789142831518436,0.816807094698556,0.183192905301444,74.1,"played",NA,NA,NA,253,"Q4"
"1768",1768,"Tennessee St.Tennessee11-20",2025-11-20,"nc","Tennessee","Tennessee St.","SEC","OVC","H","W","89-60",0.951108153148531,0.211923958515258,0.87694452176131,0.963637441578405,0.0363625584215946,97.2,"played",NA,NA,NA,229,"Q4"
"1769",1769,"Tennessee St.Tennessee11-20",2025-11-20,"nc","Tennessee St.","Tennessee","OVC","SEC","A","L","60-89",0.211923958515258,0.951108153148531,0.789142831518436,0.161345502513521,-0.161345502513521,13,"played",NA,NA,NA,26,"Q1"
"1770",1770,"Texas SouthernVanderbilt11-20",2025-11-20,"nc","Texas Southern","Vanderbilt","SWAC","SEC","A","L","74-109",0.127997519309955,0.960919519146125,0.789142831518436,0.132101847871506,-0.132101847871506,22.4,"played",NA,NA,NA,16,"Q1"
"1771",1771,"Texas SouthernVanderbilt11-20",2025-11-20,"nc","Vanderbilt","Texas Southern","SEC","SWAC","H","W","109-74",0.960919519146125,0.127997519309955,0.87694452176131,0.979818278787393,0.0201817212126065,92.6,"played",NA,NA,NA,348,"Q4"
"1772",1772,"Texas TechWake Forest11-20",2025-11-20,"nc","Texas Tech","Wake Forest","B12","ACC","N","W","84-83",0.936280189362831,0.779875656096264,0.837778001870703,0.593112048675545,0.406887951324455,83.4,"played",NA,NA,NA,67,"Q2"
"1773",1773,"Texas TechWake Forest11-20",2025-11-20,"nc","Wake Forest","Texas Tech","ACC","B12","N","L","83-84",0.779875656096264,0.936280189362831,0.837778001870703,0.260064783295892,-0.260064783295892,91.2,"played",NA,NA,NA,17,"Q1"
"1774",1774,"TroyUSC11-20",2025-11-20,"nc","Troy","USC","SB","B10","A","L","106-107",0.574223488770011,0.850928400566256,0.789142831518436,0.396005997866024,-0.396005997866024,80.8,"played",NA,NA,NA,56,"Q1"
"1775",1775,"TroyUSC11-20",2025-11-20,"nc","USC","Troy","B10","SB","H","W","107-106",0.850928400566256,0.574223488770011,0.87694452176131,0.840868495508097,0.159131504491903,64.7,"played",NA,NA,NA,103,"Q3"
"1776",1776,"UNC GreensboroQueens11-20",2025-11-20,"nc","Queens","UNC Greensboro","ASun","SC","H","W","101-94",0.515663678728228,0.170845743130604,0.87694452176131,0.971899187342243,0.0281008126577568,42.5,"played",NA,NA,NA,295,"Q4"
"1777",1777,"UNC GreensboroQueens11-20",2025-11-20,"nc","UNC Greensboro","Queens","SC","ASun","A","L","94-101",0.170845743130604,0.515663678728228,0.789142831518436,0.77852495592304,-0.77852495592304,22.9,"played",NA,NA,NA,183,"Q3"
"1778",1778,"Western MichiganOhio St.11-20",2025-11-20,"nc","Ohio St.","Western Michigan","B10","MAC","H","W","91-58",0.895316100144004,0.256976620663072,0.87694452176131,0.953715171476899,0.0462848285231012,98.5,"played",NA,NA,NA,256,"Q4"
"1779",1779,"Western MichiganOhio St.11-20",2025-11-20,"nc","Western Michigan","Ohio St.","MAC","B10","A","L","58-91",0.256976620663072,0.895316100144004,0.789142831518436,0.304393013328042,-0.304393013328042,4.3,"played",NA,NA,NA,35,"Q1"
"1780",1780,"Biblical Stud. (TX)Houston Christian11-20",2025-11-20,"nond1","Houston Christian","Biblical Stud. (TX)","Slnd",NA,"H","W","67-85",NA,NA,NA,NA,0,NA,"played",NA,NA,NA,NA,NA
"1781",1781,"RockfordIllinois St.11-20",2025-11-20,"nond1","Illinois St.","Rockford","MVC",NA,"H","W","48-93",NA,NA,NA,NA,0,NA,"played",NA,NA,NA,NA,NA
"1782",1782,"Ohio WesleyanWright St.11-20",2025-11-20,"nond1","Wright St.","Ohio Wesleyan","Horz",NA,"H","W","47-100",NA,NA,NA,NA,0,NA,"played",NA,NA,NA,NA,NA
"1783",1783,"KeanDelaware St.11-20",2025-11-20,"nond1","Delaware St.","Kean","MEAC",NA,"H","W","64-66",NA,NA,NA,NA,0,NA,"played",NA,NA,NA,NA,NA
"1784",1784,"Montana St.Nobel11-20",2025-11-20,"nond1","Montana St.","Nobel","BSky",NA,"N","W","92-55",NA,NA,NA,NA,0,NA,"played",NA,NA,NA,NA,NA
"1785",1785,"AkronIona11-21",2025-11-21,"nc","Akron","Iona","MAC","MAAC","N","W","96-75",0.801739894580337,0.360162128779136,0.837778001870703,0.90171684703998,0.0982831529600205,93.9,"played",NA,NA,NA,218,"Q4"
"1786",1786,"AkronIona11-21",2025-11-21,"nc","Iona","Akron","MAAC","MAC","N","L","75-96",0.360162128779136,0.801739894580337,0.837778001870703,0.560842744928798,-0.560842744928798,12.9,"played",NA,NA,NA,54,"Q2"
"1787",1787,"Alabama St.IU Indy11-21",2025-11-21,"nc","Alabama St.","IU Indy","SWAC","Horz","N","W","101-80",0.209695108403481,0.231059410128808,0.837778001870703,0.945014265339571,0.0549857346604291,71.5,"played",NA,NA,NA,310,"Q4"
"1788",1788,"Alabama St.IU Indy11-21",2025-11-21,"nc","IU Indy","Alabama St.","Horz","SWAC","N","L","80-101",0.231059410128808,0.209695108403481,0.837778001870703,0.95113300048388,-0.95113300048388,3.1,"played",NA,NA,NA,313,"Q4"
"1789",1789,"AlbanySiena11-21",2025-11-21,"nc","Albany","Siena","AE","MAAC","A","L","63-73",0.187386733437233,0.54942727469335,0.789142831518436,0.75425005854782,-0.75425005854782,14.2,"played",NA,NA,NA,172,"Q3"
"1790",1790,"AlbanySiena11-21",2025-11-21,"nc","Siena","Albany","MAAC","AE","H","W","73-63",0.54942727469335,0.187386733437233,0.87694452176131,0.968656075522331,0.0313439244776691,63,"played",NA,NA,NA,309,"Q4"
"1791",1791,"Arkansas St.SMU11-21",2025-11-21,"nc","Arkansas St.","SMU","SB","ACC","A","L","69-100",0.486958310027856,0.916602426915101,0.789142831518436,0.254019532125076,-0.254019532125076,22.6,"played",NA,NA,NA,30,"Q1"
"1792",1792,"Arkansas St.SMU11-21",2025-11-21,"nc","SMU","Arkansas St.","ACC","SB","H","W","100-69",0.916602426915101,0.486958310027856,0.87694452176131,0.882465421492392,0.117534578507608,97.3,"played",NA,NA,NA,141,"Q3"
"1793",1793,"ArmyMarist11-21",2025-11-21,"nc","Army","Marist","Pat","MAAC","A","L","65-76",0.121286957424866,0.603367224365608,0.789142831518436,0.71100112209817,-0.71100112209817,28.6,"played",NA,NA,NA,150,"Q3"
"1794",1794,"ArmyMarist11-21",2025-11-21,"nc","Marist","Army","MAAC","Pat","H","W","76-65",0.603367224365608,0.121286957424866,0.87694452176131,0.980999516370392,0.0190004836296076,34.4,"played",NA,NA,NA,320,"Q4"
"1795",1795,"Austin PeayTulsa11-21",2025-11-21,"nc","Austin Peay","Tulsa","ASun","Amer","A","L","75-84",0.467994966707812,0.855650066325967,0.789142831518436,0.387020296107445,-0.387020296107445,78.9,"played",NA,NA,NA,47,"Q1"
"1796",1796,"Austin PeayTulsa11-21",2025-11-21,"nc","Tulsa","Austin Peay","Amer","ASun","H","W","84-75",0.855650066325967,0.467994966707812,0.87694452176131,0.890123562109543,0.109876437890457,58.2,"played",NA,NA,NA,149,"Q3"
"1797",1797,"Boston CollegeDavidson11-21",2025-11-21,"nc","Boston College","Davidson","ACC","A10","N","L","49-59",0.532615128073303,0.620201762192274,0.837778001870703,0.75976338317227,-0.75976338317227,25.1,"played",NA,NA,NA,119,"Q3"
"1798",1798,"Boston CollegeDavidson11-21",2025-11-21,"nc","Davidson","Boston College","A10","ACC","N","W","59-49",0.620201762192274,0.532615128073303,0.837778001870703,0.819230296692392,0.180769703307608,84.7,"played",NA,NA,NA,157,"Q3"
"1799",1799,"ButlerSouth Carolina11-21",2025-11-21,"nc","Butler","South Carolina","BE","SEC","N","W","79-72",0.814844346586787,0.764768275324191,0.837778001870703,0.613674790929762,0.386325209070238,92.8,"played",NA,NA,NA,85,"Q2"
"1800",1800,"ButlerSouth Carolina11-21",2025-11-21,"nc","South Carolina","Butler","SEC","BE","N","L","72-79",0.764768275324191,0.814844346586787,0.837778001870703,0.539911686835231,-0.539911686835231,52.7,"played",NA,NA,NA,48,"Q1"
"1801",1801,"BYUWisconsin11-21",2025-11-21,"nc","BYU","Wisconsin","B12","B10","N","W","98-70",0.923341616444686,0.884092760913942,0.837778001870703,0.403721059230674,0.596278940769326,99.3,"played",NA,NA,NA,36,"Q1"
"1802",1802,"BYUWisconsin11-21",2025-11-21,"nc","Wisconsin","BYU","B10","B12","N","L","70-98",0.884092760913942,0.923341616444686,0.837778001870703,0.300093447405032,-0.300093447405032,39,"played",NA,NA,NA,12,"Q1"
"1803",1803,"Cal St. FullertonPortland11-21",2025-11-21,"nc","Cal St. Fullerton","Portland","BW","WCC","A","L","85-103",0.331925225797259,0.553963766133518,0.789142831518436,0.750834377479532,-0.750834377479532,9.6,"played",NA,NA,NA,215,"Q3"
"1804",1804,"Cal St. FullertonPortland11-21",2025-11-21,"nc","Portland","Cal St. Fullerton","WCC","BW","H","W","103-85",0.553963766133518,0.331925225797259,0.87694452176131,0.934825940311833,0.0651740596881669,85.3,"played",NA,NA,NA,200,"Q4"
"1805",1805,"CampbellUT Arlington11-21",2025-11-21,"nc","Campbell","UT Arlington","CAA","WAC","N","W","71-67",0.401449757370582,0.509873625739207,0.837778001870703,0.832337887948687,0.167662112051313,51,"played",NA,NA,NA,123,"Q3"
"1806",1806,"CampbellUT Arlington11-21",2025-11-21,"nc","UT Arlington","Campbell","WAC","CAA","N","L","67-71",0.509873625739207,0.401449757370582,0.837778001870703,0.885056977577574,-0.885056977577574,40.1,"played",NA,NA,NA,203,"Q4"
"1807",1807,"Central ConnecticutRutgers11-21",2025-11-21,"nc","Central Connecticut","Rutgers","NEC","B10","A","W","67-54",0.185254014996825,0.593817364755892,0.789142831518436,0.719099142122945,0.280900857877055,90.1,"played",NA,NA,NA,153,"Q3"
"1808",1808,"Central ConnecticutRutgers11-21",2025-11-21,"nc","Rutgers","Central Connecticut","B10","NEC","H","L","54-67",0.593817364755892,0.185254014996825,0.87694452176131,0.969080387831991,-0.969080387831991,3.5,"played",NA,NA,NA,247,"Q4"
"1809",1809,"Charleston SouthernEast Carolina11-21",2025-11-21,"nc","Charleston Southern","East Carolina","BSth","Amer","A","W","77-65",0.304852499335177,0.262679066039086,0.789142831518436,0.913081687465795,0.0869183125342055,69.2,"played",NA,NA,NA,299,"Q4"
"1810",1810,"Charleston SouthernEast Carolina11-21",2025-11-21,"nc","East Carolina","Charleston Southern","Amer","BSth","H","L","65-77",0.262679066039086,0.304852499335177,0.87694452176131,0.942029615136421,-0.942029615136421,6.5,"played",NA,NA,NA,219,"Q4"
"1811",1811,"CharlestonMassachusetts11-21",2025-11-21,"nc","Charleston","Massachusetts","CAA","MAC","N","W","69-65",0.440586090196801,0.492898118125247,0.837778001870703,0.84160206237736,0.15839793762264,54.9,"played",NA,NA,NA,195,"Q3"
"1812",1812,"CharlestonMassachusetts11-21",2025-11-21,"nc","Massachusetts","Charleston","MAC","CAA","N","L","65-69",0.492898118125247,0.440586090196801,0.837778001870703,0.8676767193058,-0.8676767193058,38.6,"played",NA,NA,NA,175,"Q3"
"1813",1813,"CharlotteAppalachian St.11-21",2025-11-21,"nc","Appalachian St.","Charlotte","SB","Amer","H","W","65-63",0.475354481792086,0.408184823211502,0.87694452176131,0.911757290865428,0.0882427091345716,40.9,"played",NA,NA,NA,173,"Q4"
"1814",1814,"CharlotteAppalachian St.11-21",2025-11-21,"nc","Charlotte","Appalachian St.","Amer","SB","A","L","63-65",0.408184823211502,0.475354481792086,0.789142831518436,0.805091918259702,-0.805091918259702,47.5,"played",NA,NA,NA,212,"Q3"
"1815",1815,"CincinnatiLouisville11-21",2025-11-21,"nc","Cincinnati","Louisville","B12","ACC","N","L","64-74",0.833401447570207,0.946656802749613,0.837778001870703,0.225411767170161,-0.225411767170161,88.8,"played",NA,NA,NA,15,"Q1"
"1816",1816,"CincinnatiLouisville11-21",2025-11-21,"nc","Louisville","Cincinnati","ACC","B12","N","W","74-64",0.946656802749613,0.833401447570207,0.837778001870703,0.507964071398832,0.492035928601168,91.8,"played",NA,NA,NA,72,"Q2"
"1817",1817,"ClemsonWest Virginia11-21",2025-11-21,"nc","Clemson","West Virginia","ACC","B12","N","W","70-67",0.915806795624262,0.830601331485169,0.837778001870703,0.512970185381226,0.487029814618774,83.8,"played",NA,NA,NA,59,"Q2"
"1818",1818,"ClemsonWest Virginia11-21",2025-11-21,"nc","West Virginia","Clemson","B12","ACC","N","L","67-70",0.830601331485169,0.915806795624262,0.837778001870703,0.321932746384448,-0.321932746384448,91.2,"played",NA,NA,NA,32,"Q1"
"1819",1819,"Coastal CarolinaWestern Illinois11-21",2025-11-21,"nc","Coastal Carolina","Western Illinois","SB","OVC","A","W","84-64",0.252170326443001,0.107692571655567,0.789142831518436,0.968759361171826,0.0312406388281743,62.4,"played",NA,NA,NA,356,"Q4"
"1820",1820,"Coastal CarolinaWestern Illinois11-21",2025-11-21,"nc","Western Illinois","Coastal Carolina","OVC","SB","H","L","64-84",0.107692571655567,0.252170326443001,0.87694452176131,0.954820456841901,-0.954820456841901,2.4,"played",NA,NA,NA,235,"Q4"
"1821",1821,"ColumbiaLehigh11-21",2025-11-21,"nc","Columbia","Lehigh","Ivy","Pat","A","W","82-67",0.408052728218098,0.26032083125622,0.789142831518436,0.914045954914765,0.0859540450852349,74.5,"played",NA,NA,NA,298,"Q4"
"1822",1822,"ColumbiaLehigh11-21",2025-11-21,"nc","Lehigh","Columbia","Pat","Ivy","H","L","67-82",0.26032083125622,0.408052728218098,0.87694452176131,0.911801277983662,-0.911801277983662,7.6,"played",NA,NA,NA,151,"Q3"
"1823",1823,"DenverColorado St.11-21",2025-11-21,"nc","Colorado St.","Denver","MWC","Sum","H","L","81-83",0.761948848530048,0.263838573314094,0.87694452176131,0.952116681640977,-0.952116681640977,20.1,"played",NA,NA,NA,251,"Q4"
"1824",1824,"DenverColorado St.11-21",2025-11-21,"nc","Denver","Colorado St.","Sum","MWC","A","W","83-81",0.263838573314094,0.761948848530048,0.789142831518436,0.539013660019678,0.460986339980322,82,"played",NA,NA,NA,92,"Q2"
"1825",1825,"Detroit MercyMichigan St.11-21",2025-11-21,"nc","Detroit Mercy","Michigan St.","Horz","B10","A","L","56-84",0.268076298487336,0.96316998011938,0.789142831518436,0.125192612565118,-0.125192612565118,27.8,"played",NA,NA,NA,11,"Q1"
"1826",1826,"Detroit MercyMichigan St.11-21",2025-11-21,"nc","Michigan St.","Detroit Mercy","B10","Horz","H","W","84-56",0.96316998011938,0.268076298487336,0.87694452176131,0.951117264043805,0.0488827359561953,96.1,"played",NA,NA,NA,273,"Q4"
"1827",1827,"EvansvilleOregon St.11-21",2025-11-21,"nc","Evansville","Oregon St.","MVC","WCC","N","W","73-69",0.251080384152787,0.408019904988243,0.837778001870703,0.882253398719349,0.117746601280651,62.2,"played",NA,NA,NA,213,"Q4"
"1828",1828,"EvansvilleOregon St.11-21",2025-11-21,"nc","Oregon St.","Evansville","WCC","MVC","N","L","69-73",0.408019904988243,0.251080384152787,0.837778001870703,0.939040328698692,-0.939040328698692,12.3,"played",NA,NA,NA,284,"Q4"
"1829",1829,"Georgia SouthernFlorida St.11-21",2025-11-21,"nc","Florida St.","Georgia Southern","ACC","SB","H","W","98-72",0.714263605095652,0.25951963690932,0.87694452176131,0.953125607727472,0.0468743922725275,86.5,"played",NA,NA,NA,243,"Q4"
"1830",1830,"Georgia SouthernFlorida St.11-21",2025-11-21,"nc","Georgia Southern","Florida St.","SB","ACC","A","L","72-98",0.25951963690932,0.714263605095652,0.789142831518436,0.599548438685226,-0.599548438685226,12,"played",NA,NA,NA,115,"Q2"
"1831",1831,"Georgia St.South Dakota St.11-21",2025-11-21,"nc","Georgia St.","South Dakota St.","SB","Sum","A","L","58-105",0.207313157197796,0.53567472683946,0.789142831518436,0.764376370522328,-0.764376370522328,0.2,"played",NA,NA,NA,180,"Q3"
"1832",1832,"Georgia St.South Dakota St.11-21",2025-11-21,"nc","South Dakota St.","Georgia St.","Sum","SB","H","W","105-58",0.53567472683946,0.207313157197796,0.87694452176131,0.964600153744441,0.0353998462555593,99.3,"played",NA,NA,NA,261,"Q4"
"1833",1833,"GeorgiaXavier11-21",2025-11-21,"nc","Georgia","Xavier","SEC","BE","N","W","78-77",0.887682411226931,0.719999033844389,0.837778001870703,0.667595661633149,0.332404338366851,82.4,"played",NA,NA,NA,94,"Q2"
"1834",1834,"GeorgiaXavier11-21",2025-11-21,"nc","Xavier","Georgia","BE","SEC","N","L","77-78",0.719999033844389,0.887682411226931,0.837778001870703,0.395202316730509,-0.395202316730509,81.3,"played",NA,NA,NA,24,"Q1"
"1835",1835,"Grambling St.Cal Baptist11-21",2025-11-21,"nc","Cal Baptist","Grambling St.","WAC","SWAC","H","W","72-59",0.691435207905624,0.233559697555641,0.87694452176131,0.958992470941088,0.0410075290589117,88.2,"played",NA,NA,NA,266,"Q4"
"1836",1836,"Grambling St.Cal Baptist11-21",2025-11-21,"nc","Grambling St.","Cal Baptist","SWAC","WAC","A","L","59-72",0.233559697555641,0.691435207905624,0.789142831518436,0.625492790676781,-0.625492790676781,8.4,"played",NA,NA,NA,120,"Q2"
"1837",1837,"Green BayYale11-21",2025-11-21,"nc","Green Bay","Yale","Horz","Ivy","N","L","67-73",0.423580470378795,0.76078009046578,0.837778001870703,0.618886887141894,-0.618886887141894,44.8,"played",NA,NA,NA,61,"Q2"
"1838",1838,"Green BayYale11-21",2025-11-21,"nc","Yale","Green Bay","Ivy","Horz","N","W","73-67",0.76078009046578,0.423580470378795,0.837778001870703,0.875433516320148,0.124566483679852,74.2,"played",NA,NA,NA,230,"Q4"
"1839",1839,"HamptonNorfolk St.11-21",2025-11-21,"nc","Hampton","Norfolk St.","CAA","MEAC","A","L","60-62",0.224878457335432,0.214099252585284,0.789142831518436,0.932147647195999,-0.932147647195999,13.2,"played",NA,NA,NA,303,"Q4"
"1840",1840,"HamptonNorfolk St.11-21",2025-11-21,"nc","Norfolk St.","Hampton","MEAC","CAA","H","W","62-60",0.214099252585284,0.224878457335432,0.87694452176131,0.960881974481878,0.0391180255181218,34.1,"played",NA,NA,NA,238,"Q4"
"1841",1841,"Holy CrossSacred Heart11-21",2025-11-21,"nc","Holy Cross","Sacred Heart","Pat","MAAC","A","L","66-79",0.118107022625567,0.302151169708424,0.789142831518436,0.896306351960381,-0.896306351960381,4.2,"played",NA,NA,NA,287,"Q4"
"1842",1842,"Holy CrossSacred Heart11-21",2025-11-21,"nc","Sacred Heart","Holy Cross","MAAC","Pat","H","W","79-66",0.302151169708424,0.118107022625567,0.87694452176131,0.981553972347959,0.0184460276520411,56.7,"played",NA,NA,NA,314,"Q4"
"1843",1843,"Jackson St.Arkansas11-21",2025-11-21,"nc","Arkansas","Jackson St.","SEC","SWAC","H","W","115-61",0.944779447184236,0.118376704856031,0.87694452176131,0.981507081310067,0.0184929186899327,97.6,"played",NA,NA,NA,347,"Q4"
"1844",1844,"Jackson St.Arkansas11-21",2025-11-21,"nc","Jackson St.","Arkansas","SWAC","SEC","A","L","61-115",0.118376704856031,0.944779447184236,0.789142831518436,0.17948361785422,-0.17948361785422,5.3,"played",NA,NA,NA,20,"Q1"
"1845",1845,"Kansas St.Nebraska11-21",2025-11-21,"nc","Kansas St.","Nebraska","B12","B10","N","L","85-86",0.728841309550641,0.945778720585307,0.837778001870703,0.228438775056647,-0.228438775056647,91,"played",NA,NA,NA,7,"Q1"
"1846",1846,"Kansas St.Nebraska11-21",2025-11-21,"nc","Nebraska","Kansas St.","B10","B12","N","W","86-85",0.945778720585307,0.728841309550641,0.837778001870703,0.657694200064779,0.342305799935221,82.2,"played",NA,NA,NA,82,"Q2"
"1847",1847,"LafayetteStonehill11-21",2025-11-21,"nc","Lafayette","Stonehill","Pat","NEC","A","L","70-74",0.147463233359836,0.152535767937579,0.789142831518436,0.954113683718504,-0.954113683718504,14.8,"played",NA,NA,NA,337,"Q4"
"1848",1848,"LafayetteStonehill11-21",2025-11-21,"nc","Stonehill","Lafayette","NEC","Pat","H","W","74-70",0.152535767937579,0.147463233359836,0.87694452176131,0.976303494184094,0.023696505815906,15.2,"played",NA,NA,NA,328,"Q4"
"1849",1849,"Little RockTexas St.11-21",2025-11-21,"nc","Little Rock","Texas St.","OVC","SB","A","L","56-65",0.127043860244037,0.382567816926111,0.789142831518436,0.857957670648498,-0.857957670648498,11.2,"played",NA,NA,NA,265,"Q4"
"1850",1850,"Little RockTexas St.11-21",2025-11-21,"nc","Texas St.","Little Rock","SB","OVC","H","W","65-56",0.382567816926111,0.127043860244037,0.87694452176131,0.979987080838008,0.0200129191619924,41.7,"played",NA,NA,NA,302,"Q4"
"1851",1851,"LouisianaSanta Clara11-21",2025-11-21,"nc","Louisiana","Santa Clara","SB","WCC","A","L","43-80",0.137657594317457,0.904534982736246,0.789142831518436,0.28314899833366,-0.28314899833366,2.3,"played",NA,NA,NA,44,"Q1"
"1852",1852,"LouisianaSanta Clara11-21",2025-11-21,"nc","Santa Clara","Louisiana","WCC","SB","H","W","80-43",0.904534982736246,0.137657594317457,0.87694452176131,0.978090705272969,0.021909294727031,98.5,"played",NA,NA,NA,334,"Q4"
"1853",1853,"Loyola MDKentucky11-21",2025-11-21,"nc","Kentucky","Loyola MD","SEC","Pat","H","W","88-46",0.894882969930619,0.0922603677365822,0.87694452176131,0.985938471534303,0.0140615284656967,98.7,"played",NA,NA,NA,340,"Q4"
"1854",1854,"Loyola MDKentucky11-21",2025-11-21,"nc","Loyola MD","Kentucky","Pat","SEC","A","L","46-88",0.0922603677365822,0.894882969930619,0.789142831518436,0.305370611040222,-0.305370611040222,1.1,"played",NA,NA,NA,31,"Q1"
"1855",1855,"ManhattanTexas A&M11-21",2025-11-21,"nc","Manhattan","Texas A&M","MAAC","SEC","A","L","68-109",0.115503480599443,0.915550420652576,0.789142831518436,0.256621248205328,-0.256621248205328,11.8,"played",NA,NA,NA,41,"Q1"
"1856",1856,"ManhattanTexas A&M11-21",2025-11-21,"nc","Texas A&M","Manhattan","SEC","MAAC","H","W","109-68",0.915550420652576,0.115503480599443,0.87694452176131,0.982005422167543,0.0179945778324567,91.3,"played",NA,NA,NA,330,"Q4"
"1857",1857,"Maryland Eastern ShoreCanisius11-21",2025-11-21,"nc","Canisius","Maryland Eastern Shore","MAAC","MEAC","H","W","60-57",0.168655818164591,0.112768939573491,0.87694452176131,0.98247717744524,0.0175228225547599,21.9,"played",NA,NA,NA,325,"Q4"
"1858",1858,"Maryland Eastern ShoreCanisius11-21",2025-11-21,"nc","Maryland Eastern Shore","Canisius","MEAC","MAAC","A","L","57-60",0.112768939573491,0.168655818164591,0.789142831518436,0.948580548987064,-0.948580548987064,8.4,"played",NA,NA,NA,342,"Q4"
"1859",1859,"MemphisWake Forest11-21",2025-11-21,"nc","Memphis","Wake Forest","Amer","ACC","N","L","68-69",0.717307879323415,0.779875656096264,0.837778001870703,0.593112048675545,-0.593112048675545,82.3,"played",NA,NA,NA,67,"Q2"
"1860",1860,"MemphisWake Forest11-21",2025-11-21,"nc","Wake Forest","Memphis","ACC","Amer","N","W","69-68",0.779875656096264,0.717307879323415,0.837778001870703,0.670542702383321,0.329457297616679,65.9,"played",NA,NA,NA,112,"Q3"
"1861",1861,"MerrimackFlorida11-21",2025-11-21,"nc","Florida","Merrimack","SEC","MAAC","H","W","80-45",0.967769745662781,0.339779292896384,0.87694452176131,0.932647440717921,0.0673525592820787,99.7,"played",NA,NA,NA,217,"Q4"
"1862",1862,"MerrimackFlorida11-21",2025-11-21,"nc","Merrimack","Florida","MAAC","SEC","A","L","45-80",0.339779292896384,0.967769745662781,0.789142831518436,0.110826915239594,-0.110826915239594,4.3,"played",NA,NA,NA,14,"Q1"
"1863",1863,"Mississippi St.New Mexico11-21",2025-11-21,"nc","Mississippi St.","New Mexico","SEC","MWC","N","L","78-80",0.707923938247837,0.853253514717247,0.837778001870703,0.470393972272901,-0.470393972272901,79.8,"played",NA,NA,NA,42,"Q1"
"1864",1864,"Mississippi St.New Mexico11-21",2025-11-21,"nc","New Mexico","Mississippi St.","MWC","SEC","N","W","80-78",0.853253514717247,0.707923938247837,0.837778001870703,0.680585753947928,0.319414246052072,78.1,"played",NA,NA,NA,99,"Q2"
"1865",1865,"Montana St.Long Beach St.11-21",2025-11-21,"nc","Long Beach St.","Montana St.","BW","BSky","H","L","72-78",0.420920977464503,0.518194021185584,0.87694452176131,0.868869531125587,-0.868869531125587,31.6,"played",NA,NA,NA,134,"Q3"
"1866",1866,"Montana St.Long Beach St.11-21",2025-11-21,"nc","Montana St.","Long Beach St.","BSky","BW","A","W","78-72",0.518194021185584,0.420920977464503,0.789142831518436,0.837366165744844,0.162633834255156,62.9,"played",NA,NA,NA,240,"Q3"
"1867",1867,"Morehead St.East Tennessee St.11-21",2025-11-21,"nc","East Tennessee St.","Morehead St.","SC","OVC","H","W","77-62",0.607991931766003,0.163264947729151,0.87694452176131,0.973349662894276,0.0266503371057238,41.1,"played",NA,NA,NA,286,"Q4"
"1868",1868,"Morehead St.East Tennessee St.11-21",2025-11-21,"nc","Morehead St.","East Tennessee St.","OVC","SC","A","L","62-77",0.163264947729151,0.607991931766003,0.789142831518436,0.707006029827842,-0.707006029827842,30.3,"played",NA,NA,NA,129,"Q2"
"1869",1869,"Morgan St.Old Dominion11-21",2025-11-21,"nc","Morgan St.","Old Dominion","MEAC","SB","A","L","56-88",0.0419653130687214,0.413664087476716,0.789142831518436,0.841389735962245,-0.841389735962245,0.8,"played",NA,NA,NA,250,"Q4"
"1870",1870,"Morgan St.Old Dominion11-21",2025-11-21,"nc","Old Dominion","Morgan St.","SB","MEAC","H","W","88-56",0.413664087476716,0.0419653130687214,0.87694452176131,0.99389090633261,0.00610909366739021,79.6,"played",NA,NA,NA,361,"Q4"
"1871",1871,"Nebraska OmahaLSU11-21",2025-11-21,"nc","LSU","Nebraska Omaha","SEC","Sum","H","W","99-73",0.86991035902452,0.245482919288472,0.87694452176131,0.956339074498325,0.0436609255016746,90.3,"played",NA,NA,NA,281,"Q4"
"1872",1872,"Nebraska OmahaLSU11-21",2025-11-21,"nc","Nebraska Omaha","LSU","Sum","SEC","A","L","73-99",0.245482919288472,0.86991035902452,0.789142831518436,0.358840545849542,-0.358840545849542,18.9,"played",NA,NA,NA,50,"Q1"
"1873",1873,"New OrleansFresno St.11-21",2025-11-21,"nc","Fresno St.","New Orleans","MWC","Slnd","H","W","85-76",0.639155744766348,0.331235610868882,0.87694452176131,0.93501525605322,0.0649847439467803,61.3,"played",NA,NA,NA,231,"Q4"
"1874",1874,"New OrleansFresno St.11-21",2025-11-21,"nc","New Orleans","Fresno St.","Slnd","MWC","A","L","76-85",0.331235610868882,0.639155744766348,0.789142831518436,0.678756847319588,-0.678756847319588,35.7,"played",NA,NA,NA,139,"Q3"
"1875",1875,"NiagaraDuke11-21",2025-11-21,"nc","Duke","Niagara","ACC","MAAC","H","W","100-42",0.967169328775528,0.0710982537629475,0.87694452176131,0.989373790127263,0.0106262098727368,99.5,"played",NA,NA,NA,355,"Q4"
"1876",1876,"NiagaraDuke11-21",2025-11-21,"nc","Niagara","Duke","MAAC","ACC","A","L","42-100",0.0710982537629475,0.967169328775528,0.789142831518436,0.1127209681814,-0.1127209681814,1.1,"played",NA,NA,NA,2,"Q1"
"1877",1877,"Northern ColoradoSt. Thomas11-21",2025-11-21,"nc","Northern Colorado","St. Thomas","BSky","Sum","N","L","72-73",0.521395480678697,0.640957727496161,0.837778001870703,0.74312296477016,-0.74312296477016,70.8,"played",NA,NA,NA,116,"Q3"
"1878",1878,"Northern ColoradoSt. Thomas11-21",2025-11-21,"nc","St. Thomas","Northern Colorado","Sum","BSky","N","W","73-72",0.640957727496161,0.521395480678697,0.837778001870703,0.82580066612742,0.17419933387258,44.6,"played",NA,NA,NA,164,"Q3"
"1879",1879,"Northern IllinoisLoyola Chicago11-21",2025-11-21,"nc","Loyola Chicago","Northern Illinois","A10","MAC","H","L","59-76",0.28923647413666,0.136539414444762,0.87694452176131,0.978292340323179,-0.978292340323179,1.2,"played",NA,NA,NA,312,"Q4"
"1880",1880,"Northern IllinoisLoyola Chicago11-21",2025-11-21,"nc","Northern Illinois","Loyola Chicago","MAC","A10","A","W","76-59",0.136539414444762,0.28923647413666,0.789142831518436,0.901930542270354,0.0980694577296459,83.6,"played",NA,NA,NA,315,"Q4"
"1881",1881,"Northwestern St.Grand Canyon11-21",2025-11-21,"nc","Grand Canyon","Northwestern St.","MWC","Slnd","H","W","85-72",0.843748589646882,0.172988629015108,0.87694452176131,0.971485151015013,0.028514848984987,59.8,"played",NA,NA,NA,306,"Q4"
"1882",1882,"Northwestern St.Grand Canyon11-21",2025-11-21,"nc","Northwestern St.","Grand Canyon","Slnd","MWC","A","L","72-85",0.172988629015108,0.843748589646882,0.789142831518436,0.409357541008259,-0.409357541008259,43.2,"played",NA,NA,NA,86,"Q2"
"1883",1883,"NorthwesternVirginia11-21",2025-11-21,"nc","Northwestern","Virginia","B10","ACC","N","L","78-83",0.802083029446983,0.956944349895441,0.837778001870703,0.188549261090899,-0.188549261090899,94.5,"played",NA,NA,NA,13,"Q1"
"1884",1884,"NorthwesternVirginia11-21",2025-11-21,"nc","Virginia","Northwestern","ACC","B10","N","W","83-78",0.956944349895441,0.802083029446983,0.837778001870703,0.560310640036474,0.439689359963526,84,"played",NA,NA,NA,69,"Q2"
"1885",1885,"OaklandEastern Michigan11-21",2025-11-21,"nc","Eastern Michigan","Oakland","MAC","Horz","H","W","97-91",0.534059422473723,0.482772141388938,0.87694452176131,0.884192673060866,0.115807326939134,60.3,"played",NA,NA,NA,135,"Q3"
"1886",1886,"OaklandEastern Michigan11-21",2025-11-21,"nc","Oakland","Eastern Michigan","Horz","MAC","A","L","91-97",0.482772141388938,0.534059422473723,0.789142831518436,0.765543748596947,-0.765543748596947,41.3,"played",NA,NA,NA,179,"Q3"
"1887",1887,"PennDrexel11-21",2025-11-21,"nc","Drexel","Penn","CAA","Ivy","H","L","68-84",0.506908140029048,0.395413064060764,0.87694452176131,0.915940225457352,-0.915940225457352,6.6,"played",NA,NA,NA,178,"Q4"
"1888",1888,"PennDrexel11-21",2025-11-21,"nc","Penn","Drexel","Ivy","CAA","A","W","84-68",0.395413064060764,0.506908140029048,0.789142831518436,0.78450783990208,0.21549216009792,90.5,"played",NA,NA,NA,211,"Q3"
"1889",1889,"PresbyterianUCLA11-21",2025-11-21,"nc","Presbyterian","UCLA","BSth","B10","A","L","46-86",0.211694092348146,0.883383237146971,0.789142831518436,0.330682521038581,-0.330682521038581,1.5,"played",NA,NA,NA,40,"Q1"
"1890",1890,"PresbyterianUCLA11-21",2025-11-21,"nc","UCLA","Presbyterian","B10","BSth","H","W","86-46",0.883383237146971,0.211694092348146,0.87694452176131,0.96368565745234,0.03631434254766,99.3,"played",NA,NA,NA,258,"Q4"
"1891",1891,"Purdue Fort WayneSaint Louis11-21",2025-11-21,"nc","Purdue Fort Wayne","Saint Louis","Horz","A10","A","L","60-91",0.292872856878609,0.934398970437872,0.789142831518436,0.20807868025584,-0.20807868025584,16.4,"played",NA,NA,NA,22,"Q1"
"1892",1892,"Purdue Fort WayneSaint Louis11-21",2025-11-21,"nc","Saint Louis","Purdue Fort Wayne","A10","Horz","H","W","91-60",0.934398970437872,0.292872856878609,0.87694452176131,0.945074204187965,0.054925795812035,96.8,"played",NA,NA,NA,210,"Q4"
"1893",1893,"PurdueTexas Tech11-21",2025-11-21,"nc","Purdue","Texas Tech","B10","B12","N","W","86-56",0.957529580380182,0.936280189362831,0.837778001870703,0.260064783295892,0.739935216704108,99.9,"played",NA,NA,NA,17,"Q1"
"1894",1894,"PurdueTexas Tech11-21",2025-11-21,"nc","Texas Tech","Purdue","B12","B10","N","L","56-86",0.936280189362831,0.957529580380182,0.837778001870703,0.186371573690651,-0.186371573690651,23.7,"played",NA,NA,NA,5,"Q1"
"1895",1895,"Sacramento St.California11-21",2025-11-21,"nc","California","Sacramento St.","ACC","BSky","H","W","91-67",0.828977030903702,0.187290241962568,0.87694452176131,0.96867531291602,0.0313246870839802,89.4,"played",NA,NA,NA,279,"Q4"
"1896",1896,"Sacramento St.California11-21",2025-11-21,"nc","Sacramento St.","California","BSky","ACC","A","L","67-91",0.187290241962568,0.828977030903702,0.789142831518436,0.435700951290163,-0.435700951290163,11.7,"played",NA,NA,NA,60,"Q1"
"1897",1897,"SamfordNew Mexico St.11-21",2025-11-21,"nc","New Mexico St.","Samford","CUSA","SC","H","W","81-72",0.670484002673614,0.172321727445834,0.87694452176131,0.971614197909055,0.0283858020909451,60.4,"played",NA,NA,NA,269,"Q4"
"1898",1898,"SamfordNew Mexico St.11-21",2025-11-21,"nc","Samford","New Mexico St.","SC","CUSA","A","L","72-81",0.172321727445834,0.670484002673614,0.789142831518436,0.64780196307496,-0.64780196307496,21.7,"played",NA,NA,NA,140,"Q3"
"1899",1899,"SeattleStanford11-21",2025-11-21,"nc","Seattle","Stanford","WCC","ACC","A","W","77-69",0.605972048235407,0.825268926203313,0.789142831518436,0.442087360782368,0.557912639217632,87.3,"played",NA,NA,NA,68,"Q1"
"1900",1900,"SeattleStanford11-21",2025-11-21,"nc","Stanford","Seattle","ACC","WCC","H","L","69-77",0.825268926203313,0.605972048235407,0.87694452176131,0.822502708405666,-0.822502708405666,51.4,"played",NA,NA,NA,114,"Q3"
"1901",1901,"SIU EdwardsvilleAir Force11-21",2025-11-21,"nc","Air Force","SIU Edwardsville","MWC","OVC","H","W","77-63",0.183685442633759,0.222517010562244,0.87694452176131,0.961389918559662,0.0386100814403375,71.4,"played",NA,NA,NA,255,"Q4"
"1902",1902,"SIU EdwardsvilleAir Force11-21",2025-11-21,"nc","SIU Edwardsville","Air Force","OVC","MWC","A","L","63-77",0.222517010562244,0.183685442633759,0.789142831518436,0.943285622791657,-0.943285622791657,2.5,"played",NA,NA,NA,336,"Q4"
"1903",1903,"South AlabamaUAB11-21",2025-11-21,"nc","South Alabama","UAB","SB","Amer","A","L","72-80",0.306238592181222,0.677896014710966,0.789142831518436,0.640065139338454,-0.640065139338454,36.7,"played",NA,NA,NA,122,"Q2"
"1904",1904,"South AlabamaUAB11-21",2025-11-21,"nc","UAB","South Alabama","Amer","SB","H","W","80-72",0.677896014710966,0.306238592181222,0.87694452176131,0.941671849852463,0.0583281501475374,61.6,"played",NA,NA,NA,197,"Q4"
"1905",1905,"SouthernSan Jose St.11-21",2025-11-21,"nc","San Jose St.","Southern","MWC","SWAC","H","W","80-66",0.426462166380668,0.265907681407748,0.87694452176131,0.951629886177392,0.0483701138226084,73,"played",NA,NA,NA,278,"Q4"
"1906",1906,"SouthernSan Jose St.11-21",2025-11-21,"nc","Southern","San Jose St.","SWAC","MWC","A","L","66-80",0.265907681407748,0.426462166380668,0.789142831518436,0.834251951782731,-0.834251951782731,9.1,"played",NA,NA,NA,259,"Q4"
"1907",1907,"Stephen F. AustinPepperdine11-21",2025-11-21,"nc","Pepperdine","Stephen F. Austin","WCC","Slnd","H","L","60-63",0.346226240798316,0.698277000404957,0.87694452176131,0.75485983588986,-0.75485983588986,71,"played",NA,NA,NA,88,"Q3"
"1908",1908,"Stephen F. AustinPepperdine11-21",2025-11-21,"nc","Stephen F. Austin","Pepperdine","Slnd","WCC","A","W","63-60",0.698277000404957,0.346226240798316,0.789142831518436,0.876038094973127,0.123961905026873,33.4,"played",NA,NA,NA,267,"Q4"
"1909",1909,"TulaneUtah St.11-21",2025-11-21,"nc","Tulane","Utah St.","Amer","MWC","N","L","75-96",0.419547336518336,0.886014120583521,0.837778001870703,0.399182884998463,-0.399182884998463,56.1,"played",NA,NA,NA,25,"Q1"
"1910",1910,"TulaneUtah St.11-21",2025-11-21,"nc","Utah St.","Tulane","MWC","Amer","N","W","96-75",0.886014120583521,0.419547336518336,0.837778001870703,0.877225989205865,0.122774010794135,81.5,"played",NA,NA,NA,202,"Q4"
"1911",1911,"UC DavisColorado11-21",2025-11-21,"nc","Colorado","UC Davis","B12","BW","H","W","95-79",0.772290823716488,0.410152855593226,0.87694452176131,0.911100116157902,0.0888998838420977,77.9,"played",NA,NA,NA,176,"Q4"
"1912",1912,"UC DavisColorado11-21",2025-11-21,"nc","UC Davis","Colorado","BW","B12","A","L","79-95",0.410152855593226,0.772290823716488,0.789142831518436,0.524598733389019,-0.524598733389019,40.1,"played",NA,NA,NA,78,"Q2"
"1913",1913,"UC RiversideSan Diego11-21",2025-11-21,"nc","San Diego","UC Riverside","WCC","BW","H","L","71-85",0.545701106777343,0.201552689174799,0.87694452176131,0.965789939307561,-0.965789939307561,2.6,"played",NA,NA,NA,283,"Q4"
"1914",1914,"UC RiversideSan Diego11-21",2025-11-21,"nc","UC Riverside","San Diego","BW","WCC","A","W","85-71",0.201552689174799,0.545701106777343,0.789142831518436,0.75702731189978,0.24297268810022,91.8,"played",NA,NA,NA,208,"Q3"
"1915",1915,"UNC WilmingtonRadford11-21",2025-11-21,"nc","Radford","UNC Wilmington","BSth","CAA","H","L","73-81",0.361659659316487,0.45266192968586,0.87694452176131,0.896016774005065,-0.896016774005065,14.9,"played",NA,NA,NA,109,"Q3"
"1916",1916,"UNC WilmingtonRadford11-21",2025-11-21,"nc","UNC Wilmington","Radford","CAA","BSth","A","W","81-73",0.45266192968586,0.361659659316487,0.789142831518436,0.868519826317415,0.131480173682585,72.8,"played",NA,NA,NA,260,"Q4"
"1917",1917,"USC UpstateWest Georgia11-21",2025-11-21,"nc","USC Upstate","West Georgia","BSth","ASun","A","L","64-72",0.171715590878374,0.213011210585839,0.789142831518436,0.932556250535378,-0.932556250535378,6.9,"played",NA,NA,NA,322,"Q4"
"1918",1918,"USC UpstateWest Georgia11-21",2025-11-21,"nc","West Georgia","USC Upstate","ASun","BSth","H","W","72-64",0.213011210585839,0.171715590878374,0.87694452176131,0.97173133605275,0.0282686639472497,43,"played",NA,NA,NA,285,"Q4"
"1919",1919,"Buena VistaDrake11-21",2025-11-21,"nond1","Drake","Buena Vista","MVC",NA,"H","W","52-98",NA,NA,NA,NA,0,NA,"played",NA,NA,NA,NA,NA
"1920",1920,"RegentWilliam & Mary11-21",2025-11-21,"nond1","William & Mary","Regent","CAA",NA,"H","W","57-104",NA,NA,NA,NA,0,NA,"played",NA,NA,NA,NA,NA
"1921",1921,"ErskineWofford11-21",2025-11-21,"nond1","Wofford","Erskine","SC",NA,"H","W","57-81",NA,NA,NA,NA,0,NA,"played",NA,NA,NA,NA,NA
"1922",1922,"NobelUtah Tech11-21",2025-11-21,"nond1","Utah Tech","Nobel","WAC",NA,"H","W","48-96",NA,NA,NA,NA,0,NA,"played",NA,NA,NA,NA,NA
"1923",1923,"FiskBelmont11-21",2025-11-21,"nond1","Belmont","Fisk","MVC",NA,"H","W","49-96",NA,NA,NA,NA,0,NA,"played",NA,NA,NA,NA,NA
"1924",1924,"Justice U.Idaho St.11-21",2025-11-21,"nond1","Idaho St.","Justice U.","BSky",NA,"H","W","51-89",NA,NA,NA,NA,0,NA,"played",NA,NA,NA,NA,NA
"1925",1925,"Ball St.Indiana St.11-22",2025-11-22,"nc","Ball St.","Indiana St.","MAC","MVC","A","L","52-70",0.175570369203068,0.52112194682298,0.789142831518436,0.774732331268569,-0.774732331268569,15.2,"played",NA,NA,NA,205,"Q3"
"1926",1926,"Ball St.Indiana St.11-22",2025-11-22,"nc","Indiana St.","Ball St.","MVC","MAC","H","W","70-52",0.52112194682298,0.175570369203068,0.87694452176131,0.970983935499258,0.0290160645007421,56.4,"played",NA,NA,NA,316,"Q4"
"1927",1927,"BinghamtonMaryland Eastern Shore11-22",2025-11-22,"nc","Binghamton","Maryland Eastern Shore","AE","MEAC","N","L","52-63",0.0617799780027939,0.149218525615077,0.837778001870703,0.967154098200082,-0.967154098200082,1.2,"played",NA,NA,NA,325,"Q4"
"1928",1928,"BinghamtonMaryland Eastern Shore11-22",2025-11-22,"nc","Maryland Eastern Shore","Binghamton","MEAC","AE","N","W","63-52",0.149218525615077,0.0617799780027939,0.837778001870703,0.987410124873115,0.0125898751268847,49.1,"played",NA,NA,NA,362,"Q4"
"1929",1929,"Boston UniversityHarvard11-22",2025-11-22,"nc","Boston University","Harvard","Pat","Ivy","N","W","75-74",0.224197252496671,0.430580934673117,0.837778001870703,0.872279848424502,0.127720151575498,41.6,"played",NA,NA,NA,182,"Q3"
"1930",1930,"Boston UniversityHarvard11-22",2025-11-22,"nc","Harvard","Boston University","Ivy","Pat","N","L","74-75",0.430580934673117,0.224197252496671,0.837778001870703,0.947007641370401,-0.947007641370401,23.5,"played",NA,NA,NA,292,"Q4"
"1931",1931,"Cal St. FullertonSt. Thomas11-22",2025-11-22,"nc","Cal St. Fullerton","St. Thomas","BW","Sum","N","W","88-80",0.406737405024328,0.640957727496161,0.837778001870703,0.74312296477016,0.25687703522984,73.3,"played",NA,NA,NA,116,"Q3"
"1932",1932,"Cal St. FullertonSt. Thomas11-22",2025-11-22,"nc","St. Thomas","Cal St. Fullerton","Sum","BW","N","L","80-88",0.640957727496161,0.406737405024328,0.837778001870703,0.882804132583676,-0.882804132583676,30.9,"played",NA,NA,NA,200,"Q3"
"1933",1933,"Central MichiganMarquette11-22",2025-11-22,"nc","Central Michigan","Marquette","MAC","BE","A","L","71-85",0.143586134959525,0.679338014949704,0.789142831518436,0.638540499954744,-0.638540499954744,30.7,"played",NA,NA,NA,142,"Q3"
"1934",1934,"Central MichiganMarquette11-22",2025-11-22,"nc","Marquette","Central Michigan","BE","MAC","H","W","85-71",0.679338014949704,0.143586134959525,0.87694452176131,0.977014256827904,0.0229857431720957,44.5,"played",NA,NA,NA,329,"Q4"
"1935",1935,"Cleveland St.Kent St.11-22",2025-11-22,"nc","Cleveland St.","Kent St.","Horz","MAC","A","L","71-91",0.170841144385821,0.638568943065511,0.789142831518436,0.679311168960651,-0.679311168960651,8.4,"played",NA,NA,NA,148,"Q3"
"1936",1936,"Cleveland St.Kent St.11-22",2025-11-22,"nc","Kent St.","Cleveland St.","MAC","Horz","H","W","91-71",0.638568943065511,0.170841144385821,0.87694452176131,0.971900073963006,0.0280999260369942,79.9,"played",NA,NA,NA,321,"Q4"
"1937",1937,"Coastal CarolinaNorth Dakota11-22",2025-11-22,"nc","Coastal Carolina","North Dakota","SB","Sum","N","W","75-58",0.317550982300528,0.274768137576771,0.837778001870703,0.931652264281948,0.0683477357180522,85.4,"played",NA,NA,NA,282,"Q4"
"1938",1938,"Coastal CarolinaNorth Dakota11-22",2025-11-22,"nc","North Dakota","Coastal Carolina","Sum","SB","N","L","58-75",0.274768137576771,0.317550982300528,0.837778001870703,0.917347163259406,-0.917347163259406,2.9,"played",NA,NA,NA,235,"Q4"
"1939",1939,"Coppin St.VCU11-22",2025-11-22,"nc","Coppin St.","VCU","MEAC","A10","A","L","58-101",0.0259808577725411,0.832009910410597,0.789142831518436,0.430411360912575,-0.430411360912575,2.5,"played",NA,NA,NA,55,"Q1"
"1940",1940,"Coppin St.VCU11-22",2025-11-22,"nc","VCU","Coppin St.","A10","MEAC","H","W","101-58",0.832009910410597,0.0259808577725411,0.87694452176131,0.996271000581672,0.00372899941832849,83.8,"played",NA,NA,NA,364,"Q4"
"1941",1941,"DuquesneNortheastern11-22",2025-11-22,"nc","Duquesne","Northeastern","A10","CAA","N","L","86-93",0.589430231557555,0.315903700349743,0.837778001870703,0.917922472041907,-0.917922472041907,17.7,"played",NA,NA,NA,249,"Q4"
"1942",1942,"DuquesneNortheastern11-22",2025-11-22,"nc","Northeastern","Duquesne","CAA","A10","N","W","93-86",0.315903700349743,0.589430231557555,0.837778001870703,0.782479888611047,0.217520111388953,75.5,"played",NA,NA,NA,155,"Q3"
"1943",1943,"FairfieldLe Moyne11-22",2025-11-22,"nc","Fairfield","Le Moyne","MAAC","NEC","A","W","97-83",0.22489171654641,0.367582572503491,0.789142831518436,0.865572723413798,0.134427276586202,83.6,"played",NA,NA,NA,263,"Q4"
"1944",1944,"FairfieldLe Moyne11-22",2025-11-22,"nc","Le Moyne","Fairfield","NEC","MAAC","H","L","83-97",0.367582572503491,0.22489171654641,0.87694452176131,0.960879115225298,-0.960879115225298,3.2,"played",NA,NA,NA,248,"Q4"
"1945",1945,"Gardner WebbRichmond11-22",2025-11-22,"nc","Gardner Webb","Richmond","BSth","A10","A","L","67-102",0.031054600359691,0.660447080764919,0.789142831518436,0.658019120873694,-0.658019120873694,1.1,"played",NA,NA,NA,126,"Q2"
"1946",1946,"Gardner WebbRichmond11-22",2025-11-22,"nc","Richmond","Gardner Webb","A10","BSth","H","W","102-67",0.660447080764919,0.031054600359691,0.87694452176131,0.995522798064527,0.00447720193547285,85.3,"played",NA,NA,NA,363,"Q4"
"1947",1947,"Green BayMassachusetts11-22",2025-11-22,"nc","Green Bay","Massachusetts","Horz","MAC","N","W","79-75",0.423580470378795,0.492898118125247,0.837778001870703,0.84160206237736,0.15839793762264,69.8,"played",NA,NA,NA,195,"Q3"
"1948",1948,"Green BayMassachusetts11-22",2025-11-22,"nc","Massachusetts","Green Bay","MAC","Horz","N","L","75-79",0.492898118125247,0.423580470378795,0.837778001870703,0.875433516320148,-0.875433516320148,23.6,"played",NA,NA,NA,230,"Q4"
"1949",1949,"High PointIncarnate Word11-22",2025-11-22,"nc","High Point","Incarnate Word","BSth","Slnd","N","W","91-80",0.692779084178116,0.328698567302857,0.837778001870703,0.91339924483852,0.0866007551614796,64.5,"played",NA,NA,NA,246,"Q4"
"1950",1950,"High PointIncarnate Word11-22",2025-11-22,"nc","Incarnate Word","High Point","Slnd","BSth","N","L","80-91",0.328698567302857,0.692779084178116,0.837778001870703,0.696067989091798,-0.696067989091798,37.8,"played",NA,NA,NA,90,"Q2"
"1951",1951,"HowardNiagara11-22",2025-11-22,"nc","Howard","Niagara","MEAC","MAAC","N","W","80-70",0.295827063501703,0.0955291055698336,0.837778001870703,0.97995852846471,0.0200414715352898,13.6,"played",NA,NA,NA,355,"Q4"
"1952",1952,"HowardNiagara11-22",2025-11-22,"nc","Niagara","Howard","MAAC","MEAC","N","L","70-80",0.0955291055698336,0.295827063501703,0.837778001870703,0.924772877423033,-0.924772877423033,22,"played",NA,NA,NA,252,"Q4"
"1953",1953,"Illinois ChicagoSouthern Indiana11-22",2025-11-22,"nc","Illinois Chicago","Southern Indiana","MVC","OVC","N","W","84-73",0.5805390983509,0.127501352226947,0.837778001870703,0.972482275604063,0.027517724395937,57.3,"played",NA,NA,NA,338,"Q4"
"1954",1954,"Illinois ChicagoSouthern Indiana11-22",2025-11-22,"nc","Southern Indiana","Illinois Chicago","OVC","MVC","N","L","73-84",0.127501352226947,0.5805390983509,0.837778001870703,0.78864891103641,-0.78864891103641,13.1,"played",NA,NA,NA,161,"Q3"
"1955",1955,"IonaOregon St.11-22",2025-11-22,"nc","Iona","Oregon St.","MAAC","WCC","N","W","91-84",0.360162128779136,0.408019904988243,0.837778001870703,0.882253398719349,0.117746601280651,42.5,"played",NA,NA,NA,213,"Q4"
"1956",1956,"IonaOregon St.11-22",2025-11-22,"nc","Oregon St.","Iona","WCC","MAAC","N","L","84-91",0.408019904988243,0.360162128779136,0.837778001870703,0.90171684703998,-0.90171684703998,34.4,"played",NA,NA,NA,218,"Q4"
"1957",1957,"LIUIllinois11-22",2025-11-22,"nc","Illinois","LIU","B10","NEC","H","W","98-58",0.970104643724092,0.325501227881235,0.87694452176131,0.936577409173886,0.0634225908261143,99.3,"played",NA,NA,NA,201,"Q4"
"1958",1958,"LIUIllinois11-22",2025-11-22,"nc","LIU","Illinois","NEC","B10","A","L","58-98",0.325501227881235,0.970104643724092,0.789142831518436,0.103406530476857,-0.103406530476857,9.6,"played",NA,NA,NA,9,"Q1"
"1959",1959,"Louisiana MonroeMorehead St.11-22",2025-11-22,"nc","Louisiana Monroe","Morehead St.","SB","OVC","N","L","80-83",0.0825984021505565,0.212133626535544,0.837778001870703,0.950447466615542,-0.950447466615542,17.6,"played",NA,NA,NA,286,"Q4"
"1960",1960,"Louisiana MonroeMorehead St.11-22",2025-11-22,"nc","Morehead St.","Louisiana Monroe","OVC","SB","N","W","83-80",0.212133626535544,0.0825984021505565,0.837778001870703,0.982864894950521,0.0171351050494793,10.2,"played",NA,NA,NA,359,"Q4"
"1961",1961,"MercerEastern Kentucky11-22",2025-11-22,"nc","Eastern Kentucky","Mercer","ASun","SC","H","L","83-95",0.353630994291055,0.497972452629038,0.87694452176131,0.877817047848107,-0.877817047848107,12.3,"played",NA,NA,NA,125,"Q3"
"1962",1962,"MercerEastern Kentucky11-22",2025-11-22,"nc","Mercer","Eastern Kentucky","SC","ASun","A","W","95-83",0.497972452629038,0.353630994291055,0.789142831518436,0.872459573266937,0.127540426733063,79.5,"played",NA,NA,NA,262,"Q4"
"1963",1963,"MilwaukeeWichita St.11-22",2025-11-22,"nc","Milwaukee","Wichita St.","Horz","Amer","A","L","58-75",0.247415137782907,0.738904436061514,0.789142831518436,0.569419774868401,-0.569419774868401,40.2,"played",NA,NA,NA,95,"Q2"
"1964",1964,"MilwaukeeWichita St.11-22",2025-11-22,"nc","Wichita St.","Milwaukee","Amer","Horz","H","W","75-58",0.738904436061514,0.247415137782907,0.87694452176131,0.955902572692459,0.0440974273075413,58,"played",NA,NA,NA,233,"Q4"
"1965",1965,"MinnesotaSan Francisco11-22",2025-11-22,"nc","Minnesota","San Francisco","B10","WCC","N","L","65-77",0.789408698918946,0.673005735174101,0.837778001870703,0.715037251321477,-0.715037251321477,27.4,"played",NA,NA,NA,107,"Q3"
"1966",1966,"MinnesotaSan Francisco11-22",2025-11-22,"nc","San Francisco","Minnesota","WCC","B10","N","W","77-65",0.673005735174101,0.789408698918946,0.837778001870703,0.579427216595475,0.420572783404525,95.3,"played",NA,NA,NA,83,"Q2"
"1967",1967,"Mississippi Valley St.Cal St. Bakersfield11-22",2025-11-22,"nc","Cal St. Bakersfield","Mississippi Valley St.","BW","SWAC","H","W","86-70",0.265483872557692,0.0200041175334786,0.87694452176131,0.997143844867186,0.00285615513281423,17.6,"played",NA,NA,NA,365,"Q4"
"1968",1968,"Mississippi Valley St.Cal St. Bakersfield11-22",2025-11-22,"nc","Mississippi Valley St.","Cal St. Bakersfield","SWAC","BW","A","L","70-86",0.0200041175334786,0.265483872557692,0.789142831518436,0.911929432395944,-0.911929432395944,3.3,"played",NA,NA,NA,301,"Q4"
"1969",1969,"Nicholls St.Oklahoma St.11-22",2025-11-22,"nc","Nicholls St.","Oklahoma St.","Slnd","B12","A","L","81-95",0.298838774145833,0.819344264260517,0.789142831518436,0.452111051323319,-0.452111051323319,32.8,"played",NA,NA,NA,73,"Q1"
"1970",1970,"Nicholls St.Oklahoma St.11-22",2025-11-22,"nc","Oklahoma St.","Nicholls St.","B12","Slnd","H","W","95-81",0.819344264260517,0.298838774145833,0.87694452176131,0.943568533420601,0.0564314665793993,79.8,"played",NA,NA,NA,214,"Q4"
"1971",1971,"NJITNavy11-22",2025-11-22,"nc","Navy","NJIT","Pat","AE","H","W","86-70",0.465453988539404,0.108362596707915,0.87694452176131,0.983232201292529,0.0167677987074712,58.5,"played",NA,NA,NA,332,"Q4"
"1972",1972,"NJITNavy11-22",2025-11-22,"nc","NJIT","Navy","AE","Pat","A","L","70-86",0.108362596707915,0.465453988539404,0.789142831518436,0.811252761824176,-0.811252761824176,7,"played",NA,NA,NA,193,"Q3"
"1973",1973,"North AlabamaChattanooga11-22",2025-11-22,"nc","Chattanooga","North Alabama","SC","ASun","H","W","71-57",0.31417384513742,0.0884777145660335,0.87694452176131,0.986562452243666,0.013437547756334,41.3,"played",NA,NA,NA,335,"Q4"
"1974",1974,"North AlabamaChattanooga11-22",2025-11-22,"nc","North Alabama","Chattanooga","ASun","SC","A","L","57-71",0.0884777145660335,0.31417384513742,0.789142831518436,0.890946330891946,-0.890946330891946,5.9,"played",NA,NA,NA,280,"Q4"
"1975",1975,"North Carolina CentralDayton11-22",2025-11-22,"nc","Dayton","North Carolina Central","A10","MEAC","H","W","74-55",0.806502743818976,0.082756424692227,0.87694452176131,0.987497925961696,0.0125020740383036,85.4,"played",NA,NA,NA,344,"Q4"
"1976",1976,"North Carolina CentralDayton11-22",2025-11-22,"nc","North Carolina Central","Dayton","MEAC","A10","A","L","55-74",0.082756424692227,0.806502743818976,0.789142831518436,0.473106576585408,-0.473106576585408,6,"played",NA,NA,NA,80,"Q2"
"1977",1977,"North FloridaSouthern Miss11-22",2025-11-22,"nc","North Florida","Southern Miss","ASun","SB","N","L","83-92",0.172085072608996,0.359215678416866,0.837778001870703,0.902080437320525,-0.902080437320525,25.2,"played",NA,NA,NA,236,"Q4"
"1978",1978,"North FloridaSouthern Miss11-22",2025-11-22,"nc","Southern Miss","North Florida","SB","ASun","N","W","92-83",0.359215678416866,0.172085072608996,0.837778001870703,0.961309742175898,0.0386902578241022,25.7,"played",NA,NA,NA,341,"Q4"
"1979",1979,"Northern ColoradoPortland11-22",2025-11-22,"nc","Northern Colorado","Portland","BSky","WCC","A","W","86-80",0.441176952284647,0.553963766133518,0.789142831518436,0.750834377479532,0.249165622520468,70.9,"played",NA,NA,NA,215,"Q3"
"1980",1980,"Northern ColoradoPortland11-22",2025-11-22,"nc","Portland","Northern Colorado","WCC","BSky","H","L","80-86",0.553963766133518,0.441176952284647,0.87694452176131,0.900267043852585,-0.900267043852585,28.7,"played",NA,NA,NA,164,"Q4"
"1981",1981,"Northern IowaUC Irvine11-22",2025-11-22,"nc","Northern Iowa","UC Irvine","MVC","BW","A","W","70-69",0.62119758035374,0.71694009377673,0.789142831518436,0.596386841218079,0.403613158781921,82.6,"played",NA,NA,NA,128,"Q2"
"1982",1982,"Northern IowaUC Irvine11-22",2025-11-22,"nc","UC Irvine","Northern Iowa","BW","MVC","H","L","69-70",0.71694009377673,0.62119758035374,0.87694452176131,0.812931803778752,-0.812931803778752,46.7,"played",NA,NA,NA,102,"Q3"
"1983",1983,"Penn St.Providence11-22",2025-11-22,"nc","Penn St.","Providence","B10","BE","N","L","65-77",0.567294436595223,0.74766557249704,0.837778001870703,0.635430823679424,-0.635430823679424,46.1,"played",NA,NA,NA,89,"Q2"
"1984",1984,"Penn St.Providence11-22",2025-11-22,"nc","Providence","Penn St.","BE","B10","N","W","77-65",0.74766557249704,0.567294436595223,0.837778001870703,0.797536251982784,0.202463748017216,82,"played",NA,NA,NA,131,"Q3"
"1985",1985,"Prairie View A&MTennessee Martin11-22",2025-11-22,"nc","Prairie View A&M","Tennessee Martin","SWAC","OVC","N","L","68-69",0.223354272085083,0.300243794434033,0.837778001870703,0.923290941905105,-0.923290941905105,31.2,"played",NA,NA,NA,187,"Q3"
"1986",1986,"Prairie View A&MTennessee Martin11-22",2025-11-22,"nc","Tennessee Martin","Prairie View A&M","OVC","SWAC","N","W","69-68",0.300243794434033,0.223354272085083,0.837778001870703,0.947250661588575,0.052749338411425,21.4,"played",NA,NA,NA,296,"Q4"
"1987",1987,"UC Santa BarbaraNevada11-22",2025-11-22,"nc","Nevada","UC Santa Barbara","MWC","BW","H","W","77-64",0.843851415463164,0.483931703427263,0.87694452176131,0.883716358848983,0.116283641151017,89.2,"played",NA,NA,NA,145,"Q3"
"1988",1988,"UC Santa BarbaraNevada11-22",2025-11-22,"nc","UC Santa Barbara","Nevada","BW","MWC","A","L","64-77",0.483931703427263,0.843851415463164,0.789142831518436,0.409168925081937,-0.409168925081937,38,"played",NA,NA,NA,65,"Q1"
"1989",1989,"UMass LowellSaint Peter's11-22",2025-11-22,"nc","Saint Peter's","UMass Lowell","MAAC","AE","H","W","68-66",0.464125461254959,0.165007692678497,0.87694452176131,0.973018164018987,0.0269818359810133,23.9,"played",NA,NA,NA,319,"Q4"
"1990",1990,"UMass LowellSaint Peter's11-22",2025-11-22,"nc","UMass Lowell","Saint Peter's","AE","MAAC","A","L","66-68",0.165007692678497,0.464125461254959,0.789142831518436,0.812069164133623,-0.812069164133623,35.3,"played",NA,NA,NA,223,"Q3"
"1991",1991,"UT ArlingtonWeber St.11-22",2025-11-22,"nc","UT Arlington","Weber St.","WAC","BSky","A","W","74-73",0.429835729480134,0.519652525465715,0.789142831518436,0.775758164330446,0.224241835669554,54.8,"played",NA,NA,NA,190,"Q3"
"1992",1992,"UT ArlingtonWeber St.11-22",2025-11-22,"nc","Weber St.","UT Arlington","BSky","WAC","H","L","73-74",0.519652525465715,0.429835729480134,0.87694452176131,0.90433348387365,-0.90433348387365,40.3,"played",NA,NA,NA,123,"Q3"
"1993",1993,"UT Rio Grande ValleyMissouri St.11-22",2025-11-22,"nc","Missouri St.","UT Rio Grande Valley","CUSA","Slnd","H","W","74-67",0.618345928322213,0.397957356960562,0.87694452176131,0.915118069533995,0.0848819304660049,48.7,"played",NA,NA,NA,194,"Q4"
"1994",1994,"UT Rio Grande ValleyMissouri St.11-22",2025-11-22,"nc","UT Rio Grande Valley","Missouri St.","Slnd","CUSA","A","L","67-74",0.397957356960562,0.618345928322213,0.789142831518436,0.697882118549372,-0.697882118549372,53,"played",NA,NA,NA,191,"Q3"
"1995",1995,"VMIStetson11-22",2025-11-22,"nc","Stetson","VMI","ASun","SC","H","W","99-80",0.223300374896591,0.081180331096308,0.87694452176131,0.987753891098385,0.0122461089016148,39.4,"played",NA,NA,NA,353,"Q4"
"1996",1996,"VMIStetson11-22",2025-11-22,"nc","VMI","Stetson","SC","ASun","A","L","80-99",0.081180331096308,0.223300374896591,0.789142831518436,0.928661106603634,-0.928661106603634,3.8,"played",NA,NA,NA,327,"Q4"
"1997",1997,"WagnerGeorgetown11-22",2025-11-22,"nc","Georgetown","Wagner","BE","NEC","H","W","92-75",0.736066932523059,0.136887136003035,0.87694452176131,0.978229684731794,0.0217703152682057,64.7,"played",NA,NA,NA,324,"Q4"
"1998",1998,"WagnerGeorgetown11-22",2025-11-22,"nc","Wagner","Georgetown","NEC","BE","A","L","75-92",0.136887136003035,0.736066932523059,0.789142831518436,0.573009575192196,-0.573009575192196,19.4,"played",NA,NA,NA,118,"Q2"
"1999",1999,"Western CarolinaLipscomb11-22",2025-11-22,"nc","Lipscomb","Western Carolina","ASun","SC","H","W","83-62",0.559428391801076,0.189337564487005,0.87694452176131,0.968266322969144,0.0317336770308555,77.7,"played",NA,NA,NA,289,"Q4"
"2000",2000,"Western CarolinaLipscomb11-22",2025-11-22,"nc","Western Carolina","Lipscomb","SC","ASun","A","L","62-83",0.189337564487005,0.559428391801076,0.789142831518436,0.74666876697657,-0.74666876697657,7.9,"played",NA,NA,NA,160,"Q3"
"2001",2001,"UC MercedSaint Mary's11-22",2025-11-22,"nond1","Saint Mary's","UC Merced","WCC",NA,"H","W","42-96",NA,NA,NA,NA,0,NA,"played",NA,NA,NA,NA,NA
"2002",2002,"SchreinerSam Houston St.11-22",2025-11-22,"nond1","Sam Houston St.","Schreiner","CUSA",NA,"H","W","54-105",NA,NA,NA,NA,0,NA,"played",NA,NA,NA,NA,NA
"2003",2003,"Howard PayneTexas A&M Corpus Chris11-22",2025-11-22,"nond1","Texas A&M Corpus Chris","Howard Payne","Slnd",NA,"H","W","75-122",NA,NA,NA,NA,0,NA,"played",NA,NA,NA,NA,NA
"2004",2004,"VTSU LyndonNew Haven11-22",2025-11-22,"nond1","New Haven","VTSU Lyndon","NEC",NA,"H","W","51-122",NA,NA,NA,NA,0,NA,"played",NA,NA,NA,NA,NA
"2005",2005,"NobelSouthern Utah11-22",2025-11-22,"nond1","Southern Utah","Nobel","WAC",NA,"H","W","68-103",NA,NA,NA,NA,0,NA,"played",NA,NA,NA,NA,NA
"2006",2006,"Eastern OregonIdaho11-22",2025-11-22,"nond1","Idaho","Eastern Oregon","BSky",NA,"H","W","68-97",NA,NA,NA,NA,0,NA,"played",NA,NA,NA,NA,NA
"2007",2007,"Lancaster BibleLa Salle11-22",2025-11-22,"nond1","La Salle","Lancaster Bible","A10",NA,"H","W","46-75",NA,NA,NA,NA,0,NA,"played",NA,NA,NA,NA,NA
"2008",2008,"AkronEvansville11-23",2025-11-23,"nc","Akron","Evansville","MAC","MVC","N","W","97-59",0.801739894580337,0.251080384152787,0.837778001870703,0.939040328698692,0.0609596713013076,93.4,"played",NA,NA,NA,284,"Q4"
"2009",2009,"AkronEvansville11-23",2025-11-23,"nc","Evansville","Akron","MVC","MAC","N","L","59-97",0.251080384152787,0.801739894580337,0.837778001870703,0.560842744928798,-0.560842744928798,8.7,"played",NA,NA,NA,54,"Q2"
"2010",2010,"Alabama St.SIU Edwardsville11-23",2025-11-23,"nc","Alabama St.","SIU Edwardsville","SWAC","OVC","N","L","68-83",0.209695108403481,0.283120091682111,0.837778001870703,0.928960131184604,-0.928960131184604,11.3,"played",NA,NA,NA,255,"Q4"
"2011",2011,"Alabama St.SIU Edwardsville11-23",2025-11-23,"nc","SIU Edwardsville","Alabama St.","OVC","SWAC","N","W","83-68",0.283120091682111,0.209695108403481,0.837778001870703,0.95113300048388,0.0488669995161204,45.2,"played",NA,NA,NA,313,"Q4"
"2012",2012,"Alcorn St.Oklahoma11-23",2025-11-23,"nc","Alcorn St.","Oklahoma","SWAC","SEC","A","L","53-72",0.0996439667646336,0.795763730228384,0.789142831518436,0.489936745058446,-0.489936745058446,29,"played",NA,NA,NA,76,"Q2"
"2013",2013,"Alcorn St.Oklahoma11-23",2025-11-23,"nc","Oklahoma","Alcorn St.","SEC","SWAC","H","W","72-53",0.795763730228384,0.0996439667646336,0.87694452176131,0.984707696986526,0.0152923030134736,51.3,"played",NA,NA,NA,351,"Q4"
"2014",2014,"Arkansas Pine BluffMiami OH11-23",2025-11-23,"nc","Arkansas Pine Bluff","Miami OH","SWAC","MAC","A","L","84-111",0.210499397365107,0.813854927875804,0.789142831518436,0.461205767573537,-0.461205767573537,17.9,"played",NA,NA,NA,49,"Q1"
"2015",2015,"Arkansas Pine BluffMiami OH11-23",2025-11-23,"nc","Miami OH","Arkansas Pine Bluff","MAC","SWAC","H","W","111-84",0.813854927875804,0.210499397365107,0.87694452176131,0.963935877536827,0.0360641224631731,84.2,"played",NA,NA,NA,311,"Q4"
"2016",2016,"BinghamtonCanisius11-23",2025-11-23,"nc","Binghamton","Canisius","AE","MAAC","A","L","66-75",0.0455455848513069,0.168655818164591,0.789142831518436,0.948580548987064,-0.948580548987064,6.1,"played",NA,NA,NA,342,"Q4"
"2017",2017,"BinghamtonCanisius11-23",2025-11-23,"nc","Canisius","Binghamton","MAAC","AE","H","W","75-66",0.168655818164591,0.0455455848513069,0.87694452176131,0.993348470028501,0.00665152997149854,13.1,"played",NA,NA,NA,362,"Q4"
"2018",2018,"Boston CollegeTulane11-23",2025-11-23,"nc","Boston College","Tulane","ACC","Amer","N","L","90-93",0.532615128073303,0.419547336518336,0.837778001870703,0.877225989205865,-0.877225989205865,33.9,"played",NA,NA,NA,202,"Q4"
"2019",2019,"Boston CollegeTulane11-23",2025-11-23,"nc","Tulane","Boston College","Amer","ACC","N","W","93-90",0.419547336518336,0.532615128073303,0.837778001870703,0.819230296692392,0.180769703307608,61.7,"played",NA,NA,NA,157,"Q3"
"2020",2020,"BrownMaine11-23",2025-11-23,"nc","Brown","Maine","Ivy","AE","A","W","58-53",0.22903256495286,0.117473612685145,0.789142831518436,0.965654705788423,0.0343452942115771,48.5,"played",NA,NA,NA,343,"Q4"
"2021",2021,"BrownMaine11-23",2025-11-23,"nc","Maine","Brown","AE","Ivy","H","L","53-58",0.117473612685145,0.22903256495286,0.87694452176131,0.959982199400525,-0.959982199400525,4,"played",NA,NA,NA,275,"Q4"
"2022",2022,"BryantConnecticut11-23",2025-11-23,"nc","Bryant","Connecticut","AE","BE","A","L","49-72",0.0698036017290083,0.972195245967499,0.789142831518436,0.0966876003580351,-0.0966876003580351,31.8,"played",NA,NA,NA,8,"Q1"
"2023",2023,"BryantConnecticut11-23",2025-11-23,"nc","Connecticut","Bryant","BE","AE","H","W","72-49",0.972195245967499,0.0698036017290083,0.87694452176131,0.989579639055569,0.0104203609444309,84.9,"played",NA,NA,NA,345,"Q4"
"2024",2024,"ButlerVirginia11-23",2025-11-23,"nc","Butler","Virginia","BE","ACC","N","W","80-73",0.814844346586787,0.956944349895441,0.837778001870703,0.188549261090899,0.811450738909101,98.6,"played",NA,NA,NA,13,"Q1"
"2025",2025,"ButlerVirginia11-23",2025-11-23,"nc","Virginia","Butler","ACC","BE","N","L","73-80",0.956944349895441,0.814844346586787,0.837778001870703,0.539911686835231,-0.539911686835231,58.9,"played",NA,NA,NA,48,"Q1"
"2026",2026,"Cal St. FullertonNorthern Colorado11-23",2025-11-23,"nc","Cal St. Fullerton","Northern Colorado","BW","BSky","N","L","93-97",0.406737405024328,0.521395480678697,0.837778001870703,0.82580066612742,-0.82580066612742,37,"played",NA,NA,NA,164,"Q3"
"2027",2027,"Cal St. FullertonNorthern Colorado11-23",2025-11-23,"nc","Northern Colorado","Cal St. Fullerton","BSky","BW","N","W","97-93",0.521395480678697,0.406737405024328,0.837778001870703,0.882804132583676,0.117195867416324,56,"played",NA,NA,NA,200,"Q3"
"2028",2028,"CharlestonYale11-23",2025-11-23,"nc","Charleston","Yale","CAA","Ivy","N","L","63-74",0.440586090196801,0.76078009046578,0.837778001870703,0.618886887141894,-0.618886887141894,27,"played",NA,NA,NA,61,"Q2"
"2029",2029,"CharlestonYale11-23",2025-11-23,"nc","Yale","Charleston","Ivy","CAA","N","W","74-63",0.76078009046578,0.440586090196801,0.837778001870703,0.8676767193058,0.132323280694201,87.1,"played",NA,NA,NA,175,"Q3"
"2030",2030,"ClemsonGeorgia11-23",2025-11-23,"nc","Clemson","Georgia","ACC","SEC","N","W","97-94",0.915806795624262,0.887682411226931,0.837778001870703,0.395202316730509,0.604797683269491,90.2,"played",NA,NA,NA,24,"Q1"
"2031",2031,"ClemsonGeorgia11-23",2025-11-23,"nc","Georgia","Clemson","SEC","ACC","N","L","94-97",0.887682411226931,0.915806795624262,0.837778001870703,0.321932746384448,-0.321932746384448,90.3,"played",NA,NA,NA,32,"Q1"
"2032",2032,"Coastal CarolinaIllinois St.11-23",2025-11-23,"nc","Coastal Carolina","Illinois St.","SB","MVC","A","L","42-94",0.252170326443001,0.816126473444108,0.789142831518436,0.457464356306282,-0.457464356306282,0.2,"played",NA,NA,NA,79,"Q2"
"2033",2033,"Coastal CarolinaIllinois St.11-23",2025-11-23,"nc","Illinois St.","Coastal Carolina","MVC","SB","H","W","94-42",0.816126473444108,0.252170326443001,0.87694452176131,0.954820456841901,0.0451795431580991,99.9,"played",NA,NA,NA,235,"Q4"
"2034",2034,"DavidsonUtah St.11-23",2025-11-23,"nc","Davidson","Utah St.","A10","MWC","N","L","60-94",0.620201762192274,0.886014120583521,0.837778001870703,0.399182884998463,-0.399182884998463,11.4,"played",NA,NA,NA,25,"Q1"
"2035",2035,"DavidsonUtah St.11-23",2025-11-23,"nc","Utah St.","Davidson","MWC","A10","N","W","94-60",0.886014120583521,0.620201762192274,0.837778001870703,0.75976338317227,0.240236616827729,99,"played",NA,NA,NA,119,"Q3"
"2036",2036,"Delaware St.Miami FL11-23",2025-11-23,"nc","Delaware St.","Miami FL","MEAC","ACC","A","L","41-97",0.0497573037483458,0.882624997146115,0.789142831518436,0.332309029138053,-0.332309029138053,0.2,"played",NA,NA,NA,37,"Q1"
"2037",2037,"Delaware St.Miami FL11-23",2025-11-23,"nc","Miami FL","Delaware St.","ACC","MEAC","H","W","97-41",0.882624997146115,0.0497573037483458,0.87694452176131,0.99270589963853,0.00729410036147027,99.4,"played",NA,NA,NA,358,"Q4"
"2038",2038,"DelawareSouthern Illinois11-23",2025-11-23,"nc","Delaware","Southern Illinois","CUSA","MVC","N","L","59-79",0.228800576154043,0.509727969746988,0.837778001870703,0.832419209511649,-0.832419209511649,5.6,"played",NA,NA,NA,143,"Q3"
"2039",2039,"DelawareSouthern Illinois11-23",2025-11-23,"nc","Southern Illinois","Delaware","MVC","CUSA","N","W","79-59",0.509727969746988,0.228800576154043,0.837778001870703,0.945673416722441,0.0543265832775591,84,"played",NA,NA,NA,300,"Q4"
"2040",2040,"Detroit MercyDePaul11-23",2025-11-23,"nc","DePaul","Detroit Mercy","BE","Horz","H","W","95-75",0.723148523927946,0.268076298487336,0.87694452176131,0.951117264043805,0.0488827359561953,74.1,"played",NA,NA,NA,273,"Q4"
"2041",2041,"Detroit MercyDePaul11-23",2025-11-23,"nc","Detroit Mercy","DePaul","Horz","BE","A","L","75-95",0.268076298487336,0.723148523927946,0.789142831518436,0.588951567067976,-0.588951567067976,25,"played",NA,NA,NA,113,"Q2"
"2042",2042,"Eastern WashingtonCentral Arkansas11-23",2025-11-23,"nc","Central Arkansas","Eastern Washington","ASun","BSky","H","W","92-65",0.578184355364173,0.310791476526984,0.87694452176131,0.940488514720462,0.0595114852795378,97.1,"played",NA,NA,NA,254,"Q4"
"2043",2043,"Eastern WashingtonCentral Arkansas11-23",2025-11-23,"nc","Eastern Washington","Central Arkansas","BSky","ASun","A","L","65-92",0.310791476526984,0.578184355364173,0.789142831518436,0.73193102040683,-0.73193102040683,1.8,"played",NA,NA,NA,206,"Q3"
"2044",2044,"George WashingtonMcNeese St.11-23",2025-11-23,"nc","George Washington","McNeese St.","A10","Slnd","N","L","86-92",0.750489645507637,0.7483319043941,0.837778001870703,0.634611523672996,-0.634611523672996,52.1,"played",NA,NA,NA,57,"Q2"
"2045",2045,"George WashingtonMcNeese St.11-23",2025-11-23,"nc","McNeese St.","George Washington","Slnd","A10","N","W","92-86",0.7483319043941,0.750489645507637,0.837778001870703,0.631943133406867,0.368056866593133,89.2,"played",NA,NA,NA,75,"Q2"
"2046",2046,"HowardDuke11-23",2025-11-23,"nc","Duke","Howard","ACC","MEAC","H","W","93-56",0.967169328775528,0.233389525482971,0.87694452176131,0.95902984853669,0.0409701514633097,99.2,"played",NA,NA,NA,252,"Q4"
"2047",2047,"HowardDuke11-23",2025-11-23,"nc","Howard","Duke","MEAC","ACC","A","L","56-93",0.233389525482971,0.967169328775528,0.789142831518436,0.1127209681814,-0.1127209681814,6.5,"played",NA,NA,NA,2,"Q1"
"2048",2048,"IU IndyAir Force11-23",2025-11-23,"nc","Air Force","IU Indy","MWC","Horz","H","W","98-85",0.183685442633759,0.178820401046325,0.87694452176131,0.970349240873804,0.0296507591261961,36.6,"played",NA,NA,NA,310,"Q4"
"2049",2049,"IU IndyAir Force11-23",2025-11-23,"nc","IU Indy","Air Force","Horz","MWC","A","L","85-98",0.178820401046325,0.183685442633759,0.789142831518436,0.943285622791657,-0.943285622791657,7.8,"played",NA,NA,NA,336,"Q4"
"2050",2050,"LamarMontana11-23",2025-11-23,"nc","Lamar","Montana","Slnd","BSky","A","W","68-63",0.29006579149575,0.633343943366853,0.789142831518436,0.68420773286188,0.31579226713812,71.7,"played",NA,NA,NA,163,"Q3"
"2051",2051,"LamarMontana11-23",2025-11-23,"nc","Montana","Lamar","BSky","Slnd","H","L","63-68",0.633343943366853,0.29006579149575,0.87694452176131,0.945775529853966,-0.945775529853966,21.8,"played",NA,NA,NA,220,"Q4"
"2052",2052,"LongwoodColumbia11-23",2025-11-23,"nc","Columbia","Longwood","Ivy","BSth","H","W","95-70",0.567588970085062,0.192892523448795,0.87694452176131,0.967552055004814,0.0324479449951863,83.4,"played",NA,NA,NA,271,"Q4"
"2053",2053,"LongwoodColumbia11-23",2025-11-23,"nc","Longwood","Columbia","BSth","Ivy","A","L","70-95",0.192892523448795,0.567588970085062,0.789142831518436,0.740341726214311,-0.740341726214311,5.9,"played",NA,NA,NA,151,"Q3"
"2054",2054,"Louisiana MonroeEast Tennessee St.11-23",2025-11-23,"nc","East Tennessee St.","Louisiana Monroe","SC","SB","H","W","97-55",0.607991931766003,0.0612505362259951,0.87694452176131,0.990927418635129,0.0090725813648711,92.5,"played",NA,NA,NA,359,"Q4"
"2055",2055,"Louisiana MonroeEast Tennessee St.11-23",2025-11-23,"nc","Louisiana Monroe","East Tennessee St.","SB","SC","A","L","55-97",0.0612505362259951,0.607991931766003,0.789142831518436,0.707006029827842,-0.707006029827842,0.8,"played",NA,NA,NA,129,"Q2"
"2056",2056,"MercyhurstMarshall11-23",2025-11-23,"nc","Marshall","Mercyhurst","SB","NEC","H","W","69-60",0.564591704093553,0.197715059489074,0.87694452176131,0.966574696119011,0.0334253038809886,51.8,"played",NA,NA,NA,290,"Q4"
"2057",2057,"MercyhurstMarshall11-23",2025-11-23,"nc","Mercyhurst","Marshall","NEC","SB","A","L","60-69",0.197715059489074,0.564591704093553,0.789142831518436,0.74268055731084,-0.74268055731084,22.9,"played",NA,NA,NA,138,"Q3"
"2058",2058,"Middle TennesseeMurray St.11-23",2025-11-23,"nc","Middle Tennessee","Murray St.","CUSA","MVC","N","W","90-87",0.690125648599042,0.706574138306363,0.837778001870703,0.682001299672887,0.317998700327113,79.7,"played",NA,NA,NA,74,"Q2"
"2059",2059,"Middle TennesseeMurray St.11-23",2025-11-23,"nc","Murray St.","Middle Tennessee","MVC","CUSA","N","L","87-90",0.706574138306363,0.690125648599042,0.837778001870703,0.698692756558597,-0.698692756558597,57.7,"played",NA,NA,NA,111,"Q3"
"2060",2060,"Mount St. Mary'sWestern Michigan11-23",2025-11-23,"nc","Mount St. Mary's","Western Michigan","MAAC","MAC","A","L","60-83",0.171353269912124,0.39706717406787,0.789142831518436,0.850365000236185,-0.850365000236185,4.2,"played",NA,NA,NA,256,"Q4"
"2061",2061,"Mount St. Mary'sWestern Michigan11-23",2025-11-23,"nc","Western Michigan","Mount St. Mary's","MAC","MAAC","H","W","83-60",0.39706717406787,0.171353269912124,0.87694452176131,0.97180128755884,0.0281987124411597,75.5,"played",NA,NA,NA,304,"Q4"
"2062",2062,"Norfolk St.Wyoming11-23",2025-11-23,"nc","Norfolk St.","Wyoming","MEAC","MWC","A","L","67-75",0.12516166540671,0.76314542480965,0.789142831518436,0.53737119837597,-0.53737119837597,25,"played",NA,NA,NA,100,"Q2"
"2063",2063,"Norfolk St.Wyoming11-23",2025-11-23,"nc","Wyoming","Norfolk St.","MWC","MEAC","H","W","75-67",0.76314542480965,0.12516166540671,0.87694452176131,0.980319327860556,0.019680672139444,58.1,"played",NA,NA,NA,303,"Q4"
"2064",2064,"North DakotaWestern Illinois11-23",2025-11-23,"nc","North Dakota","Western Illinois","Sum","OVC","A","W","78-69",0.215415619860043,0.107692571655567,0.789142831518436,0.968759361171826,0.0312406388281743,16.7,"played",NA,NA,NA,356,"Q4"
"2065",2065,"North DakotaWestern Illinois11-23",2025-11-23,"nc","Western Illinois","North Dakota","OVC","Sum","H","L","69-78",0.107692571655567,0.215415619860043,0.87694452176131,0.962902167938933,-0.962902167938933,14.2,"played",NA,NA,NA,282,"Q4"
"2066",2066,"North FloridaPrairie View A&M11-23",2025-11-23,"nc","North Florida","Prairie View A&M","ASun","SWAC","N","L","82-85",0.172085072608996,0.223354272085083,0.837778001870703,0.947250661588575,-0.947250661588575,24.8,"played",NA,NA,NA,296,"Q4"
"2067",2067,"North FloridaPrairie View A&M11-23",2025-11-23,"nc","Prairie View A&M","North Florida","SWAC","ASun","N","W","85-82",0.223354272085083,0.172085072608996,0.837778001870703,0.961309742175898,0.0386902578241022,15.3,"played",NA,NA,NA,341,"Q4"
"2068",2068,"NorthwesternSouth Carolina11-23",2025-11-23,"nc","Northwestern","South Carolina","B10","SEC","N","W","79-77",0.802083029446983,0.764768275324191,0.837778001870703,0.613674790929762,0.386325209070238,84.7,"played",NA,NA,NA,85,"Q2"
"2069",2069,"NorthwesternSouth Carolina11-23",2025-11-23,"nc","South Carolina","Northwestern","SEC","B10","N","L","77-79",0.764768275324191,0.802083029446983,0.837778001870703,0.560310640036474,-0.560310640036474,70.4,"played",NA,NA,NA,69,"Q2"
"2070",2070,"Old DominionDrexel11-23",2025-11-23,"nc","Drexel","Old Dominion","CAA","SB","H","W","75-71",0.506908140029048,0.270343466440864,0.87694452176131,0.950578683851748,0.0494213161482524,38,"played",NA,NA,NA,250,"Q4"
"2071",2071,"Old DominionDrexel11-23",2025-11-23,"nc","Old Dominion","Drexel","SB","CAA","A","L","71-75",0.270343466440864,0.506908140029048,0.789142831518436,0.78450783990208,-0.78450783990208,38.3,"played",NA,NA,NA,211,"Q3"
"2072",2072,"QueensFurman11-23",2025-11-23,"nc","Furman","Queens","SC","ASun","H","W","90-79",0.548536258475982,0.358618140773719,0.87694452176131,0.927248717001686,0.0727512829983142,81.2,"played",NA,NA,NA,183,"Q4"
"2073",2073,"QueensFurman11-23",2025-11-23,"nc","Queens","Furman","ASun","SC","A","L","79-90",0.358618140773719,0.548536258475982,0.789142831518436,0.754916473669213,-0.754916473669213,13.6,"played",NA,NA,NA,189,"Q3"
"2074",2074,"QuinnipiacPittsburgh11-23",2025-11-23,"nc","Pittsburgh","Quinnipiac","ACC","MAAC","H","L","75-83",0.730765128903465,0.407246884569133,0.87694452176131,0.912069287849074,-0.912069287849074,17.5,"played",NA,NA,NA,184,"Q4"
"2075",2075,"QuinnipiacPittsburgh11-23",2025-11-23,"nc","Quinnipiac","Pittsburgh","MAAC","ACC","A","W","83-75",0.407246884569133,0.730765128903465,0.789142831518436,0.579630896823016,0.420369103176984,89.8,"played",NA,NA,NA,121,"Q2"
"2076",2076,"Robert MorrisMonmouth11-23",2025-11-23,"nc","Monmouth","Robert Morris","CAA","Horz","H","W","71-70",0.470690741874601,0.360345110834765,0.87694452176131,0.926741135334995,0.0732588646650051,35.6,"played",NA,NA,NA,186,"Q4"
"2077",2077,"Robert MorrisMonmouth11-23",2025-11-23,"nc","Robert Morris","Monmouth","Horz","CAA","A","L","70-71",0.360345110834765,0.470690741874601,0.789142831518436,0.808011054668748,-0.808011054668748,47.6,"played",NA,NA,NA,204,"Q3"
"2078",2078,"South Carolina St.South Dakota11-23",2025-11-23,"nc","South Carolina St.","South Dakota","MEAC","Sum","A","L","81-82",0.0507325033248179,0.342292200243587,0.789142831518436,0.877918226219965,-0.877918226219965,15.1,"played",NA,NA,NA,272,"Q4"
"2079",2079,"South Carolina St.South Dakota11-23",2025-11-23,"nc","South Dakota","South Carolina St.","Sum","MEAC","H","W","82-81",0.342292200243587,0.0507325033248179,0.87694452176131,0.992556422425133,0.00744357757486747,13.5,"played",NA,NA,NA,360,"Q4"
"2080",2080,"Southern MissTennessee Martin11-23",2025-11-23,"nc","Southern Miss","Tennessee Martin","SB","OVC","N","W","70-60",0.359215678416866,0.300243794434033,0.837778001870703,0.923290941905105,0.0767090580948951,89.8,"played",NA,NA,NA,187,"Q3"
"2081",2081,"Southern MissTennessee Martin11-23",2025-11-23,"nc","Tennessee Martin","Southern Miss","OVC","SB","N","L","60-70",0.300243794434033,0.359215678416866,0.837778001870703,0.902080437320525,-0.902080437320525,2.7,"played",NA,NA,NA,236,"Q4"
"2082",2082,"St. ThomasPortland11-23",2025-11-23,"nc","Portland","St. Thomas","WCC","Sum","H","L","66-76",0.553963766133518,0.564022211588619,0.87694452176131,0.846356554376,-0.846356554376,22.7,"played",NA,NA,NA,116,"Q3"
"2083",2083,"St. ThomasPortland11-23",2025-11-23,"nc","St. Thomas","Portland","Sum","WCC","A","W","76-66",0.564022211588619,0.553963766133518,0.789142831518436,0.750834377479532,0.249165622520468,84.6,"played",NA,NA,NA,215,"Q3"
"2084",2084,"UNC GreensboroYoungstown St.11-23",2025-11-23,"nc","UNC Greensboro","Youngstown St.","SC","Horz","N","W","68-62",0.221383159330961,0.466495197204663,0.837778001870703,0.855203202748743,0.144796797251257,40.4,"played",NA,NA,NA,221,"Q4"
"2085",2085,"UNC GreensboroYoungstown St.11-23",2025-11-23,"nc","Youngstown St.","UNC Greensboro","Horz","SC","N","L","62-68",0.466495197204663,0.221383159330961,0.837778001870703,0.947817337924864,-0.947817337924864,26.9,"played",NA,NA,NA,295,"Q4"
"2086",2086,"West GeorgiaGeorgia Tech11-23",2025-11-23,"nc","Georgia Tech","West Georgia","ACC","ASun","H","W","82-66",0.649662104684215,0.124454025605907,0.87694452176131,0.980443929756687,0.0195560702433134,38.6,"played",NA,NA,NA,322,"Q4"
"2087",2087,"West GeorgiaGeorgia Tech11-23",2025-11-23,"nc","West Georgia","Georgia Tech","ASun","ACC","A","L","66-82",0.124454025605907,0.649662104684215,0.789142831518436,0.668678034087465,-0.668678034087465,29.6,"played",NA,NA,NA,146,"Q3"
"2088",2088,"West VirginiaXavier11-23",2025-11-23,"nc","West Virginia","Xavier","B12","BE","N","L","68-78",0.830601331485169,0.719999033844389,0.837778001870703,0.667595661633149,-0.667595661633149,46.4,"played",NA,NA,NA,94,"Q2"
"2089",2089,"West VirginiaXavier11-23",2025-11-23,"nc","Xavier","West Virginia","BE","B12","N","W","78-68",0.719999033844389,0.830601331485169,0.837778001870703,0.512970185381226,0.487029814618774,93.6,"played",NA,NA,NA,59,"Q2"
"2090",2090,"WinthropJackson St.11-23",2025-11-23,"nc","Jackson St.","Winthrop","SWAC","BSth","H","L","62-80",0.203615154509213,0.429719171865507,0.87694452176131,0.904374623248957,-0.904374623248957,7.8,"played",NA,NA,NA,130,"Q3"
"2091",2091,"WinthropJackson St.11-23",2025-11-23,"nc","Winthrop","Jackson St.","BSth","SWAC","A","W","80-62",0.429719171865507,0.203615154509213,0.789142831518436,0.936052982067883,0.0639470179321173,69.6,"played",NA,NA,NA,347,"Q4"
"2092",2092,"ShawCharlotte11-23",2025-11-23,"nond1","Charlotte","Shaw","Amer",NA,"H","W","79-83",NA,NA,NA,NA,0,NA,"played",NA,NA,NA,NA,NA
"2093",2093,"Abilene ChristianUTSA11-24",2025-11-24,"nc","Abilene Christian","UTSA","WAC","Amer","N","W","61-50",0.321504387930561,0.0887714660634557,0.837778001870703,0.981485551240978,0.0185144487590216,48.8,"played",NA,NA,NA,349,"Q4"
"2094",2094,"Abilene ChristianUTSA11-24",2025-11-24,"nc","UTSA","Abilene Christian","Amer","WAC","N","L","50-61",0.0887714660634557,0.321504387930561,0.837778001870703,0.91595802903867,-0.91595802903867,4.6,"played",NA,NA,NA,241,"Q4"
"2095",2095,"AkronYale11-24",2025-11-24,"nc","Akron","Yale","MAC","Ivy","N","L","94-97",0.801739894580337,0.76078009046578,0.837778001870703,0.618886887141894,-0.618886887141894,59.6,"played",NA,NA,NA,61,"Q2"
"2096",2096,"AkronYale11-24",2025-11-24,"nc","Yale","Akron","Ivy","MAC","N","W","97-94",0.76078009046578,0.801739894580337,0.837778001870703,0.560842744928798,0.439157255071202,89.7,"played",NA,NA,NA,54,"Q2"
"2097",2097,"AlabamaGonzaga11-24",2025-11-24,"nc","Alabama","Gonzaga","SEC","WCC","N","L","85-95",0.938193054731862,0.953797375405029,0.837778001870703,0.200106758650461,-0.200106758650461,91.1,"played",NA,NA,NA,4,"Q1"
"2098",2098,"AlabamaGonzaga11-24",2025-11-24,"nc","Gonzaga","Alabama","WCC","SEC","N","W","95-85",0.953797375405029,0.938193054731862,0.837778001870703,0.253855777846417,0.746144222153583,96.9,"played",NA,NA,NA,19,"Q1"
"2099",2099,"Arizona St.Texas11-24",2025-11-24,"nc","Arizona St.","Texas","B12","SEC","N","W","87-86",0.701699555932265,0.850832274697161,0.837778001870703,0.475181344456037,0.524818655543963,84.1,"played",NA,NA,NA,43,"Q1"
"2100",2100,"Arizona St.Texas11-24",2025-11-24,"nc","Texas","Arizona St.","SEC","B12","N","L","86-87",0.850832274697161,0.701699555932265,0.837778001870703,0.687054216277166,-0.687054216277166,71.7,"played",NA,NA,NA,93,"Q2"
"2101",2101,"AuburnOregon11-24",2025-11-24,"nc","Auburn","Oregon","SEC","B10","N","W","84-73",0.885700111602542,0.75906400244933,0.837778001870703,0.621103022397128,0.378896977602872,90.2,"played",NA,NA,NA,104,"Q3"
"2102",2102,"AuburnOregon11-24",2025-11-24,"nc","Oregon","Auburn","B10","SEC","N","L","73-84",0.75906400244933,0.885700111602542,0.837778001870703,0.399927925093432,-0.399927925093432,72.7,"played",NA,NA,NA,34,"Q1"
"2103",2103,"BaylorCreighton11-24",2025-11-24,"nc","Baylor","Creighton","B12","BE","N","W","81-74",0.797816469804423,0.808830481748804,0.837778001870703,0.549675236375399,0.450324763624601,93.2,"played",NA,NA,NA,58,"Q2"
"2104",2104,"BaylorCreighton11-24",2025-11-24,"nc","Creighton","Baylor","BE","B12","N","L","74-81",0.808830481748804,0.797816469804423,0.837778001870703,0.566868177066302,-0.566868177066302,54.8,"played",NA,NA,NA,53,"Q2"
"2105",2105,"BellarmineThe Citadel11-24",2025-11-24,"nc","Bellarmine","The Citadel","ASun","SC","A","W","70-58",0.146521869965627,0.140154923802397,0.789142831518436,0.958264437000095,0.0417355629999049,49.6,"played",NA,NA,NA,350,"Q4"
"2106",2106,"BellarmineThe Citadel11-24",2025-11-24,"nc","The Citadel","Bellarmine","SC","ASun","H","L","58-70",0.140154923802397,0.146521869965627,0.87694452176131,0.976476566376086,-0.976476566376086,2.8,"played",NA,NA,NA,291,"Q4"
"2107",2107,"BelmontSaint Francis11-24",2025-11-24,"nc","Belmont","Saint Francis","MVC","NEC","N","W","94-57",0.751068993936056,0.0891066548114456,0.837778001870703,0.981410231316293,0.0185897686837069,87.7,"played",NA,NA,NA,354,"Q4"
"2108",2108,"BelmontSaint Francis11-24",2025-11-24,"nc","Saint Francis","Belmont","NEC","MVC","N","L","57-94",0.0891066548114456,0.751068993936056,0.837778001870703,0.631222667151222,-0.631222667151222,4,"played",NA,NA,NA,64,"Q2"
"2109",2109,"Bethune CookmanJacksonville11-24",2025-11-24,"nc","Bethune Cookman","Jacksonville","SWAC","ASun","N","L","64-69",0.317077913824411,0.210543729432417,0.837778001870703,0.950894798400007,-0.950894798400007,17.5,"played",NA,NA,NA,293,"Q4"
"2110",2110,"Bethune CookmanJacksonville11-24",2025-11-24,"nc","Jacksonville","Bethune Cookman","ASun","SWAC","N","W","69-64",0.210543729432417,0.317077913824411,0.837778001870703,0.917512591323184,0.0824874086768161,36.8,"played",NA,NA,NA,268,"Q4"
"2111",2111,"Boise St.USC11-24",2025-11-24,"nc","Boise St.","USC","MWC","B10","N","L","67-70",0.779659988818291,0.805319638928203,0.837778001870703,0.555250255098936,-0.555250255098936,70.5,"played",NA,NA,NA,56,"Q2"
"2112",2112,"Boise St.USC11-24",2025-11-24,"nc","USC","Boise St.","B10","MWC","N","W","70-67",0.805319638928203,0.779659988818291,0.837778001870703,0.593415087965661,0.406584912034339,85.9,"played",NA,NA,NA,71,"Q2"
"2113",2113,"Bowling GreenBucknell11-24",2025-11-24,"nc","Bowling Green","Bucknell","MAC","Pat","N","W","71-66",0.648152559371814,0.167417621441543,0.837778001870703,0.962522913312806,0.0374770866871942,44.1,"played",NA,NA,NA,333,"Q4"
"2114",2114,"Bowling GreenBucknell11-24",2025-11-24,"nc","Bucknell","Bowling Green","Pat","MAC","N","L","66-71",0.167417621441543,0.648152559371814,0.837778001870703,0.737082391143838,-0.737082391143838,32,"played",NA,NA,NA,101,"Q3"
"2115",2115,"BradleyPrinceton11-24",2025-11-24,"nc","Bradley","Princeton","MVC","Ivy","N","W","88-64",0.552773882823195,0.374140326657445,0.837778001870703,0.896254408598994,0.103745591401006,87.7,"played",NA,NA,NA,239,"Q4"
"2116",2116,"BradleyPrinceton11-24",2025-11-24,"nc","Princeton","Bradley","Ivy","MVC","N","L","64-88",0.374140326657445,0.552773882823195,0.837778001870703,0.806886153412191,-0.806886153412191,9.4,"played",NA,NA,NA,124,"Q3"
"2117",2117,"BuffaloVMI11-24",2025-11-24,"nc","Buffalo","VMI","MAC","SC","N","W","78-70",0.466238321418225,0.108670301644398,0.837778001870703,0.976936789966572,0.0230632100334283,19.5,"played",NA,NA,NA,353,"Q4"
"2118",2118,"BuffaloVMI11-24",2025-11-24,"nc","VMI","Buffalo","SC","MAC","N","L","70-78",0.108670301644398,0.466238321418225,0.837778001870703,0.855330970648258,-0.855330970648258,30.5,"played",NA,NA,NA,165,"Q3"
"2119",2119,"Cal PolyNorthern Arizona11-24",2025-11-24,"nc","Cal Poly","Northern Arizona","BW","BSky","A","L","87-93",0.22558726115521,0.24304227579025,0.789142831518436,0.920987351691882,-0.920987351691882,18.2,"played",NA,NA,NA,318,"Q4"
"2120",2120,"Cal PolyNorthern Arizona11-24",2025-11-24,"nc","Northern Arizona","Cal Poly","BSky","BW","H","W","93-87",0.24304227579025,0.22558726115521,0.87694452176131,0.960729012486904,0.0392709875130959,29.6,"played",NA,NA,NA,257,"Q4"
"2121",2121,"CharlestonEvansville11-24",2025-11-24,"nc","Charleston","Evansville","CAA","MVC","N","W","78-59",0.440586090196801,0.251080384152787,0.837778001870703,0.939040328698692,0.0609596713013076,87.5,"played",NA,NA,NA,284,"Q4"
"2122",2122,"CharlestonEvansville11-24",2025-11-24,"nc","Evansville","Charleston","MVC","CAA","N","L","59-78",0.251080384152787,0.440586090196801,0.837778001870703,0.8676767193058,-0.8676767193058,3.6,"played",NA,NA,NA,175,"Q3"
"2123",2123,"DenverArizona11-24",2025-11-24,"nc","Arizona","Denver","B12","Sum","H","W","103-73",0.977752465301565,0.263838573314094,0.87694452176131,0.952116681640977,0.0478833183590227,95.9,"played",NA,NA,NA,251,"Q4"
"2124",2124,"DenverArizona11-24",2025-11-24,"nc","Denver","Arizona","Sum","B12","A","L","73-103",0.263838573314094,0.977752465301565,0.789142831518436,0.0784743366007909,-0.0784743366007909,40.4,"played",NA,NA,NA,3,"Q1"
"2125",2125,"East Texas A&MFairleigh Dickinson11-24",2025-11-24,"nc","East Texas A&M","Fairleigh Dickinson","Slnd","NEC","A","W","70-65",0.215264103557443,0.183963005479034,0.789142831518436,0.943186569817656,0.0568134301823435,17.5,"played",NA,NA,NA,339,"Q4"
"2126",2126,"East Texas A&MFairleigh Dickinson11-24",2025-11-24,"nc","Fairleigh Dickinson","East Texas A&M","NEC","Slnd","H","L","65-70",0.183963005479034,0.215264103557443,0.87694452176131,0.962934186645948,-0.962934186645948,22.6,"played",NA,NA,NA,277,"Q4"
"2127",2127,"Eastern KentuckyNorthern Kentucky11-24",2025-11-24,"nc","Eastern Kentucky","Northern Kentucky","ASun","Horz","A","L","71-82",0.223192376556858,0.56588651357836,0.789142831518436,0.741672343161317,-0.741672343161317,27.3,"played",NA,NA,NA,177,"Q3"
"2128",2128,"Eastern KentuckyNorthern Kentucky11-24",2025-11-24,"nc","Northern Kentucky","Eastern Kentucky","Horz","ASun","H","W","82-71",0.56588651357836,0.223192376556858,0.87694452176131,0.961244908789494,0.0387550912105064,50,"played",NA,NA,NA,262,"Q4"
"2129",2129,"Eastern MichiganLouisville11-24",2025-11-24,"nc","Eastern Michigan","Louisville","MAC","ACC","A","L","46-87",0.375757933331981,0.960766906153242,0.789142831518436,0.132567603493666,-0.132567603493666,7.3,"played",NA,NA,NA,15,"Q1"
"2130",2130,"Eastern MichiganLouisville11-24",2025-11-24,"nc","Louisville","Eastern Michigan","ACC","MAC","H","W","87-46",0.960766906153242,0.375757933331981,0.87694452176131,0.922112482630347,0.0778875173696529,99.5,"played",NA,NA,NA,179,"Q4"
"2131",2131,"ElonAppalachian St.11-24",2025-11-24,"nc","Appalachian St.","Elon","SB","CAA","H","L","53-88",0.475354481792086,0.417238728194965,0.87694452176131,0.908705250541613,-0.908705250541613,0.8,"played",NA,NA,NA,168,"Q4"
"2132",2132,"ElonAppalachian St.11-24",2025-11-24,"nc","Elon","Appalachian St.","CAA","SB","A","W","88-53",0.417238728194965,0.475354481792086,0.789142831518436,0.805091918259702,0.194908081740298,98.7,"played",NA,NA,NA,212,"Q3"
"2133",2133,"Florida AtlanticLoyola Marymount11-24",2025-11-24,"nc","Florida Atlantic","Loyola Marymount","Amer","WCC","N","W","76-65",0.736180651695224,0.489110133573657,0.837778001870703,0.843612155149578,0.156387844850422,84.8,"played",NA,NA,NA,170,"Q3"
"2134",2134,"Florida AtlanticLoyola Marymount11-24",2025-11-24,"nc","Loyola Marymount","Florida Atlantic","WCC","Amer","N","L","65-76",0.489110133573657,0.736180651695224,0.837778001870703,0.64921181114253,-0.64921181114253,32.4,"played",NA,NA,NA,91,"Q2"
"2135",2135,"George MasonOhio11-24",2025-11-24,"nc","George Mason","Ohio","A10","MAC","N","W","92-69",0.695144065715496,0.372376114597062,0.837778001870703,0.896953536121847,0.103046463878153,95.9,"played",NA,NA,NA,216,"Q4"
"2136",2136,"George MasonOhio11-24",2025-11-24,"nc","Ohio","George Mason","MAC","A10","N","L","69-92",0.372376114597062,0.695144065715496,0.837778001870703,0.693707016937464,-0.693707016937464,5.4,"played",NA,NA,NA,63,"Q2"
"2137",2137,"George WashingtonMiddle Tennessee11-24",2025-11-24,"nc","George Washington","Middle Tennessee","A10","CUSA","N","W","92-79",0.750489645507637,0.690125648599042,0.837778001870703,0.698692756558597,0.301307243441403,93.4,"played",NA,NA,NA,111,"Q3"
"2138",2138,"George WashingtonMiddle Tennessee11-24",2025-11-24,"nc","Middle Tennessee","George Washington","CUSA","A10","N","L","79-92",0.690125648599042,0.750489645507637,0.837778001870703,0.631943133406867,-0.631943133406867,32.3,"played",NA,NA,NA,75,"Q2"
"2139",2139,"Georgia SouthernYoungstown St.11-24",2025-11-24,"nc","Georgia Southern","Youngstown St.","SB","Horz","N","L","61-67",0.32597517745112,0.466495197204663,0.837778001870703,0.855203202748743,-0.855203202748743,22.3,"played",NA,NA,NA,221,"Q4"
"2140",2140,"Georgia SouthernYoungstown St.11-24",2025-11-24,"nc","Youngstown St.","Georgia Southern","Horz","SB","N","W","67-61",0.466495197204663,0.32597517745112,0.837778001870703,0.914372621672272,0.0856273783277284,59.6,"played",NA,NA,NA,243,"Q4"
"2141",2141,"Grambling St.UC Riverside11-24",2025-11-24,"nc","Grambling St.","UC Riverside","SWAC","BW","A","L","74-83",0.233559697555641,0.32462968162574,0.789142831518436,0.886184093747293,-0.886184093747293,21.5,"played",NA,NA,NA,283,"Q4"
"2142",2142,"Grambling St.UC Riverside11-24",2025-11-24,"nc","UC Riverside","Grambling St.","BW","SWAC","H","W","83-74",0.32462968162574,0.233559697555641,0.87694452176131,0.958992470941088,0.0410075290589117,34.9,"played",NA,NA,NA,266,"Q4"
"2143",2143,"Green BayIona11-24",2025-11-24,"nc","Green Bay","Iona","Horz","MAAC","N","W","80-75",0.423580470378795,0.360162128779136,0.837778001870703,0.90171684703998,0.0982831529600205,43.8,"played",NA,NA,NA,218,"Q4"
"2144",2144,"Green BayIona11-24",2025-11-24,"nc","Iona","Green Bay","MAAC","Horz","N","L","75-80",0.360162128779136,0.423580470378795,0.837778001870703,0.875433516320148,-0.875433516320148,34.7,"played",NA,NA,NA,230,"Q4"
"2145",2145,"HoustonSyracuse11-24",2025-11-24,"nc","Houston","Syracuse","B12","ACC","N","W","78-74",0.971060988167615,0.791222722535751,0.837778001870703,0.576757334457566,0.423242665542434,86.6,"played",NA,NA,NA,77,"Q2"
"2146",2146,"HoustonSyracuse11-24",2025-11-24,"nc","Syracuse","Houston","ACC","B12","N","L","74-78",0.791222722535751,0.971060988167615,0.837778001870703,0.133378507162459,-0.133378507162459,95.1,"played",NA,NA,NA,10,"Q1"
"2147",2147,"Iowa St.St. John's11-24",2025-11-24,"nc","Iowa St.","St. John's","B12","BE","N","W","83-82",0.949921444310501,0.92103732949004,0.837778001870703,0.306881785987939,0.693118214012061,94.1,"played",NA,NA,NA,23,"Q1"
"2148",2148,"Iowa St.St. John's11-24",2025-11-24,"nc","St. John's","Iowa St.","BE","B12","N","L","82-83",0.92103732949004,0.949921444310501,0.837778001870703,0.21399693330746,-0.21399693330746,93.3,"played",NA,NA,NA,6,"Q1"
"2149",2149,"Jacksonville St.Arkansas St.11-24",2025-11-24,"nc","Arkansas St.","Jacksonville St.","SB","CUSA","H","W","74-63",0.643792601240604,0.295930609897491,0.87694452176131,0.944305079945083,0.0556949200549175,72.9,"played",NA,NA,NA,245,"Q4"
"2150",2150,"Jacksonville St.Arkansas St.11-24",2025-11-24,"nc","Jacksonville St.","Arkansas St.","CUSA","SB","A","L","63-74",0.295930609897491,0.643792601240604,0.789142831518436,0.674344903439392,-0.674344903439392,22.1,"played",NA,NA,NA,141,"Q3"
"2151",2151,"James MadisonFIU11-24",2025-11-24,"nc","FIU","James Madison","CUSA","SB","H","L","72-80",0.568091309363212,0.248008473110579,0.87694452176131,0.955768164170376,-0.955768164170376,17,"played",NA,NA,NA,244,"Q4"
"2152",2152,"James MadisonFIU11-24",2025-11-24,"nc","James Madison","FIU","SB","CUSA","A","W","80-72",0.248008473110579,0.568091309363212,0.789142831518436,0.739948017865934,0.260051982134066,67.9,"played",NA,NA,NA,198,"Q3"
"2153",2153,"KansasNotre Dame11-24",2025-11-24,"nc","Kansas","Notre Dame","B12","ACC","N","W","71-61",0.94331997857627,0.715031990102219,0.837778001870703,0.673011417474528,0.326988582525472,93.1,"played",NA,NA,NA,81,"Q2"
"2154",2154,"KansasNotre Dame11-24",2025-11-24,"nc","Notre Dame","Kansas","ACC","B12","N","L","61-71",0.715031990102219,0.94331997857627,0.837778001870703,0.236819493673805,-0.236819493673805,75.5,"played",NA,NA,NA,18,"Q1"
"2155",2155,"Kennesaw St.Rice11-24",2025-11-24,"nc","Kennesaw St.","Rice","CUSA","Amer","N","W","89-84",0.497525472672032,0.378218208780178,0.837778001870703,0.894627459290118,0.105372540709882,42.9,"played",NA,NA,NA,253,"Q4"
"2156",2156,"Kennesaw St.Rice11-24",2025-11-24,"nc","Rice","Kennesaw St.","Amer","CUSA","N","L","84-89",0.378218208780178,0.497525472672032,0.837778001870703,0.839118731978956,-0.839118731978956,44.5,"played",NA,NA,NA,159,"Q3"
"2157",2157,"LamarOakland11-24",2025-11-24,"nc","Lamar","Oakland","Slnd","Horz","N","L","68-83",0.360534850717667,0.562935017803711,0.837778001870703,0.800385436037381,-0.800385436037381,22.1,"played",NA,NA,NA,135,"Q3"
"2158",2158,"LamarOakland11-24",2025-11-24,"nc","Oakland","Lamar","Horz","Slnd","N","W","83-68",0.562935017803711,0.360534850717667,0.837778001870703,0.901573446685871,0.0984265533141291,72,"played",NA,NA,NA,220,"Q4"
"2159",2159,"LibertyVermont11-24",2025-11-24,"nc","Liberty","Vermont","CUSA","AE","N","W","79-73",0.68978743846636,0.36871716179202,0.837778001870703,0.898394493660085,0.101605506339915,77.6,"played",NA,NA,NA,207,"Q4"
"2160",2160,"LibertyVermont11-24",2025-11-24,"nc","Vermont","Liberty","AE","CUSA","N","L","73-79",0.36871716179202,0.68978743846636,0.837778001870703,0.699025493985604,-0.699025493985604,27.3,"played",NA,NA,NA,84,"Q2"
"2161",2161,"LIUMissouri St.11-24",2025-11-24,"nc","LIU","Missouri St.","NEC","CUSA","A","W","75-61",0.325501227881235,0.618345928322213,0.789142831518436,0.697882118549372,0.302117881450628,79.9,"played",NA,NA,NA,191,"Q3"
"2162",2162,"LIUMissouri St.11-24",2025-11-24,"nc","Missouri St.","LIU","CUSA","NEC","H","L","61-75",0.618345928322213,0.325501227881235,0.87694452176131,0.936577409173886,-0.936577409173886,16.4,"played",NA,NA,NA,201,"Q4"
"2163",2163,"LouisianaUC Davis11-24",2025-11-24,"nc","Louisiana","UC Davis","SB","BW","A","L","56-77",0.137657594317457,0.569719928859357,0.789142831518436,0.738668165713469,-0.738668165713469,7.4,"played",NA,NA,NA,176,"Q3"
"2164",2164,"LouisianaUC Davis11-24",2025-11-24,"nc","UC Davis","Louisiana","BW","SB","H","W","77-56",0.569719928859357,0.137657594317457,0.87694452176131,0.978090705272969,0.021909294727031,72.5,"played",NA,NA,NA,334,"Q4"
"2165",2165,"MarylandUNLV11-24",2025-11-24,"nc","Maryland","UNLV","B10","MWC","N","W","74-67",0.649382320058387,0.638010395437299,0.837778001870703,0.745555779309109,0.254444220690891,73.9,"played",NA,NA,NA,127,"Q3"
"2166",2166,"MarylandUNLV11-24",2025-11-24,"nc","UNLV","Maryland","MWC","B10","N","L","67-74",0.638010395437299,0.649382320058387,0.837778001870703,0.736035195543301,-0.736035195543301,53.6,"played",NA,NA,NA,152,"Q3"
"2167",2167,"MassachusettsOregon St.11-24",2025-11-24,"nc","Massachusetts","Oregon St.","MAC","WCC","N","W","73-65",0.492898118125247,0.408019904988243,0.837778001870703,0.882253398719349,0.117746601280651,64.2,"played",NA,NA,NA,213,"Q4"
"2168",2168,"MassachusettsOregon St.11-24",2025-11-24,"nc","Oregon St.","Massachusetts","WCC","MAC","N","L","65-73",0.408019904988243,0.492898118125247,0.837778001870703,0.84160206237736,-0.84160206237736,27.2,"played",NA,NA,NA,195,"Q3"
"2169",2169,"McNeese St.Murray St.11-24",2025-11-24,"nc","McNeese St.","Murray St.","Slnd","MVC","N","W","73-60",0.7483319043941,0.706574138306363,0.837778001870703,0.682001299672887,0.317998700327113,98.7,"played",NA,NA,NA,74,"Q2"
"2170",2170,"McNeese St.Murray St.11-24",2025-11-24,"nc","Murray St.","McNeese St.","MVC","Slnd","N","L","60-73",0.706574138306363,0.7483319043941,0.837778001870703,0.634611523672996,-0.634611523672996,8.7,"played",NA,NA,NA,57,"Q2"
"2171",2171,"MichiganSan Diego St.11-24",2025-11-24,"nc","Michigan","San Diego St.","B10","MWC","N","W","94-54",0.982906196444088,0.851808324710779,0.837778001870703,0.473258641801795,0.526741358198205,99.8,"played",NA,NA,NA,52,"Q2"
"2172",2172,"MichiganSan Diego St.11-24",2025-11-24,"nc","San Diego St.","Michigan","MWC","B10","N","L","54-94",0.851808324710779,0.982906196444088,0.837778001870703,0.0824125421099453,-0.0824125421099453,38.4,"played",NA,NA,NA,1,"Q1"
"2173",2173,"N.C. StateSeton Hall11-24",2025-11-24,"nc","N.C. State","Seton Hall","ACC","BE","N","L","74-85",0.903953419730266,0.83389156082385,0.837778001870703,0.507080738451783,-0.507080738451783,46.1,"played",NA,NA,NA,45,"Q1"
"2174",2174,"N.C. StateSeton Hall11-24",2025-11-24,"nc","Seton Hall","N.C. State","BE","ACC","N","W","85-74",0.83389156082385,0.903953419730266,0.837778001870703,0.354307740672655,0.645692259327345,98.2,"played",NA,NA,NA,29,"Q1"
"2175",2175,"New OrleansMississippi St.11-24",2025-11-24,"nc","Mississippi St.","New Orleans","SEC","Slnd","H","W","81-78",0.769828564240354,0.331235610868882,0.87694452176131,0.93501525605322,0.0649847439467803,31.6,"played",NA,NA,NA,231,"Q4"
"2176",2176,"New OrleansMississippi St.11-24",2025-11-24,"nc","New Orleans","Mississippi St.","Slnd","SEC","A","L","78-81",0.331235610868882,0.769828564240354,0.789142831518436,0.528076163539221,-0.528076163539221,78.2,"played",NA,NA,NA,99,"Q2"
"2177",2177,"NJITCincinnati11-24",2025-11-24,"nc","Cincinnati","NJIT","B12","AE","H","W","94-67",0.873465038086542,0.108362596707915,0.87694452176131,0.983232201292529,0.0167677987074712,77.1,"played",NA,NA,NA,332,"Q4"
"2178",2178,"NJITCincinnati11-24",2025-11-24,"nc","NJIT","Cincinnati","AE","B12","A","L","67-94",0.108362596707915,0.873465038086542,0.789142831518436,0.351561364376916,-0.351561364376916,19.9,"played",NA,NA,NA,72,"Q1"
"2179",2179,"Oral RobertsFlorida Gulf Coast11-24",2025-11-24,"nc","Florida Gulf Coast","Oral Roberts","ASun","Sum","H","W","93-88",0.459203789369559,0.14650394031066,0.87694452176131,0.976479859681162,0.0235201403188382,19.7,"played",NA,NA,NA,317,"Q4"
"2180",2180,"Oral RobertsFlorida Gulf Coast11-24",2025-11-24,"nc","Oral Roberts","Florida Gulf Coast","Sum","ASun","A","L","88-93",0.14650394031066,0.459203789369559,0.789142831518436,0.81507273605116,-0.81507273605116,37.3,"played",NA,NA,NA,237,"Q3"
"2181",2181,"PacificStony Brook11-24",2025-11-24,"nc","Pacific","Stony Brook","WCC","CAA","N","W","86-58",0.601724358400193,0.382199070605671,0.837778001870703,0.893024299391636,0.106975700608364,96.3,"played",NA,NA,NA,234,"Q4"
"2182",2182,"PacificStony Brook11-24",2025-11-24,"nc","Stony Brook","Pacific","CAA","WCC","N","L","58-86",0.382199070605671,0.601724358400193,0.837778001870703,0.773666664010139,-0.773666664010139,3.4,"played",NA,NA,NA,110,"Q3"
"2183",2183,"RadfordSMU11-24",2025-11-24,"nc","Radford","SMU","BSth","ACC","A","L","72-89",0.229310238486478,0.916602426915101,0.789142831518436,0.254019532125076,-0.254019532125076,47.6,"played",NA,NA,NA,30,"Q1"
"2184",2184,"RadfordSMU11-24",2025-11-24,"nc","SMU","Radford","ACC","BSth","H","W","89-72",0.916602426915101,0.229310238486478,0.87694452176131,0.959921770218191,0.0400782297818087,78.3,"played",NA,NA,NA,260,"Q4"
"2185",2185,"Rhode IslandTowson11-24",2025-11-24,"nc","Rhode Island","Towson","A10","CAA","N","L","55-62",0.580883976567375,0.427732241294341,0.837778001870703,0.873569726413223,-0.873569726413223,22.3,"played",NA,NA,NA,162,"Q3"
"2186",2186,"Rhode IslandTowson11-24",2025-11-24,"nc","Towson","Rhode Island","CAA","A10","N","W","62-55",0.427732241294341,0.580883976567375,0.837778001870703,0.788412722867737,0.211587277132263,78.3,"played",NA,NA,NA,133,"Q3"
"2187",2187,"RutgersTennessee11-24",2025-11-24,"nc","Rutgers","Tennessee","B10","SEC","N","L","60-85",0.514432955930078,0.933763782452285,0.837778001870703,0.268114746780033,-0.268114746780033,19.2,"played",NA,NA,NA,26,"Q1"
"2188",2188,"RutgersTennessee11-24",2025-11-24,"nc","Tennessee","Rutgers","SEC","B10","N","W","85-60",0.933763782452285,0.514432955930078,0.837778001870703,0.829775853176511,0.170224146823489,98.4,"played",NA,NA,NA,153,"Q3"
"2189",2189,"Sacred HeartCentral Connecticut11-24",2025-11-24,"nc","Central Connecticut","Sacred Heart","NEC","MAAC","H","W","108-106",0.302144565079282,0.185258742802667,0.87694452176131,0.969079449264048,0.0309205507359519,23.9,"played",NA,NA,NA,287,"Q4"
"2190",2190,"Sacred HeartCentral Connecticut11-24",2025-11-24,"nc","Sacred Heart","Central Connecticut","MAAC","NEC","A","L","106-108",0.185258742802667,0.302144565079282,0.789142831518436,0.896309263138175,-0.896309263138175,23.8,"played",NA,NA,NA,247,"Q4"
"2191",2191,"SienaHoly Cross11-24",2025-11-24,"nc","Holy Cross","Siena","Pat","MAAC","H","L","69-73",0.203196040881925,0.390387146522654,0.87694452176131,0.917548378669134,-0.917548378669134,29.5,"played",NA,NA,NA,172,"Q4"
"2192",2192,"SienaHoly Cross11-24",2025-11-24,"nc","Siena","Holy Cross","MAAC","Pat","A","W","73-69",0.390387146522654,0.203196040881925,0.789142831518436,0.936207636608896,0.0637923633911037,28,"played",NA,NA,NA,314,"Q4"
"2193",2193,"Southern IllinoisUAB11-24",2025-11-24,"nc","Southern Illinois","UAB","MVC","Amer","N","L","73-81",0.509727969746988,0.603985278122191,0.837778001870703,0.772008807274489,-0.772008807274489,32.1,"played",NA,NA,NA,122,"Q3"
"2194",2194,"Southern IllinoisUAB11-24",2025-11-24,"nc","UAB","Southern Illinois","Amer","MVC","N","W","81-73",0.603985278122191,0.509727969746988,0.837778001870703,0.832419209511649,0.167580790488351,77.1,"played",NA,NA,NA,143,"Q3"
"2195",2195,"TempleUC San Diego11-24",2025-11-24,"nc","Temple","UC San Diego","Amer","BW","N","L","76-91",0.562336936676978,0.666861059595402,0.837778001870703,0.7206655436006,-0.7206655436006,22.5,"played",NA,NA,NA,98,"Q2"
"2196",2196,"TempleUC San Diego11-24",2025-11-24,"nc","UC San Diego","Temple","BW","Amer","N","W","91-76",0.666861059595402,0.562336936676978,0.837778001870703,0.800773464724957,0.199226535275043,89.9,"played",NA,NA,NA,154,"Q3"
"2197",2197,"ToledoTroy11-24",2025-11-24,"nc","Toledo","Troy","MAC","SB","N","W","75-68",0.484941205057809,0.65047439776684,0.837778001870703,0.735101581295926,0.264898418704074,80.6,"played",NA,NA,NA,103,"Q3"
"2198",2198,"ToledoTroy11-24",2025-11-24,"nc","Troy","Toledo","SB","MAC","N","L","68-75",0.65047439776684,0.484941205057809,0.837778001870703,0.845801086865182,-0.845801086865182,29.7,"played",NA,NA,NA,169,"Q3"
"2199",2199,"UMKCLindenwood11-24",2025-11-24,"nc","Lindenwood","UMKC","OVC","Sum","H","W","80-67",0.442688901303207,0.0841485058607757,0.87694452176131,0.987271223453189,0.0127287765468107,34.4,"played",NA,NA,NA,346,"Q4"
"2200",2200,"UMKCLindenwood11-24",2025-11-24,"nc","UMKC","Lindenwood","Sum","OVC","A","L","67-80",0.0841485058607757,0.442688901303207,0.789142831518436,0.824917009807152,-0.824917009807152,12.2,"played",NA,NA,NA,224,"Q3"
"2201",2201,"UT Rio Grande ValleyIllinois11-24",2025-11-24,"nc","Illinois","UT Rio Grande Valley","B10","Slnd","H","W","87-73",0.970104643724092,0.397957356960562,0.87694452176131,0.915118069533995,0.0848819304660049,81.5,"played",NA,NA,NA,194,"Q4"
"2202",2202,"UT Rio Grande ValleyIllinois11-24",2025-11-24,"nc","UT Rio Grande Valley","Illinois","Slnd","B10","A","L","73-87",0.397957356960562,0.970104643724092,0.789142831518436,0.103406530476857,-0.103406530476857,83,"played",NA,NA,NA,9,"Q1"
"2203",2203,"UTEPWilliam & Mary11-24",2025-11-24,"nc","UTEP","William & Mary","CUSA","CAA","N","L","63-74",0.277764863908048,0.611230478419406,0.837778001870703,0.766615841143389,-0.766615841143389,17.4,"played",NA,NA,NA,108,"Q3"
"2204",2204,"UTEPWilliam & Mary11-24",2025-11-24,"nc","William & Mary","UTEP","CAA","CUSA","N","W","74-63",0.611230478419406,0.277764863908048,0.837778001870703,0.930691687538529,0.0693083124614707,74.2,"played",NA,NA,NA,276,"Q4"
"2205",2205,"ChaminadeWashington St.11-24",2025-11-24,"nond1","Washington St.","Chaminade","WCC",NA,"N","W","85-90",NA,NA,NA,NA,0,NA,"played",NA,NA,NA,NA,NA
"2206",2206,"Texas LutheranTexas St.11-24",2025-11-24,"nond1","Texas St.","Texas Lutheran","SB",NA,"H","W","41-93",NA,NA,NA,NA,0,NA,"played",NA,NA,NA,NA,NA
"2207",2207,"Notre Dame (MD)UMBC11-24",2025-11-24,"nond1","UMBC","Notre Dame (MD)","AE",NA,"H","W","52-102",NA,NA,NA,NA,0,NA,"played",NA,NA,NA,NA,NA
"2208",2208,"Hawaii PacificHawaii11-24",2025-11-24,"nond1","Hawaii","Hawaii Pacific","BW",NA,"H","W","76-88",NA,NA,NA,NA,0,NA,"played",NA,NA,NA,NA,NA
"2209",2209,"MarywoodAmerican11-24",2025-11-24,"nond1","American","Marywood","Pat",NA,"H","W","53-113",NA,NA,NA,NA,0,NA,"played",NA,NA,NA,NA,NA
"2210",2210,"NobelUC Santa Barbara11-24",2025-11-24,"nond1","UC Santa Barbara","Nobel","BW",NA,"H","W","49-84",NA,NA,NA,NA,0,NA,"played",NA,NA,NA,NA,NA
"2211",2211,"Abilene ChristianWilliam & Mary11-25",2025-11-25,"nc","Abilene Christian","William & Mary","WAC","CAA","N","L","58-92",0.321504387930561,0.611230478419406,0.837778001870703,0.766615841143389,-0.766615841143389,4.3,"played",NA,NA,NA,108,"Q3"
"2212",2212,"Abilene ChristianWilliam & Mary11-25",2025-11-25,"nc","William & Mary","Abilene Christian","CAA","WAC","N","W","92-58",0.611230478419406,0.321504387930561,0.837778001870703,0.91595802903867,0.0840419709613297,94.3,"played",NA,NA,NA,241,"Q4"
"2213",2213,"AlabamaUNLV11-25",2025-11-25,"nc","Alabama","UNLV","SEC","MWC","N","W","115-76",0.938193054731862,0.638010395437299,0.837778001870703,0.745555779309109,0.254444220690891,98,"played",NA,NA,NA,127,"Q3"
"2214",2214,"AlabamaUNLV11-25",2025-11-25,"nc","UNLV","Alabama","MWC","SEC","N","L","76-115",0.638010395437299,0.938193054731862,0.837778001870703,0.253855777846417,-0.253855777846417,34.9,"played",NA,NA,NA,19,"Q1"
"2215",2215,"Arizona St.Washington St.11-25",2025-11-25,"nc","Arizona St.","Washington St.","B12","WCC","N","W","100-94",0.701699555932265,0.56322760881236,0.837778001870703,0.800195356317295,0.199804643682705,61.9,"played",NA,NA,NA,156,"Q3"
"2216",2216,"Arizona St.Washington St.11-25",2025-11-25,"nc","Washington St.","Arizona St.","WCC","B12","N","L","94-100",0.56322760881236,0.701699555932265,0.837778001870703,0.687054216277166,-0.687054216277166,65.2,"played",NA,NA,NA,93,"Q2"
"2217",2217,"ArmyEast Texas A&M11-25",2025-11-25,"nc","Army","East Texas A&M","Pat","Slnd","N","L","67-84",0.15999328251491,0.274589485170466,0.837778001870703,0.931709341557521,-0.931709341557521,3.8,"played",NA,NA,NA,277,"Q4"
"2218",2218,"ArmyEast Texas A&M11-25",2025-11-25,"nc","East Texas A&M","Army","Slnd","Pat","N","W","84-67",0.274589485170466,0.15999328251491,0.837778001870703,0.96443105611345,0.0355689438865497,64.8,"played",NA,NA,NA,320,"Q4"
"2219",2219,"AuburnMichigan11-25",2025-11-25,"nc","Auburn","Michigan","SEC","B10","N","L","72-102",0.885700111602542,0.982906196444088,0.837778001870703,0.0824125421099453,-0.0824125421099453,54.4,"played",NA,NA,NA,1,"Q1"
"2220",2220,"AuburnMichigan11-25",2025-11-25,"nc","Michigan","Auburn","B10","SEC","N","W","102-72",0.982906196444088,0.885700111602542,0.837778001870703,0.399927925093432,0.600072074906568,99.7,"played",NA,NA,NA,34,"Q1"
"2221",2221,"BaylorSt. John's11-25",2025-11-25,"nc","Baylor","St. John's","B12","BE","N","L","81-96",0.797816469804423,0.92103732949004,0.837778001870703,0.306881785987939,-0.306881785987939,55.7,"played",NA,NA,NA,23,"Q1"
"2222",2222,"BaylorSt. John's11-25",2025-11-25,"nc","St. John's","Baylor","BE","B12","N","W","96-81",0.92103732949004,0.797816469804423,0.837778001870703,0.566868177066302,0.433131822933698,97.3,"played",NA,NA,NA,53,"Q2"
"2223",2223,"BellarmineHouston Christian11-25",2025-11-25,"nc","Bellarmine","Houston Christian","ASun","Slnd","N","W","74-69",0.191526119642031,0.21658059613856,0.837778001870703,0.949188892398856,0.0508111076011444,27.6,"played",NA,NA,NA,297,"Q4"
"2224",2224,"BellarmineHouston Christian11-25",2025-11-25,"nc","Houston Christian","Bellarmine","Slnd","ASun","N","L","69-74",0.21658059613856,0.191526119642031,0.837778001870703,0.956140418111635,-0.956140418111635,14.7,"played",NA,NA,NA,291,"Q4"
"2225",2225,"Bethune CookmanStony Brook11-25",2025-11-25,"nc","Bethune Cookman","Stony Brook","SWAC","CAA","N","L","54-61",0.317077913824411,0.382199070605671,0.837778001870703,0.893024299391636,-0.893024299391636,27.6,"played",NA,NA,NA,234,"Q4"
"2226",2226,"Bethune CookmanStony Brook11-25",2025-11-25,"nc","Stony Brook","Bethune Cookman","CAA","SWAC","N","W","61-54",0.382199070605671,0.317077913824411,0.837778001870703,0.917512591323184,0.0824874086768161,42.9,"played",NA,NA,NA,268,"Q4"
"2227",2227,"Boise St.N.C. State11-25",2025-11-25,"nc","Boise St.","N.C. State","MWC","ACC","N","L","70-81",0.779659988818291,0.903953419730266,0.837778001870703,0.354307740672655,-0.354307740672655,70.3,"played",NA,NA,NA,29,"Q1"
"2228",2228,"Boise St.N.C. State11-25",2025-11-25,"nc","N.C. State","Boise St.","ACC","MWC","N","W","81-70",0.903953419730266,0.779659988818291,0.837778001870703,0.593415087965661,0.406584912034339,93.4,"played",NA,NA,NA,71,"Q2"
"2229",2229,"Boston UniversityPenn St.11-25",2025-11-25,"nc","Boston University","Penn St.","Pat","B10","A","L","87-96",0.173160301084916,0.644016964773121,0.789142831518436,0.674129982609513,-0.674129982609513,22.3,"played",NA,NA,NA,131,"Q2"
"2230",2230,"Boston UniversityPenn St.11-25",2025-11-25,"nc","Penn St.","Boston University","B10","Pat","H","W","96-87",0.644016964773121,0.173160301084916,0.87694452176131,0.97145190396275,0.0285480960372501,56.9,"played",NA,NA,NA,292,"Q4"
"2231",2231,"BradleyUC San Diego11-25",2025-11-25,"nc","Bradley","UC San Diego","MVC","BW","N","L","77-87",0.552773882823195,0.666861059595402,0.837778001870703,0.7206655436006,-0.7206655436006,41.9,"played",NA,NA,NA,98,"Q2"
"2232",2232,"BradleyUC San Diego11-25",2025-11-25,"nc","UC San Diego","Bradley","BW","MVC","N","W","87-77",0.666861059595402,0.552773882823195,0.837778001870703,0.806886153412191,0.193113846587809,77.4,"played",NA,NA,NA,124,"Q3"
"2233",2233,"Cal BaptistSan Diego11-25",2025-11-25,"nc","Cal Baptist","San Diego","WAC","WCC","N","W","76-61",0.61888458951524,0.465379244643752,0.837778001870703,0.855757652877453,0.144242347122547,77.4,"played",NA,NA,NA,208,"Q4"
"2234",2234,"Cal BaptistSan Diego11-25",2025-11-25,"nc","San Diego","Cal Baptist","WCC","WAC","N","L","61-76",0.465379244643752,0.61888458951524,0.837778001870703,0.760781863304148,-0.760781863304148,29.2,"played",NA,NA,NA,120,"Q3"
"2235",2235,"Cal PolySoutheast Missouri St.11-25",2025-11-25,"nc","Cal Poly","Southeast Missouri St.","BW","OVC","N","L","68-84",0.286718164707047,0.274411789744112,0.837778001870703,0.93176609214107,-0.93176609214107,8.1,"played",NA,NA,NA,242,"Q4"
"2236",2236,"Cal PolySoutheast Missouri St.11-25",2025-11-25,"nc","Southeast Missouri St.","Cal Poly","OVC","BW","N","W","84-68",0.274411789744112,0.286718164707047,0.837778001870703,0.927785807029441,0.072214192970559,63.3,"played",NA,NA,NA,257,"Q4"
"2237",2237,"Cal St. BakersfieldFlorida St.11-25",2025-11-25,"nc","Cal St. Bakersfield","Florida St.","BW","ACC","A","L","59-89",0.159533932612316,0.714263605095652,0.789142831518436,0.599548438685226,-0.599548438685226,8,"played",NA,NA,NA,115,"Q2"
"2238",2238,"Cal St. BakersfieldFlorida St.11-25",2025-11-25,"nc","Florida St.","Cal St. Bakersfield","ACC","BW","H","W","89-59",0.714263605095652,0.159533932612316,0.87694452176131,0.974055493161456,0.0259445068385435,84.5,"played",NA,NA,NA,301,"Q4"
"2239",2239,"CaliforniaUCLA11-25",2025-11-25,"nc","California","UCLA","ACC","B10","N","W","80-72",0.778401200943641,0.84590595046095,0.837778001870703,0.484740325106026,0.515259674893974,92.2,"played",NA,NA,NA,40,"Q1"
"2240",2240,"CaliforniaUCLA11-25",2025-11-25,"nc","UCLA","California","B10","ACC","N","L","72-80",0.84590595046095,0.778401200943641,0.837778001870703,0.595178192936872,-0.595178192936872,61.9,"played",NA,NA,NA,60,"Q2"
"2241",2241,"CampbellWake Forest11-25",2025-11-25,"nc","Campbell","Wake Forest","CAA","ACC","A","L","51-99",0.327073956545687,0.830188381602287,0.789142831518436,0.433595457149497,-0.433595457149497,0.9,"played",NA,NA,NA,67,"Q1"
"2242",2242,"CampbellWake Forest11-25",2025-11-25,"nc","Wake Forest","Campbell","ACC","CAA","H","W","99-51",0.830188381602287,0.327073956545687,0.87694452176131,0.936151100895773,0.0638488991042273,99.6,"played",NA,NA,NA,203,"Q4"
"2243",2243,"Chicago St.Purdue Fort Wayne11-25",2025-11-25,"nc","Chicago St.","Purdue Fort Wayne","NEC","Horz","A","L","77-90",0.0739186417080468,0.440919826703015,0.789142831518436,0.825950654976162,-0.825950654976162,18.5,"played",NA,NA,NA,210,"Q3"
"2244",2244,"Chicago St.Purdue Fort Wayne11-25",2025-11-25,"nc","Purdue Fort Wayne","Chicago St.","Horz","NEC","H","W","90-77",0.440919826703015,0.0739186417080468,0.87694452176131,0.988923656012592,0.011076343987408,21.8,"played",NA,NA,NA,352,"Q4"
"2245",2245,"Coppin St.Rider11-25",2025-11-25,"nc","Coppin St.","Rider","MEAC","MAAC","A","W","68-65",0.0259808577725411,0.124145130175934,0.789142831518436,0.963508975356504,0.0364910246434962,10.9,"played",NA,NA,NA,357,"Q4"
"2246",2246,"Coppin St.Rider11-25",2025-11-25,"nc","Rider","Coppin St.","MAAC","MEAC","H","L","65-68",0.124145130175934,0.0259808577725411,0.87694452176131,0.996271000581672,-0.996271000581672,3,"played",NA,NA,NA,364,"Q4"
"2247",2247,"CreightonIowa St.11-25",2025-11-25,"nc","Creighton","Iowa St.","BE","B12","N","L","60-78",0.808830481748804,0.949921444310501,0.837778001870703,0.21399693330746,-0.21399693330746,53.7,"played",NA,NA,NA,6,"Q1"
"2248",2248,"CreightonIowa St.11-25",2025-11-25,"nc","Iowa St.","Creighton","B12","BE","N","W","78-60",0.949921444310501,0.808830481748804,0.837778001870703,0.549675236375399,0.450324763624601,98.6,"played",NA,NA,NA,58,"Q2"
"2249",2249,"DelawareUNC Greensboro11-25",2025-11-25,"nc","Delaware","UNC Greensboro","CUSA","SC","N","W","73-60",0.228800576154043,0.221383159330961,0.837778001870703,0.947817337924864,0.0521826620751361,45.2,"played",NA,NA,NA,295,"Q4"
"2250",2250,"DelawareUNC Greensboro11-25",2025-11-25,"nc","UNC Greensboro","Delaware","SC","CUSA","N","L","60-73",0.221383159330961,0.228800576154043,0.837778001870703,0.945673416722441,-0.945673416722441,9.3,"played",NA,NA,NA,300,"Q4"
"2251",2251,"DrexelMorgan St.11-25",2025-11-25,"nc","Drexel","Morgan St.","CAA","MEAC","A","W","71-66",0.350598890322103,0.0769875851717531,0.789142831518436,0.978199161594347,0.0218008384056526,25.3,"played",NA,NA,NA,361,"Q4"
"2252",2252,"DrexelMorgan St.11-25",2025-11-25,"nc","Morgan St.","Drexel","MEAC","CAA","H","L","66-71",0.0769875851717531,0.350598890322103,0.87694452176131,0.929577423313673,-0.929577423313673,11.8,"played",NA,NA,NA,211,"Q4"
"2253",2253,"East CarolinaMichigan St.11-25",2025-11-25,"nc","East Carolina","Michigan St.","Amer","B10","N","L","56-89",0.205199038741148,0.94987905099256,0.837778001870703,0.214146807299484,-0.214146807299484,13.5,"played",NA,NA,NA,11,"Q1"
"2254",2254,"East CarolinaMichigan St.11-25",2025-11-25,"nc","Michigan St.","East Carolina","B10","Amer","N","W","89-56",0.94987905099256,0.205199038741148,0.837778001870703,0.952388498885368,0.0476115011146315,96.9,"played",NA,NA,NA,299,"Q4"
"2255",2255,"Eastern IllinoisCentral Arkansas11-25",2025-11-25,"nc","Central Arkansas","Eastern Illinois","ASun","OVC","H","W","81-60",0.578184355364173,0.152001874020281,0.87694452176131,0.975464530911887,0.0245354690881132,89.5,"played",NA,NA,NA,305,"Q4"
"2256",2256,"Eastern IllinoisCentral Arkansas11-25",2025-11-25,"nc","Eastern Illinois","Central Arkansas","OVC","ASun","A","L","60-81",0.152001874020281,0.578184355364173,0.789142831518436,0.73193102040683,-0.73193102040683,2.8,"played",NA,NA,NA,206,"Q3"
"2257",2257,"Eastern WashingtonNorth Texas11-25",2025-11-25,"nc","Eastern Washington","North Texas","BSky","Amer","A","L","71-79",0.310791476526984,0.61394540023339,0.789142831518436,0.701790604371229,-0.701790604371229,41.4,"played",NA,NA,NA,147,"Q3"
"2258",2258,"Eastern WashingtonNorth Texas11-25",2025-11-25,"nc","North Texas","Eastern Washington","Amer","BSky","H","W","79-71",0.61394540023339,0.310791476526984,0.87694452176131,0.940488514720462,0.0595114852795378,50.3,"played",NA,NA,NA,254,"Q4"
"2259",2259,"Florida AtlanticGeorge Mason11-25",2025-11-25,"nc","Florida Atlantic","George Mason","Amer","A10","N","L","65-74",0.736180651695224,0.695144065715496,0.837778001870703,0.693707016937464,-0.693707016937464,18.5,"played",NA,NA,NA,63,"Q2"
"2260",2260,"Florida AtlanticGeorge Mason11-25",2025-11-25,"nc","George Mason","Florida Atlantic","A10","Amer","N","W","74-65",0.695144065715496,0.736180651695224,0.837778001870703,0.64921181114253,0.35078818885747,96.5,"played",NA,NA,NA,91,"Q2"
"2261",2261,"George WashingtonMurray St.11-25",2025-11-25,"nc","George Washington","Murray St.","A10","MVC","N","L","95-96",0.750489645507637,0.706574138306363,0.837778001870703,0.682001299672887,-0.682001299672887,67.2,"played",NA,NA,NA,74,"Q2"
"2262",2262,"George WashingtonMurray St.11-25",2025-11-25,"nc","Murray St.","George Washington","MVC","A10","N","W","96-95",0.706574138306363,0.750489645507637,0.837778001870703,0.631943133406867,0.368056866593133,77.9,"played",NA,NA,NA,75,"Q2"
"2263",2263,"Georgia SouthernUTSA11-25",2025-11-25,"nc","Georgia Southern","UTSA","SB","Amer","N","L","64-77",0.32597517745112,0.0887714660634557,0.837778001870703,0.981485551240978,-0.981485551240978,4.2,"played",NA,NA,NA,349,"Q4"
"2264",2264,"Georgia SouthernUTSA11-25",2025-11-25,"nc","UTSA","Georgia Southern","Amer","SB","N","W","77-64",0.0887714660634557,0.32597517745112,0.837778001870703,0.914372621672272,0.0856273783277284,52.1,"played",NA,NA,NA,243,"Q4"
"2265",2265,"Georgia St.Samford11-25",2025-11-25,"nc","Georgia St.","Samford","SB","SC","N","L","63-78",0.265187797459854,0.223178231829703,0.837778001870703,0.947301360836567,-0.947301360836567,3.6,"played",NA,NA,NA,269,"Q4"
"2266",2266,"Georgia St.Samford11-25",2025-11-25,"nc","Samford","Georgia St.","SC","SB","N","W","78-63",0.223178231829703,0.265187797459854,0.837778001870703,0.934683550386727,0.0653164496132733,73.4,"played",NA,NA,NA,261,"Q4"
"2267",2267,"GonzagaMaryland11-25",2025-11-25,"nc","Gonzaga","Maryland","WCC","B10","N","W","100-61",0.953797375405029,0.649382320058387,0.837778001870703,0.736035195543301,0.263964804456699,99.4,"played",NA,NA,NA,152,"Q3"
"2268",2268,"GonzagaMaryland11-25",2025-11-25,"nc","Maryland","Gonzaga","B10","WCC","N","L","61-100",0.649382320058387,0.953797375405029,0.837778001870703,0.200106758650461,-0.200106758650461,20,"played",NA,NA,NA,4,"Q1"
"2269",2269,"Grand CanyonUtah11-25",2025-11-25,"nc","Grand Canyon","Utah","MWC","B12","N","W","68-58",0.796468568007754,0.668822416405685,0.837778001870703,0.718882169158974,0.281117830841026,92.6,"played",NA,NA,NA,117,"Q3"
"2270",2270,"Grand CanyonUtah11-25",2025-11-25,"nc","Utah","Grand Canyon","B12","MWC","N","L","58-68",0.668822416405685,0.796468568007754,0.837778001870703,0.568913633345435,-0.568913633345435,38.7,"played",NA,NA,NA,86,"Q2"
"2271",2271,"HamptonMaryland Eastern Shore11-25",2025-11-25,"nc","Hampton","Maryland Eastern Shore","CAA","MEAC","A","W","74-68",0.224878457335432,0.194861945562525,0.789142831518436,0.939259937606587,0.0607400623934126,59.9,"played",NA,NA,NA,325,"Q4"
"2272",2272,"HamptonMaryland Eastern Shore11-25",2025-11-25,"nc","Maryland Eastern Shore","Hampton","MEAC","CAA","H","L","68-74",0.194861945562525,0.224878457335432,0.87694452176131,0.960881974481878,-0.960881974481878,4.5,"played",NA,NA,NA,238,"Q4"
"2273",2273,"HoustonTennessee11-25",2025-11-25,"nc","Houston","Tennessee","B12","SEC","N","L","73-76",0.971060988167615,0.933763782452285,0.837778001870703,0.268114746780033,-0.268114746780033,93,"played",NA,NA,NA,26,"Q1"
"2274",2274,"HoustonTennessee11-25",2025-11-25,"nc","Tennessee","Houston","SEC","B12","N","W","76-73",0.933763782452285,0.971060988167615,0.837778001870703,0.133378507162459,0.866621492837541,97.3,"played",NA,NA,NA,10,"Q1"
"2275",2275,"IowaMississippi11-25",2025-11-25,"nc","Iowa","Mississippi","B10","SEC","N","W","74-69",0.933642503600699,0.723123972088137,0.837778001870703,0.664135094467405,0.335864905532595,84,"played",NA,NA,NA,87,"Q2"
"2276",2276,"IowaMississippi11-25",2025-11-25,"nc","Mississippi","Iowa","SEC","B10","N","L","69-74",0.723123972088137,0.933642503600699,0.837778001870703,0.268499377828653,-0.268499377828653,87.5,"played",NA,NA,NA,21,"Q1"
"2277",2277,"JacksonvillePacific11-25",2025-11-25,"nc","Jacksonville","Pacific","ASun","WCC","N","L","53-68",0.210543729432417,0.601724358400193,0.837778001870703,0.773666664010139,-0.773666664010139,11.7,"played",NA,NA,NA,110,"Q3"
"2278",2278,"JacksonvillePacific11-25",2025-11-25,"nc","Pacific","Jacksonville","WCC","ASun","N","W","68-53",0.601724358400193,0.210543729432417,0.837778001870703,0.950894798400007,0.0491052015999932,75.2,"played",NA,NA,NA,293,"Q4"
"2279",2279,"James MadisonNebraska Omaha11-25",2025-11-25,"nc","James Madison","Nebraska Omaha","SB","Sum","N","W","88-77",0.312761364371481,0.30984810725345,0.837778001870703,0.920019859944757,0.0799801400552427,81.4,"played",NA,NA,NA,281,"Q4"
"2280",2280,"James MadisonNebraska Omaha11-25",2025-11-25,"nc","Nebraska Omaha","James Madison","Sum","SB","N","L","77-88",0.30984810725345,0.312761364371481,0.837778001870703,0.919014256365322,-0.919014256365322,4.5,"played",NA,NA,NA,244,"Q4"
"2281",2281,"Kansas St.Indiana11-25",2025-11-25,"nc","Indiana","Kansas St.","B10","B12","H","W","86-69",0.929075305570624,0.660770736289095,0.87694452176131,0.785342749205728,0.214657250794272,96.8,"played",NA,NA,NA,82,"Q3"
"2282",2282,"Kansas St.Indiana11-25",2025-11-25,"nc","Kansas St.","Indiana","B12","B10","A","L","69-86",0.660770736289095,0.929075305570624,0.789142831518436,0.222214997574681,-0.222214997574681,45.7,"played",NA,NA,NA,38,"Q1"
"2283",2283,"KansasSyracuse11-25",2025-11-25,"nc","Kansas","Syracuse","B12","ACC","N","W","71-60",0.94331997857627,0.791222722535751,0.837778001870703,0.576757334457566,0.423242665542434,96.4,"played",NA,NA,NA,77,"Q2"
"2284",2284,"KansasSyracuse11-25",2025-11-25,"nc","Syracuse","Kansas","ACC","B12","N","L","60-71",0.791222722535751,0.94331997857627,0.837778001870703,0.236819493673805,-0.236819493673805,70,"played",NA,NA,NA,18,"Q1"
"2285",2285,"Kennesaw St.Oral Roberts11-25",2025-11-25,"nc","Kennesaw St.","Oral Roberts","CUSA","Sum","N","L","83-91",0.497525472672032,0.191503918572945,0.837778001870703,0.956146430636071,-0.956146430636071,13.2,"played",NA,NA,NA,317,"Q4"
"2286",2286,"Kennesaw St.Oral Roberts11-25",2025-11-25,"nc","Oral Roberts","Kennesaw St.","Sum","CUSA","N","W","91-83",0.191503918572945,0.497525472672032,0.837778001870703,0.839118731978956,0.160881268021044,60.6,"played",NA,NA,NA,159,"Q3"
"2287",2287,"LehighMarist11-25",2025-11-25,"nc","Lehigh","Marist","Pat","MAAC","A","L","55-78",0.155993773443698,0.603367224365608,0.789142831518436,0.71100112209817,-0.71100112209817,4.2,"played",NA,NA,NA,150,"Q3"
"2288",2288,"LehighMarist11-25",2025-11-25,"nc","Marist","Lehigh","MAAC","Pat","H","W","78-55",0.603367224365608,0.155993773443698,0.87694452176131,0.974720382753838,0.0252796172461617,86.5,"played",NA,NA,NA,298,"Q4"
"2289",2289,"LibertyTowson11-25",2025-11-25,"nc","Liberty","Towson","CUSA","CAA","N","L","69-72",0.68978743846636,0.427732241294341,0.837778001870703,0.873569726413223,-0.873569726413223,38.7,"played",NA,NA,NA,162,"Q3"
"2290",2290,"LibertyTowson11-25",2025-11-25,"nc","Towson","Liberty","CAA","CUSA","N","W","72-69",0.427732241294341,0.68978743846636,0.837778001870703,0.699025493985604,0.300974506014396,72.5,"played",NA,NA,NA,84,"Q2"
"2291",2291,"Loyola ChicagoNorthern Iowa11-25",2025-11-25,"nc","Loyola Chicago","Northern Iowa","A10","MVC","N","L","51-72",0.227740076694746,0.693525931991546,0.837778001870703,0.695324614589526,-0.695324614589526,2.3,"played",NA,NA,NA,102,"Q3"
"2292",2292,"Loyola ChicagoNorthern Iowa11-25",2025-11-25,"nc","Northern Iowa","Loyola Chicago","MVC","A10","N","W","72-51",0.693525931991546,0.227740076694746,0.837778001870703,0.945981866913749,0.054018133086251,96.6,"played",NA,NA,NA,315,"Q4"
"2293",2293,"Loyola MarymountOhio11-25",2025-11-25,"nc","Loyola Marymount","Ohio","WCC","MAC","N","W","70-58",0.489110133573657,0.372376114597062,0.837778001870703,0.896953536121847,0.103046463878153,72.4,"played",NA,NA,NA,216,"Q4"
"2294",2294,"Loyola MarymountOhio11-25",2025-11-25,"nc","Ohio","Loyola Marymount","MAC","WCC","N","L","58-70",0.372376114597062,0.489110133573657,0.837778001870703,0.843612155149578,-0.843612155149578,17.8,"played",NA,NA,NA,170,"Q3"
"2295",2295,"McNeese St.Middle Tennessee11-25",2025-11-25,"nc","McNeese St.","Middle Tennessee","Slnd","CUSA","N","W","72-62",0.7483319043941,0.690125648599042,0.837778001870703,0.698692756558597,0.301307243441403,78.7,"played",NA,NA,NA,111,"Q3"
"2296",2296,"McNeese St.Middle Tennessee11-25",2025-11-25,"nc","Middle Tennessee","McNeese St.","CUSA","Slnd","N","L","62-72",0.690125648599042,0.7483319043941,0.837778001870703,0.634611523672996,-0.634611523672996,64.2,"played",NA,NA,NA,57,"Q2"
"2297",2297,"Mississippi Valley St.Texas A&M11-25",2025-11-25,"nc","Mississippi Valley St.","Texas A&M","SWAC","SEC","A","L","84-120",0.0200041175334786,0.915550420652576,0.789142831518436,0.256621248205328,-0.256621248205328,24.6,"played",NA,NA,NA,41,"Q1"
"2298",2298,"Mississippi Valley St.Texas A&M11-25",2025-11-25,"nc","Texas A&M","Mississippi Valley St.","SEC","SWAC","H","W","120-84",0.915550420652576,0.0200041175334786,0.87694452176131,0.997143844867186,0.00285615513281423,40.4,"played",NA,NA,NA,365,"Q4"
"2299",2299,"Mount St. Mary'sOhio St.11-25",2025-11-25,"nc","Mount St. Mary's","Ohio St.","MAAC","B10","A","L","60-113",0.171353269912124,0.895316100144004,0.789142831518436,0.304393013328042,-0.304393013328042,3.2,"played",NA,NA,NA,35,"Q1"
"2300",2300,"Mount St. Mary'sOhio St.11-25",2025-11-25,"nc","Ohio St.","Mount St. Mary's","B10","MAAC","H","W","113-60",0.895316100144004,0.171353269912124,0.87694452176131,0.97180128755884,0.0281987124411597,98.2,"played",NA,NA,NA,304,"Q4"
"2301",2301,"New Mexico St.UC Irvine11-25",2025-11-25,"nc","New Mexico St.","UC Irvine","CUSA","BW","N","W","57-45",0.595886371690625,0.647327546461626,0.837778001870703,0.73778249099188,0.26221750900812,93.8,"played",NA,NA,NA,128,"Q3"
"2302",2302,"New Mexico St.UC Irvine11-25",2025-11-25,"nc","UC Irvine","New Mexico St.","BW","CUSA","N","L","45-57",0.647327546461626,0.595886371690625,0.837778001870703,0.777893649561857,-0.777893649561857,15.2,"played",NA,NA,NA,140,"Q3"
"2303",2303,"North Carolina CentralUSC Upstate11-25",2025-11-25,"nc","North Carolina Central","USC Upstate","MEAC","BSth","A","L","67-82",0.082756424692227,0.283031250289585,0.789142831518436,0.904585070554709,-0.904585070554709,3.7,"played",NA,NA,NA,285,"Q4"
"2304",2304,"North Carolina CentralUSC Upstate11-25",2025-11-25,"nc","USC Upstate","North Carolina Central","BSth","MEAC","H","W","82-67",0.283031250289585,0.082756424692227,0.87694452176131,0.987497925961696,0.0125020740383036,48.1,"played",NA,NA,NA,344,"Q4"
"2305",2305,"North CarolinaSt. Bonaventure11-25",2025-11-25,"nc","North Carolina","St. Bonaventure","ACC","A10","N","W","85-70",0.886302203670106,0.508897937887209,0.837778001870703,0.832882008344926,0.167117991655074,89.1,"played",NA,NA,NA,144,"Q3"
"2306",2306,"North CarolinaSt. Bonaventure11-25",2025-11-25,"nc","St. Bonaventure","North Carolina","A10","ACC","N","L","70-85",0.508897937887209,0.886302203670106,0.837778001870703,0.398498195407703,-0.398498195407703,49.7,"played",NA,NA,NA,27,"Q1"
"2307",2307,"Northern IllinoisAustin Peay11-25",2025-11-25,"nc","Austin Peay","Northern Illinois","ASun","MAC","H","W","77-59",0.626176067152334,0.136539414444762,0.87694452176131,0.978292340323179,0.0217076596768214,56.7,"played",NA,NA,NA,312,"Q4"
"2308",2308,"Northern IllinoisAustin Peay11-25",2025-11-25,"nc","Northern Illinois","Austin Peay","MAC","ASun","A","L","59-77",0.136539414444762,0.626176067152334,0.789142831518436,0.690812314834955,-0.690812314834955,16.8,"played",NA,NA,NA,149,"Q3"
"2309",2309,"Notre DameRutgers11-25",2025-11-25,"nc","Notre Dame","Rutgers","ACC","B10","N","W","68-63",0.715031990102219,0.514432955930078,0.837778001870703,0.829775853176511,0.170224146823489,85.1,"played",NA,NA,NA,153,"Q3"
"2310",2310,"Notre DameRutgers11-25",2025-11-25,"nc","Rutgers","Notre Dame","B10","ACC","N","L","63-68",0.514432955930078,0.715031990102219,0.837778001870703,0.673011417474528,-0.673011417474528,31.8,"played",NA,NA,NA,81,"Q2"
"2311",2311,"OaklandMontana11-25",2025-11-25,"nc","Montana","Oakland","BSky","Horz","H","L","87-95",0.633343943366853,0.482772141388938,0.87694452176131,0.884192673060866,-0.884192673060866,29.1,"played",NA,NA,NA,135,"Q3"
"2312",2312,"OaklandMontana11-25",2025-11-25,"nc","Oakland","Montana","Horz","BSky","A","W","95-87",0.482772141388938,0.633343943366853,0.789142831518436,0.68420773286188,0.31579226713812,79.7,"played",NA,NA,NA,163,"Q3"
"2313",2313,"Old DominionVillanova11-25",2025-11-25,"nc","Old Dominion","Villanova","SB","BE","A","L","75-89",0.270343466440864,0.914034335117992,0.789142831518436,0.260349308981246,-0.260349308981246,66.6,"played",NA,NA,NA,33,"Q1"
"2314",2314,"Old DominionVillanova11-25",2025-11-25,"nc","Villanova","Old Dominion","BE","SB","H","W","89-75",0.914034335117992,0.270343466440864,0.87694452176131,0.950578683851748,0.0494213161482524,66.4,"played",NA,NA,NA,250,"Q4"
"2315",2315,"OregonSan Diego St.11-25",2025-11-25,"nc","Oregon","San Diego St.","B10","MWC","N","L","80-97",0.75906400244933,0.851808324710779,0.837778001870703,0.473258641801795,-0.473258641801795,41.8,"played",NA,NA,NA,52,"Q2"
"2316",2316,"OregonSan Diego St.11-25",2025-11-25,"nc","San Diego St.","Oregon","MWC","B10","N","W","97-80",0.851808324710779,0.75906400244933,0.837778001870703,0.621103022397128,0.378896977602872,96.2,"played",NA,NA,NA,104,"Q3"
"2317",2317,"Portland St.Utah Tech11-25",2025-11-25,"nc","Portland St.","Utah Tech","BSky","WAC","A","W","68-63",0.428876901216264,0.479891400510013,0.789142831518436,0.802222630355226,0.197777369644774,60.7,"played",NA,NA,NA,199,"Q3"
"2318",2318,"Portland St.Utah Tech11-25",2025-11-25,"nc","Utah Tech","Portland St.","WAC","BSky","H","L","63-68",0.479891400510013,0.428876901216264,0.87694452176131,0.904671517158032,-0.904671517158032,31,"played",NA,NA,NA,137,"Q3"
"2319",2319,"PrincetonTemple11-25",2025-11-25,"nc","Princeton","Temple","Ivy","Amer","N","L","75-79",0.374140326657445,0.562336936676978,0.837778001870703,0.800773464724957,-0.800773464724957,51.3,"played",NA,NA,NA,154,"Q3"
"2320",2320,"PrincetonTemple11-25",2025-11-25,"nc","Temple","Princeton","Amer","Ivy","N","W","79-75",0.562336936676978,0.374140326657445,0.837778001870703,0.896254408598994,0.103745591401006,42.2,"played",NA,NA,NA,239,"Q4"
"2321",2321,"QuinnipiacUCF11-25",2025-11-25,"nc","Quinnipiac","UCF","MAAC","B12","A","L","91-102",0.407246884569133,0.866736847529921,0.789142831518436,0.365251362941497,-0.365251362941497,75.6,"played",NA,NA,NA,39,"Q1"
"2322",2322,"QuinnipiacUCF11-25",2025-11-25,"nc","UCF","Quinnipiac","B12","MAAC","H","W","102-91",0.866736847529921,0.407246884569133,0.87694452176131,0.912069287849074,0.0879307121509264,59.1,"played",NA,NA,NA,184,"Q4"
"2323",2323,"Rhode IslandVermont11-25",2025-11-25,"nc","Rhode Island","Vermont","A10","AE","N","W","80-65",0.580883976567375,0.36871716179202,0.837778001870703,0.898394493660085,0.101605506339915,81.6,"played",NA,NA,NA,207,"Q4"
"2324",2324,"Rhode IslandVermont11-25",2025-11-25,"nc","Vermont","Rhode Island","AE","A10","N","L","65-80",0.36871716179202,0.580883976567375,0.837778001870703,0.788412722867737,-0.788412722867737,15.4,"played",NA,NA,NA,133,"Q3"
"2325",2325,"RiceFlorida Gulf Coast11-25",2025-11-25,"nc","Florida Gulf Coast","Rice","ASun","Amer","H","W","78-63",0.459203789369559,0.305946467034478,0.87694452176131,0.941747346673167,0.0582526533268328,47.8,"played",NA,NA,NA,253,"Q4"
"2326",2326,"RiceFlorida Gulf Coast11-25",2025-11-25,"nc","Rice","Florida Gulf Coast","Amer","ASun","A","L","63-78",0.305946467034478,0.459203789369559,0.789142831518436,0.81507273605116,-0.81507273605116,29,"played",NA,NA,NA,237,"Q3"
"2327",2327,"San Jose St.Tulsa11-25",2025-11-25,"nc","San Jose St.","Tulsa","MWC","Amer","N","L","51-81",0.350163344454164,0.811165327343644,0.837778001870703,0.545917109383529,-0.545917109383529,8.9,"played",NA,NA,NA,47,"Q1"
"2328",2328,"San Jose St.Tulsa11-25",2025-11-25,"nc","Tulsa","San Jose St.","Amer","MWC","N","W","81-51",0.811165327343644,0.350163344454164,0.837778001870703,0.905518929791744,0.0944810702082558,95.9,"played",NA,NA,NA,259,"Q4"
"2329",2329,"Seton HallUSC11-25",2025-11-25,"nc","Seton Hall","USC","BE","B10","N","L","81-83",0.83389156082385,0.805319638928203,0.837778001870703,0.555250255098936,-0.555250255098936,80.5,"played",NA,NA,NA,56,"Q2"
"2330",2330,"Seton HallUSC11-25",2025-11-25,"nc","USC","Seton Hall","B10","BE","N","W","83-81",0.805319638928203,0.83389156082385,0.837778001870703,0.507080738451783,0.492919261548217,83.4,"played",NA,NA,NA,45,"Q1"
"2331",2331,"South Carolina St.Missouri11-25",2025-11-25,"nc","Missouri","South Carolina St.","SEC","MEAC","H","W","98-66",0.837628198528992,0.0507325033248179,0.87694452176131,0.992556422425133,0.00744357757486747,85.4,"played",NA,NA,NA,360,"Q4"
"2332",2332,"South Carolina St.Missouri11-25",2025-11-25,"nc","South Carolina St.","Missouri","MEAC","SEC","A","L","66-98",0.0507325033248179,0.837628198528992,0.789142831518436,0.42045174979891,-0.42045174979891,4.5,"played",NA,NA,NA,70,"Q1"
"2333",2333,"South Dakota St.Utah Valley11-25",2025-11-25,"nc","South Dakota St.","Utah Valley","Sum","WAC","N","L","52-75",0.455349451977215,0.72706613056583,0.837778001870703,0.659709402445061,-0.659709402445061,8.2,"played",NA,NA,NA,96,"Q2"
"2334",2334,"South Dakota St.Utah Valley11-25",2025-11-25,"nc","Utah Valley","South Dakota St.","WAC","Sum","N","W","75-52",0.72706613056583,0.455349451977215,0.837778001870703,0.860670084162074,0.139329915837926,96.1,"played",NA,NA,NA,180,"Q3"
"2335",2335,"Tennessee St.UNC Asheville11-25",2025-11-25,"nc","Tennessee St.","UNC Asheville","OVC","BSth","A","W","75-73",0.211923958515258,0.418702865698982,0.789142831518436,0.838602545116366,0.161397454883634,40.1,"played",NA,NA,NA,232,"Q3"
"2336",2336,"Tennessee St.UNC Asheville11-25",2025-11-25,"nc","UNC Asheville","Tennessee St.","BSth","OVC","H","L","73-75",0.418702865698982,0.211923958515258,0.87694452176131,0.963637441578405,-0.963637441578405,22.4,"played",NA,NA,NA,229,"Q4"
"2337",2337,"UABUTEP11-25",2025-11-25,"nc","UAB","UTEP","Amer","CUSA","N","W","75-59",0.603985278122191,0.277764863908048,0.837778001870703,0.930691687538529,0.0693083124614707,79.5,"played",NA,NA,NA,276,"Q4"
"2338",2338,"UABUTEP11-25",2025-11-25,"nc","UTEP","UAB","CUSA","Amer","N","L","59-75",0.277764863908048,0.603985278122191,0.837778001870703,0.772008807274489,-0.772008807274489,13.1,"played",NA,NA,NA,122,"Q3"
"2339",2339,"WinthropNebraska11-25",2025-11-25,"nc","Nebraska","Winthrop","B10","BSth","H","W","80-73",0.960111303481749,0.429719171865507,0.87694452176131,0.904374623248957,0.095625376751043,63,"played",NA,NA,NA,130,"Q3"
"2340",2340,"WinthropNebraska11-25",2025-11-25,"nc","Winthrop","Nebraska","BSth","B10","A","L","73-80",0.429719171865507,0.960111303481749,0.789142831518436,0.134564422606148,-0.134564422606148,91.4,"played",NA,NA,NA,7,"Q1"
"2341",2341,"Wright St.Stetson11-25",2025-11-25,"nc","Stetson","Wright St.","ASun","Horz","H","L","62-79",0.223300374896591,0.571577739895169,0.87694452176131,0.84231002581507,-0.84231002581507,4.1,"played",NA,NA,NA,136,"Q3"
"2342",2342,"Wright St.Stetson11-25",2025-11-25,"nc","Wright St.","Stetson","Horz","ASun","A","W","79-62",0.571577739895169,0.223300374896591,0.789142831518436,0.928661106603634,0.0713388933963659,90,"played",NA,NA,NA,327,"Q4"
"2343",2343,"Dominican (IL)Milwaukee11-25",2025-11-25,"nond1","Milwaukee","Dominican (IL)","Horz",NA,"H","W","70-125",NA,NA,NA,NA,0,NA,"played",NA,NA,NA,NA,NA
"2344",2344,"ChaminadeTexas11-25",2025-11-25,"nond1","Texas","Chaminade","SEC",NA,"N","W","78-119",NA,NA,NA,NA,0,NA,"played",NA,NA,NA,NA,NA
"2345",2345,"Tennessee SouthernNorth Alabama11-25",2025-11-25,"nond1","North Alabama","Tennessee Southern","ASun",NA,"H","W","60-92",NA,NA,NA,NA,0,NA,"played",NA,NA,NA,NA,NA
"2346",2346,"PiedmontCharleston Southern11-25",2025-11-25,"nond1","Charleston Southern","Piedmont","BSth",NA,"H","W","81-93",NA,NA,NA,NA,0,NA,"played",NA,NA,NA,NA,NA
"2347",2347,"Salve ReginaNew Haven11-25",2025-11-25,"nond1","New Haven","Salve Regina","NEC",NA,"H","W","47-78",NA,NA,NA,NA,0,NA,"played",NA,NA,NA,NA,NA
"2348",2348,"AdrianCentral Michigan11-25",2025-11-25,"nond1","Central Michigan","Adrian","MAC",NA,"H","W","67-112",NA,NA,NA,NA,0,NA,"played",NA,NA,NA,NA,NA
"2349",2349,"Virginia-LynchburgNorfolk St.11-25",2025-11-25,"nond1","Norfolk St.","Virginia-Lynchburg","MEAC",NA,"H","W","79-136",NA,NA,NA,NA,0,NA,"played",NA,NA,NA,NA,NA
"2350",2350,"Washington Col.Loyola MD11-25",2025-11-25,"nond1","Loyola MD","Washington Col.","Pat",NA,"H","W","51-101",NA,NA,NA,NA,0,NA,"played",NA,NA,NA,NA,NA
"2351",2351,"Rutgers-CamdenSaint Joseph's11-25",2025-11-25,"nond1","Saint Joseph's","Rutgers-Camden","A10",NA,"H","W","61-100",NA,NA,NA,NA,0,NA,"played",NA,NA,NA,NA,NA
"2352",2352,"WaynesburgCleveland St.11-25",2025-11-25,"nond1","Cleveland St.","Waynesburg","Horz",NA,"H","W","56-109",NA,NA,NA,NA,0,NA,"played",NA,NA,NA,NA,NA
"2353",2353,"San Francisco St.Sacramento St.11-25",2025-11-25,"nond1","Sacramento St.","San Francisco St.","BSky",NA,"H","W","46-94",NA,NA,NA,NA,0,NA,"played",NA,NA,NA,NA,NA
"2354",2354,"BresciaTennessee Martin11-25",2025-11-25,"nond1","Tennessee Martin","Brescia","OVC",NA,"H","W","50-75",NA,NA,NA,NA,0,NA,"played",NA,NA,NA,NA,NA
"2355",2355,"Alabama St.New Mexico11-26",2025-11-26,"nc","Alabama St.","New Mexico","SWAC","MWC","A","L","87-93",0.161273195651384,0.889177912187195,0.789142831518436,0.318080985198017,-0.318080985198017,88.5,"played",NA,NA,NA,42,"Q1"
"2356",2356,"Alabama St.New Mexico11-26",2025-11-26,"nc","New Mexico","Alabama St.","MWC","SWAC","H","W","93-87",0.889177912187195,0.161273195651384,0.87694452176131,0.973727114931155,0.026272885068845,16.7,"played",NA,NA,NA,313,"Q4"
"2357",2357,"AlabamaMaryland11-26",2025-11-26,"nc","Alabama","Maryland","SEC","B10","N","W","105-72",0.938193054731862,0.649382320058387,0.837778001870703,0.736035195543301,0.263964804456699,98.9,"played",NA,NA,NA,152,"Q3"
"2358",2358,"AlabamaMaryland11-26",2025-11-26,"nc","Maryland","Alabama","B10","SEC","N","L","72-105",0.649382320058387,0.938193054731862,0.837778001870703,0.253855777846417,-0.253855777846417,23.9,"played",NA,NA,NA,19,"Q1"
"2359",2359,"Appalachian St.Mercer11-26",2025-11-26,"nc","Appalachian St.","Mercer","SB","SC","A","L","67-75",0.322413113123934,0.653833270716202,0.789142831518436,0.664593982193898,-0.664593982193898,56.8,"played",NA,NA,NA,125,"Q2"
"2360",2360,"Appalachian St.Mercer11-26",2025-11-26,"nc","Mercer","Appalachian St.","SC","SB","H","W","75-67",0.653833270716202,0.322413113123934,0.87694452176131,0.937409842186305,0.0625901578136946,40.6,"played",NA,NA,NA,212,"Q4"
"2361",2361,"Arizona St.USC11-26",2025-11-26,"nc","Arizona St.","USC","B12","B10","N","L","75-88",0.701699555932265,0.805319638928203,0.837778001870703,0.555250255098936,-0.555250255098936,54.5,"played",NA,NA,NA,56,"Q2"
"2362",2362,"Arizona St.USC11-26",2025-11-26,"nc","USC","Arizona St.","B10","B12","N","W","88-75",0.805319638928203,0.701699555932265,0.837778001870703,0.687054216277166,0.312945783722834,89.1,"played",NA,NA,NA,93,"Q2"
"2363",2363,"ArmyFairleigh Dickinson11-26",2025-11-26,"nc","Army","Fairleigh Dickinson","Pat","NEC","A","W","81-73",0.121286957424866,0.183963005479034,0.789142831518436,0.943186569817656,0.0568134301823435,31.7,"played",NA,NA,NA,339,"Q4"
"2364",2364,"ArmyFairleigh Dickinson11-26",2025-11-26,"nc","Fairleigh Dickinson","Army","NEC","Pat","H","L","73-81",0.183963005479034,0.121286957424866,0.87694452176131,0.980999516370392,-0.980999516370392,6.3,"played",NA,NA,NA,320,"Q4"
"2365",2365,"AuburnSt. John's11-26",2025-11-26,"nc","Auburn","St. John's","SEC","BE","N","W","85-74",0.885700111602542,0.92103732949004,0.837778001870703,0.306881785987939,0.693118214012061,96,"played",NA,NA,NA,23,"Q1"
"2366",2366,"AuburnSt. John's11-26",2025-11-26,"nc","St. John's","Auburn","BE","SEC","N","L","74-85",0.92103732949004,0.885700111602542,0.837778001870703,0.399927925093432,-0.399927925093432,79.2,"played",NA,NA,NA,34,"Q1"
"2367",2367,"BaylorSan Diego St.11-26",2025-11-26,"nc","Baylor","San Diego St.","B12","MWC","N","W","91-81",0.797816469804423,0.851808324710779,0.837778001870703,0.473258641801795,0.526741358198205,94.1,"played",NA,NA,NA,52,"Q2"
"2368",2368,"BaylorSan Diego St.11-26",2025-11-26,"nc","San Diego St.","Baylor","MWC","B12","N","L","81-91",0.851808324710779,0.797816469804423,0.837778001870703,0.566868177066302,-0.566868177066302,58.7,"played",NA,NA,NA,53,"Q2"
"2369",2369,"BelmontToledo11-26",2025-11-26,"nc","Belmont","Toledo","MVC","MAC","N","W","87-72",0.751068993936056,0.484941205057809,0.837778001870703,0.845801086865182,0.154198913134818,77.8,"played",NA,NA,NA,169,"Q3"
"2370",2370,"BelmontToledo11-26",2025-11-26,"nc","Toledo","Belmont","MAC","MVC","N","L","72-87",0.484941205057809,0.751068993936056,0.837778001870703,0.631222667151222,-0.631222667151222,44.8,"played",NA,NA,NA,64,"Q2"
"2371",2371,"Bowling GreenVMI11-26",2025-11-26,"nc","Bowling Green","VMI","MAC","SC","N","W","81-48",0.648152559371814,0.108670301644398,0.837778001870703,0.976936789966572,0.0230632100334283,97.4,"played",NA,NA,NA,353,"Q4"
"2372",2372,"Bowling GreenVMI11-26",2025-11-26,"nc","VMI","Bowling Green","SC","MAC","N","L","48-81",0.108670301644398,0.648152559371814,0.837778001870703,0.737082391143838,-0.737082391143838,0.6,"played",NA,NA,NA,101,"Q3"
"2373",2373,"BradleyLiberty11-26",2025-11-26,"nc","Bradley","Liberty","MVC","CUSA","N","W","74-64",0.552773882823195,0.68978743846636,0.837778001870703,0.699025493985604,0.300974506014396,95.2,"played",NA,NA,NA,84,"Q2"
"2374",2374,"BradleyLiberty11-26",2025-11-26,"nc","Liberty","Bradley","CUSA","MVC","N","L","64-74",0.68978743846636,0.552773882823195,0.837778001870703,0.806886153412191,-0.806886153412191,12.1,"played",NA,NA,NA,124,"Q3"
"2375",2375,"BrownNew Hampshire11-26",2025-11-26,"nc","Brown","New Hampshire","Ivy","AE","A","W","59-47",0.22903256495286,0.294034884198752,0.789142831518436,0.899856735898056,0.100143264101944,78.6,"played",NA,NA,NA,323,"Q4"
"2376",2376,"BrownNew Hampshire11-26",2025-11-26,"nc","New Hampshire","Brown","AE","Ivy","H","L","47-59",0.294034884198752,0.22903256495286,0.87694452176131,0.959982199400525,-0.959982199400525,3.3,"played",NA,NA,NA,275,"Q4"
"2377",2377,"BucknellBuffalo11-26",2025-11-26,"nc","Bucknell","Buffalo","Pat","MAC","N","L","71-73",0.167417621441543,0.466238321418225,0.837778001870703,0.855330970648258,-0.855330970648258,35.8,"played",NA,NA,NA,165,"Q3"
"2378",2378,"BucknellBuffalo11-26",2025-11-26,"nc","Buffalo","Bucknell","MAC","Pat","N","W","73-71",0.466238321418225,0.167417621441543,0.837778001870703,0.962522913312806,0.0374770866871942,23.9,"played",NA,NA,NA,333,"Q4"
"2379",2379,"Cal St. NorthridgeIdaho11-26",2025-11-26,"nc","Cal St. Northridge","Idaho","BW","BSky","N","L","64-78",0.463486642857306,0.511179030614867,0.837778001870703,0.831607613267151,-0.831607613267151,18.9,"played",NA,NA,NA,158,"Q3"
"2380",2380,"Cal St. NorthridgeIdaho11-26",2025-11-26,"nc","Idaho","Cal St. Northridge","BSky","BW","N","W","78-64",0.511179030614867,0.463486642857306,0.837778001870703,0.856694330986012,0.143305669013988,79.5,"played",NA,NA,NA,209,"Q4"
"2381",2381,"Colorado St.Virginia Tech11-26",2025-11-26,"nc","Colorado St.","Virginia Tech","MWC","ACC","N","L","64-66",0.698754267486325,0.80898784676125,0.837778001870703,0.54942322362581,-0.54942322362581,70.2,"played",NA,NA,NA,51,"Q2"
"2382",2382,"Colorado St.Virginia Tech11-26",2025-11-26,"nc","Virginia Tech","Colorado St.","ACC","MWC","N","W","66-64",0.80898784676125,0.698754267486325,0.837778001870703,0.690063157292523,0.309936842707477,80.6,"played",NA,NA,NA,92,"Q2"
"2383",2383,"ColumbiaFairfield11-26",2025-11-26,"nc","Columbia","Fairfield","Ivy","MAAC","A","W","106-77",0.408052728218098,0.35586849615359,0.789142831518436,0.871367911823899,0.128632088176101,94.4,"played",NA,NA,NA,248,"Q4"
"2384",2384,"ColumbiaFairfield11-26",2025-11-26,"nc","Fairfield","Columbia","MAAC","Ivy","H","L","77-106",0.35586849615359,0.408052728218098,0.87694452176131,0.911801277983662,-0.911801277983662,2.2,"played",NA,NA,NA,151,"Q3"
"2385",2385,"DenverWyoming11-26",2025-11-26,"nc","Denver","Wyoming","Sum","MWC","A","L","59-101",0.263838573314094,0.76314542480965,0.789142831518436,0.53737119837597,-0.53737119837597,4.8,"played",NA,NA,NA,100,"Q2"
"2386",2386,"DenverWyoming11-26",2025-11-26,"nc","Wyoming","Denver","MWC","Sum","H","W","101-59",0.76314542480965,0.263838573314094,0.87694452176131,0.952116681640977,0.0478833183590227,95.8,"played",NA,NA,NA,251,"Q4"
"2387",2387,"Eastern MichiganCincinnati11-26",2025-11-26,"nc","Cincinnati","Eastern Michigan","B12","MAC","H","L","56-64",0.873465038086542,0.375757933331981,0.87694452176131,0.922112482630347,-0.922112482630347,5.7,"played",NA,NA,NA,179,"Q4"
"2388",2388,"Eastern MichiganCincinnati11-26",2025-11-26,"nc","Eastern Michigan","Cincinnati","MAC","B12","A","W","64-56",0.375757933331981,0.873465038086542,0.789142831518436,0.351561364376916,0.648438635623084,98.6,"played",NA,NA,NA,72,"Q1"
"2389",2389,"Fresno St.Pepperdine11-26",2025-11-26,"nc","Fresno St.","Pepperdine","MWC","WCC","N","W","76-53",0.562097903201018,0.277340941480086,0.837778001870703,0.930827935611281,0.0691720643887189,76.5,"played",NA,NA,NA,267,"Q4"
"2390",2390,"Fresno St.Pepperdine11-26",2025-11-26,"nc","Pepperdine","Fresno St.","WCC","MWC","N","L","53-76",0.277340941480086,0.562097903201018,0.837778001870703,0.800928355639191,-0.800928355639191,13.1,"played",NA,NA,NA,139,"Q3"
"2391",2391,"Gardner WebbNavy11-26",2025-11-26,"nc","Gardner Webb","Navy","BSth","Pat","N","L","51-84",0.0423529882782095,0.386884864328095,0.837778001870703,0.891118084320622,-0.891118084320622,0.6,"played",NA,NA,NA,193,"Q3"
"2392",2392,"Gardner WebbNavy11-26",2025-11-26,"nc","Navy","Gardner Webb","Pat","BSth","N","W","84-51",0.386884864328095,0.0423529882782095,0.837778001870703,0.991509054010129,0.00849094598987088,81.7,"played",NA,NA,NA,363,"Q4"
"2393",2393,"Georgia St.New Mexico St.11-26",2025-11-26,"nc","Georgia St.","New Mexico St.","SB","CUSA","N","L","58-77",0.265187797459854,0.595886371690625,0.837778001870703,0.777893649561857,-0.777893649561857,12,"played",NA,NA,NA,140,"Q3"
"2394",2394,"Georgia St.New Mexico St.11-26",2025-11-26,"nc","New Mexico St.","Georgia St.","CUSA","SB","N","W","77-58",0.595886371690625,0.265187797459854,0.837778001870703,0.934683550386727,0.0653164496132733,79.6,"played",NA,NA,NA,261,"Q4"
"2395",2395,"GonzagaMichigan11-26",2025-11-26,"nc","Gonzaga","Michigan","WCC","B10","N","L","61-101",0.953797375405029,0.982906196444088,0.837778001870703,0.0824125421099453,-0.0824125421099453,26.3,"played",NA,NA,NA,1,"Q1"
"2396",2396,"GonzagaMichigan11-26",2025-11-26,"nc","Michigan","Gonzaga","B10","WCC","N","W","101-61",0.982906196444088,0.953797375405029,0.837778001870703,0.200106758650461,0.799893241349539,100,"played",NA,NA,NA,4,"Q1"
"2397",2397,"Grand CanyonIowa11-26",2025-11-26,"nc","Grand Canyon","Iowa","MWC","B10","N","L","46-59",0.796468568007754,0.933642503600699,0.837778001870703,0.268499377828653,-0.268499377828653,57.4,"played",NA,NA,NA,21,"Q1"
"2398",2398,"Grand CanyonIowa11-26",2025-11-26,"nc","Iowa","Grand Canyon","B10","MWC","N","W","59-46",0.933642503600699,0.796468568007754,0.837778001870703,0.568913633345435,0.431086366654565,97.6,"played",NA,NA,NA,86,"Q2"
"2399",2399,"HarvardBoston College11-26",2025-11-26,"nc","Boston College","Harvard","ACC","Ivy","H","W","73-60",0.611273164360049,0.3540000459956,0.87694452176131,0.928595399712616,0.0714046002873839,85.1,"played",NA,NA,NA,182,"Q4"
"2400",2400,"HarvardBoston College11-26",2025-11-26,"nc","Harvard","Boston College","Ivy","ACC","A","L","60-73",0.3540000459956,0.611273164360049,0.789142831518436,0.704141763062635,-0.704141763062635,13.1,"played",NA,NA,NA,157,"Q3"
"2401",2401,"Houston ChristianThe Citadel11-26",2025-11-26,"nc","Houston Christian","The Citadel","Slnd","SC","A","W","72-65",0.166904500846973,0.140154923802397,0.789142831518436,0.958264437000095,0.0417355629999049,41.9,"played",NA,NA,NA,350,"Q4"
"2402",2402,"Houston ChristianThe Citadel11-26",2025-11-26,"nc","The Citadel","Houston Christian","SC","Slnd","H","L","65-72",0.140154923802397,0.166904500846973,0.87694452176131,0.972656041762217,-0.972656041762217,4.3,"played",NA,NA,NA,297,"Q4"
"2403",2403,"HoustonNotre Dame11-26",2025-11-26,"nc","Houston","Notre Dame","B12","ACC","N","W","66-56",0.971060988167615,0.715031990102219,0.837778001870703,0.673011417474528,0.326988582525472,97.8,"played",NA,NA,NA,81,"Q2"
"2404",2404,"HoustonNotre Dame11-26",2025-11-26,"nc","Notre Dame","Houston","ACC","B12","N","L","56-66",0.715031990102219,0.971060988167615,0.837778001870703,0.133378507162459,-0.133378507162459,65.1,"played",NA,NA,NA,10,"Q1"
"2405",2405,"Idaho St.Sam Houston St.11-26",2025-11-26,"nc","Idaho St.","Sam Houston St.","BSky","CUSA","N","L","81-84",0.403110338247001,0.639551105280286,0.837778001870703,0.744287010671956,-0.744287010671956,56.2,"played",NA,NA,NA,105,"Q3"
"2406",2406,"Idaho St.Sam Houston St.11-26",2025-11-26,"nc","Sam Houston St.","Idaho St.","CUSA","BSky","N","W","84-81",0.639551105280286,0.403110338247001,0.837778001870703,0.884352539512476,0.115647460487524,48.2,"played",NA,NA,NA,174,"Q3"
"2407",2407,"Illinois ChicagoRobert Morris11-26",2025-11-26,"nc","Illinois Chicago","Robert Morris","MVC","Horz","A","L","74-88",0.500741447619587,0.517536678288298,0.789142831518436,0.777229028620444,-0.777229028620444,7.7,"played",NA,NA,NA,186,"Q3"
"2408",2408,"Illinois ChicagoRobert Morris11-26",2025-11-26,"nc","Robert Morris","Illinois Chicago","Horz","MVC","H","W","88-74",0.517536678288298,0.500741447619587,0.87694452176131,0.876624116731868,0.123375883268132,92.8,"played",NA,NA,NA,161,"Q4"
"2409",2409,"Indiana St.Louisiana Tech11-26",2025-11-26,"nc","Indiana St.","Louisiana Tech","MVC","CUSA","A","L","73-75",0.363662236714813,0.333416655235645,0.789142831518436,0.882107278744537,-0.882107278744537,26.5,"played",NA,NA,NA,264,"Q4"
"2410",2410,"Indiana St.Louisiana Tech11-26",2025-11-26,"nc","Louisiana Tech","Indiana St.","CUSA","MVC","H","W","75-73",0.333416655235645,0.363662236714813,0.87694452176131,0.925760033172288,0.0742399668277122,44.3,"played",NA,NA,NA,205,"Q4"
"2411",2411,"Iowa St.Syracuse11-26",2025-11-26,"nc","Iowa St.","Syracuse","B12","ACC","N","W","95-64",0.949921444310501,0.791222722535751,0.837778001870703,0.576757334457566,0.423242665542434,98.4,"played",NA,NA,NA,77,"Q2"
"2412",2412,"Iowa St.Syracuse11-26",2025-11-26,"nc","Syracuse","Iowa St.","ACC","B12","N","L","64-95",0.791222722535751,0.949921444310501,0.837778001870703,0.21399693330746,-0.21399693330746,54.6,"played",NA,NA,NA,6,"Q1"
"2413",2413,"Jacksonville St.North Dakota St.11-26",2025-11-26,"nc","Jacksonville St.","North Dakota St.","CUSA","Sum","N","L","43-56",0.367087747790673,0.604181055996285,0.837778001870703,0.771864695346948,-0.771864695346948,5.1,"played",NA,NA,NA,132,"Q3"
"2414",2414,"Jacksonville St.North Dakota St.11-26",2025-11-26,"nc","North Dakota St.","Jacksonville St.","Sum","CUSA","N","W","56-43",0.604181055996285,0.367087747790673,0.837778001870703,0.899032297496235,0.100967702503765,94.3,"played",NA,NA,NA,245,"Q4"
"2415",2415,"KansasTennessee11-26",2025-11-26,"nc","Kansas","Tennessee","B12","SEC","N","W","81-76",0.94331997857627,0.933763782452285,0.837778001870703,0.268114746780033,0.731885253219967,94.2,"played",NA,NA,NA,26,"Q1"
"2416",2416,"KansasTennessee11-26",2025-11-26,"nc","Tennessee","Kansas","SEC","B12","N","L","76-81",0.933763782452285,0.94331997857627,0.837778001870703,0.236819493673805,-0.236819493673805,93.5,"played",NA,NA,NA,18,"Q1"
"2417",2417,"Kennesaw St.Florida Gulf Coast11-26",2025-11-26,"nc","Florida Gulf Coast","Kennesaw St.","ASun","CUSA","H","L","100-102",0.459203789369559,0.417773718358861,0.87694452176131,0.908522587405783,-0.908522587405783,38.7,"played",NA,NA,NA,159,"Q3"
"2418",2418,"Kennesaw St.Florida Gulf Coast11-26",2025-11-26,"nc","Kennesaw St.","Florida Gulf Coast","CUSA","ASun","A","W","102-100",0.417773718358861,0.459203789369559,0.789142831518436,0.81507273605116,0.18492726394884,49.1,"played",NA,NA,NA,237,"Q3"
"2419",2419,"LipscombMarshall11-26",2025-11-26,"nc","Lipscomb","Marshall","ASun","SB","A","W","90-67",0.400063738169319,0.564591704093553,0.789142831518436,0.74268055731084,0.25731944268916,98.2,"played",NA,NA,NA,138,"Q3"
"2420",2420,"LipscombMarshall11-26",2025-11-26,"nc","Marshall","Lipscomb","SB","ASun","H","L","67-90",0.564591704093553,0.400063738169319,0.87694452176131,0.914433271367804,-0.914433271367804,1.6,"played",NA,NA,NA,160,"Q3"
"2421",2421,"Long Beach St.Portland11-26",2025-11-26,"nc","Long Beach St.","Portland","BW","WCC","A","L","73-93",0.276270766068189,0.553963766133518,0.789142831518436,0.750834377479532,-0.750834377479532,9.7,"played",NA,NA,NA,215,"Q3"
"2422",2422,"Long Beach St.Portland11-26",2025-11-26,"nc","Portland","Long Beach St.","WCC","BW","H","W","93-73",0.553963766133518,0.276270766068189,0.87694452176131,0.949157607123227,0.0508423928767727,81.6,"played",NA,NA,NA,240,"Q4"
"2423",2423,"Loyola ChicagoSan Jose St.11-26",2025-11-26,"nc","Loyola Chicago","San Jose St.","A10","MWC","N","L","51-63",0.227740076694746,0.350163344454164,0.837778001870703,0.905518929791744,-0.905518929791744,13.3,"played",NA,NA,NA,259,"Q4"
"2424",2424,"Loyola ChicagoSan Jose St.11-26",2025-11-26,"nc","San Jose St.","Loyola Chicago","MWC","A10","N","W","63-51",0.350163344454164,0.227740076694746,0.837778001870703,0.945981866913749,0.054018133086251,50.9,"played",NA,NA,NA,315,"Q4"
"2425",2425,"Miami OHUNC Greensboro11-26",2025-11-26,"nc","Miami OH","UNC Greensboro","MAC","SC","N","W","82-71",0.76010126329387,0.221383159330961,0.837778001870703,0.947817337924864,0.0521826620751361,35.7,"played",NA,NA,NA,295,"Q4"
"2426",2426,"Miami OHUNC Greensboro11-26",2025-11-26,"nc","UNC Greensboro","Miami OH","SC","MAC","N","L","71-82",0.221383159330961,0.76010126329387,0.837778001870703,0.619765410563241,-0.619765410563241,61.9,"played",NA,NA,NA,49,"Q1"
"2427",2427,"MississippiUtah11-26",2025-11-26,"nc","Mississippi","Utah","SEC","B12","N","L","74-75",0.723123972088137,0.668822416405685,0.837778001870703,0.718882169158974,-0.718882169158974,53.9,"played",NA,NA,NA,117,"Q3"
"2428",2428,"MississippiUtah11-26",2025-11-26,"nc","Utah","Mississippi","B12","SEC","N","W","75-74",0.668822416405685,0.723123972088137,0.837778001870703,0.664135094467405,0.335864905532595,81.9,"played",NA,NA,NA,87,"Q2"
"2429",2429,"N.C. StateTexas11-26",2025-11-26,"nc","N.C. State","Texas","ACC","SEC","N","L","97-102",0.903953419730266,0.850832274697161,0.837778001870703,0.475181344456037,-0.475181344456037,74.4,"played",NA,NA,NA,43,"Q1"
"2430",2430,"N.C. StateTexas11-26",2025-11-26,"nc","Texas","N.C. State","SEC","ACC","N","W","102-97",0.850832274697161,0.903953419730266,0.837778001870703,0.354307740672655,0.645692259327345,94.9,"played",NA,NA,NA,29,"Q1"
"2431",2431,"Nebraska OmahaFIU11-26",2025-11-26,"nc","FIU","Nebraska Omaha","CUSA","Sum","H","W","74-61",0.568091309363212,0.245482919288472,0.87694452176131,0.956339074498325,0.0436609255016746,73.6,"played",NA,NA,NA,281,"Q4"
"2432",2432,"Nebraska OmahaFIU11-26",2025-11-26,"nc","Nebraska Omaha","FIU","Sum","CUSA","A","L","61-74",0.245482919288472,0.568091309363212,0.789142831518436,0.739948017865934,-0.739948017865934,13.3,"played",NA,NA,NA,198,"Q3"
"2433",2433,"New OrleansTexas Tech11-26",2025-11-26,"nc","New Orleans","Texas Tech","Slnd","B12","A","L","50-82",0.331235610868882,0.952998790803517,0.789142831518436,0.155818723619252,-0.155818723619252,28.1,"played",NA,NA,NA,17,"Q1"
"2434",2434,"New OrleansTexas Tech11-26",2025-11-26,"nc","Texas Tech","New Orleans","B12","Slnd","H","W","82-50",0.952998790803517,0.331235610868882,0.87694452176131,0.93501525605322,0.0649847439467803,96.3,"played",NA,NA,NA,231,"Q4"
"2435",2435,"NJITLouisville11-26",2025-11-26,"nc","Louisville","NJIT","ACC","AE","H","W","104-47",0.960766906153242,0.108362596707915,0.87694452176131,0.983232201292529,0.0167677987074712,99.6,"played",NA,NA,NA,332,"Q4"
"2436",2436,"NJITLouisville11-26",2025-11-26,"nc","NJIT","Louisville","AE","ACC","A","L","47-104",0.108362596707915,0.960766906153242,0.789142831518436,0.132567603493666,-0.132567603493666,1.3,"played",NA,NA,NA,15,"Q1"
"2437",2437,"Northern ColoradoAir Force11-26",2025-11-26,"nc","Air Force","Northern Colorado","MWC","BSky","H","L","53-71",0.183685442633759,0.441176952284647,0.87694452176131,0.900267043852585,-0.900267043852585,8.7,"played",NA,NA,NA,164,"Q4"
"2438",2438,"Northern ColoradoAir Force11-26",2025-11-26,"nc","Northern Colorado","Air Force","BSky","MWC","A","W","71-53",0.441176952284647,0.183685442633759,0.789142831518436,0.943285622791657,0.0567143772083434,65.1,"played",NA,NA,NA,336,"Q4"
"2439",2439,"Northern IowaTulsa11-26",2025-11-26,"nc","Northern Iowa","Tulsa","MVC","Amer","N","L","60-63",0.693525931991546,0.811165327343644,0.837778001870703,0.545917109383529,-0.545917109383529,65,"played",NA,NA,NA,47,"Q1"
"2440",2440,"Northern IowaTulsa11-26",2025-11-26,"nc","Tulsa","Northern Iowa","Amer","MVC","N","W","63-60",0.811165327343644,0.693525931991546,0.837778001870703,0.695324614589526,0.304675385410474,84,"played",NA,NA,NA,102,"Q3"
"2441",2441,"Oral RobertsRice11-26",2025-11-26,"nc","Oral Roberts","Rice","Sum","Amer","N","L","62-81",0.191503918572945,0.378218208780178,0.837778001870703,0.894627459290118,-0.894627459290118,3.6,"played",NA,NA,NA,253,"Q4"
"2442",2442,"Oral RobertsRice11-26",2025-11-26,"nc","Rice","Oral Roberts","Amer","Sum","N","W","81-62",0.378218208780178,0.191503918572945,0.837778001870703,0.956146430636071,0.0438535693639289,79.6,"played",NA,NA,NA,317,"Q4"
"2443",2443,"PrincetonVermont11-26",2025-11-26,"nc","Princeton","Vermont","Ivy","AE","N","L","74-79",0.374140326657445,0.36871716179202,0.837778001870703,0.898394493660085,-0.898394493660085,13.3,"played",NA,NA,NA,207,"Q4"
"2444",2444,"PrincetonVermont11-26",2025-11-26,"nc","Vermont","Princeton","AE","Ivy","N","W","79-74",0.36871716179202,0.374140326657445,0.837778001870703,0.896254408598994,0.103745591401006,69.5,"played",NA,NA,NA,239,"Q4"
"2445",2445,"Rhode IslandTemple11-26",2025-11-26,"nc","Rhode Island","Temple","A10","Amer","N","W","90-75",0.580883976567375,0.562336936676978,0.837778001870703,0.800773464724957,0.199226535275043,87.1,"played",NA,NA,NA,154,"Q3"
"2446",2446,"Rhode IslandTemple11-26",2025-11-26,"nc","Temple","Rhode Island","Amer","A10","N","L","75-90",0.562336936676978,0.580883976567375,0.837778001870703,0.788412722867737,-0.788412722867737,20.8,"played",NA,NA,NA,133,"Q3"
"2447",2447,"Saint FrancisTroy11-26",2025-11-26,"nc","Saint Francis","Troy","NEC","SB","N","L","64-74",0.0891066548114456,0.65047439776684,0.837778001870703,0.735101581295926,-0.735101581295926,51.1,"played",NA,NA,NA,103,"Q3"
"2448",2448,"Saint FrancisTroy11-26",2025-11-26,"nc","Troy","Saint Francis","SB","NEC","N","W","74-64",0.65047439776684,0.0891066548114456,0.837778001870703,0.981410231316293,0.0185897686837069,14.8,"played",NA,NA,NA,354,"Q4"
"2449",2449,"Saint Mary'sWichita St.11-26",2025-11-26,"nc","Saint Mary's","Wichita St.","WCC","Amer","N","W","70-65",0.878409665694824,0.672223978372798,0.837778001870703,0.715760073190023,0.284239926809977,81.6,"played",NA,NA,NA,95,"Q2"
"2450",2450,"Saint Mary'sWichita St.11-26",2025-11-26,"nc","Wichita St.","Saint Mary's","Amer","WCC","N","L","65-70",0.672223978372798,0.878409665694824,0.837778001870703,0.416862105193684,-0.416862105193684,77,"played",NA,NA,NA,28,"Q1"
"2451",2451,"SamfordUtah Valley11-26",2025-11-26,"nc","Samford","Utah Valley","SC","WAC","N","L","45-89",0.223178231829703,0.72706613056583,0.837778001870703,0.659709402445061,-0.659709402445061,0.5,"played",NA,NA,NA,96,"Q2"
"2452",2452,"SamfordUtah Valley11-26",2025-11-26,"nc","Utah Valley","Samford","WAC","SC","N","W","89-45",0.72706613056583,0.223178231829703,0.837778001870703,0.947301360836567,0.052698639163433,99.3,"played",NA,NA,NA,269,"Q4"
"2453",2453,"Seton HallWashington St.11-26",2025-11-26,"nc","Seton Hall","Washington St.","BE","WCC","N","W","75-61",0.83389156082385,0.56322760881236,0.837778001870703,0.800195356317295,0.199804643682705,95.3,"played",NA,NA,NA,156,"Q3"
"2454",2454,"Seton HallWashington St.11-26",2025-11-26,"nc","Washington St.","Seton Hall","WCC","BE","N","L","61-75",0.56322760881236,0.83389156082385,0.837778001870703,0.507080738451783,-0.507080738451783,24.2,"played",NA,NA,NA,45,"Q1"
"2455",2455,"South Dakota St.UC Irvine11-26",2025-11-26,"nc","South Dakota St.","UC Irvine","Sum","BW","N","L","52-64",0.455349451977215,0.647327546461626,0.837778001870703,0.73778249099188,-0.73778249099188,16,"played",NA,NA,NA,128,"Q3"
"2456",2456,"South Dakota St.UC Irvine11-26",2025-11-26,"nc","UC Irvine","South Dakota St.","BW","Sum","N","W","64-52",0.647327546461626,0.455349451977215,0.837778001870703,0.860670084162074,0.139329915837926,89,"played",NA,NA,NA,180,"Q3"
"2457",2457,"South FloridaVCU11-26",2025-11-26,"nc","South Florida","VCU","Amer","A10","N","L","66-78",0.776813075445591,0.782095221007112,0.837778001870703,0.589976703040199,-0.589976703040199,51.2,"played",NA,NA,NA,55,"Q2"
"2458",2458,"South FloridaVCU11-26",2025-11-26,"nc","VCU","South Florida","A10","Amer","N","W","78-66",0.782095221007112,0.776813075445591,0.837778001870703,0.597388912377917,0.402611087622083,92.3,"played",NA,NA,NA,66,"Q2"
"2459",2459,"Southeast Missouri St.Northern Arizona11-26",2025-11-26,"nc","Northern Arizona","Southeast Missouri St.","BSky","OVC","H","W","79-72",0.24304227579025,0.215113414869716,0.87694452176131,0.962966020309848,0.0370339796901523,55.1,"played",NA,NA,NA,242,"Q4"
"2460",2460,"Southeast Missouri St.Northern Arizona11-26",2025-11-26,"nc","Southeast Missouri St.","Northern Arizona","OVC","BSky","A","L","72-79",0.215113414869716,0.24304227579025,0.789142831518436,0.920987351691882,-0.920987351691882,6.7,"played",NA,NA,NA,318,"Q4"
"2461",2461,"Southeastern LouisianaUNC Wilmington11-26",2025-11-26,"nc","Southeastern Louisiana","UNC Wilmington","Slnd","CAA","A","L","57-70",0.210763265088124,0.611618585583143,0.789142831518436,0.703838784355614,-0.703838784355614,38.1,"played",NA,NA,NA,109,"Q2"
"2462",2462,"Southeastern LouisianaUNC Wilmington11-26",2025-11-26,"nc","UNC Wilmington","Southeastern Louisiana","CAA","Slnd","H","W","70-57",0.611618585583143,0.210763265088124,0.87694452176131,0.963880666391084,0.0361193336089162,40.6,"played",NA,NA,NA,288,"Q4"
"2463",2463,"Southern IllinoisMemphis11-26",2025-11-26,"nc","Memphis","Southern Illinois","Amer","MVC","H","W","74-58",0.777847739912943,0.429692892721203,0.87694452176131,0.904383896749159,0.0956161032508414,93.6,"played",NA,NA,NA,143,"Q3"
"2464",2464,"Southern IllinoisMemphis11-26",2025-11-26,"nc","Southern Illinois","Memphis","MVC","Amer","A","L","58-74",0.429692892721203,0.777847739912943,0.789142831518436,0.516643488894951,-0.516643488894951,15.2,"played",NA,NA,NA,112,"Q2"
"2465",2465,"Southern IndianaValparaiso11-26",2025-11-26,"nc","Southern Indiana","Valparaiso","OVC","MVC","A","W","64-56",0.0957595304080808,0.617432819487282,0.789142831518436,0.69869691398021,0.30130308601979,90,"played",NA,NA,NA,171,"Q3"
"2466",2466,"Southern IndianaValparaiso11-26",2025-11-26,"nc","Valparaiso","Southern Indiana","MVC","OVC","H","L","56-64",0.617432819487282,0.0957595304080808,0.87694452176131,0.985357317458812,-0.985357317458812,1.9,"played",NA,NA,NA,338,"Q4"
"2467",2467,"Tennessee TechKentucky11-26",2025-11-26,"nc","Kentucky","Tennessee Tech","SEC","OVC","H","W","104-54",0.894882969930619,0.08709095231161,0.87694452176131,0.986790111553305,0.0132098884466947,91.3,"played",NA,NA,NA,331,"Q4"
"2468",2468,"Tennessee TechKentucky11-26",2025-11-26,"nc","Tennessee Tech","Kentucky","OVC","SEC","A","L","54-104",0.08709095231161,0.894882969930619,0.789142831518436,0.305370611040222,-0.305370611040222,7.2,"played",NA,NA,NA,31,"Q1"
"2469",2469,"TowsonUC San Diego11-26",2025-11-26,"nc","Towson","UC San Diego","CAA","BW","N","L","73-87",0.427732241294341,0.666861059595402,0.837778001870703,0.7206655436006,-0.7206655436006,12.5,"played",NA,NA,NA,98,"Q2"
"2470",2470,"TowsonUC San Diego11-26",2025-11-26,"nc","UC San Diego","Towson","BW","CAA","N","W","87-73",0.666861059595402,0.427732241294341,0.837778001870703,0.873569726413223,0.126430273586777,91.3,"played",NA,NA,NA,162,"Q3"
"2471",2471,"UMass LowellStonehill11-26",2025-11-26,"nc","Stonehill","UMass Lowell","NEC","AE","H","L","64-75",0.152535767937579,0.165007692678497,0.87694452176131,0.973018164018987,-0.973018164018987,3.9,"played",NA,NA,NA,319,"Q4"
"2472",2472,"UMass LowellStonehill11-26",2025-11-26,"nc","UMass Lowell","Stonehill","AE","NEC","A","W","75-64",0.165007692678497,0.152535767937579,0.789142831518436,0.954113683718504,0.0458863162814964,46.5,"played",NA,NA,NA,337,"Q4"
"2473",2473,"VanderbiltWestern Kentucky11-26",2025-11-26,"nc","Vanderbilt","Western Kentucky","SEC","CUSA","N","W","83-78",0.946861266974695,0.459662039261887,0.837778001870703,0.858573321064743,0.141426678935257,72.1,"played",NA,NA,NA,167,"Q3"
"2474",2474,"VanderbiltWestern Kentucky11-26",2025-11-26,"nc","Western Kentucky","Vanderbilt","CUSA","SEC","N","L","78-83",0.459662039261887,0.946861266974695,0.837778001870703,0.224704316949323,-0.224704316949323,85.4,"played",NA,NA,NA,16,"Q1"
"2475",2475,"WagnerManhattan11-26",2025-11-26,"nc","Manhattan","Wagner","MAAC","NEC","H","L","101-103",0.199140354213253,0.136887136003035,0.87694452176131,0.978229684731794,-0.978229684731794,19,"played",NA,NA,NA,324,"Q4"
"2476",2476,"WagnerManhattan11-26",2025-11-26,"nc","Wagner","Manhattan","NEC","MAAC","A","W","103-101",0.136887136003035,0.199140354213253,0.789142831518436,0.937698454634616,0.0623015453653843,14.4,"played",NA,NA,NA,330,"Q4"
"2477",2477,"WoffordNorthern Kentucky11-26",2025-11-26,"nc","Northern Kentucky","Wofford","Horz","SC","H","W","93-83",0.56588651357836,0.281320852120458,0.87694452176131,0.947931772553643,0.0520682274463571,46.2,"played",NA,NA,NA,225,"Q4"
"2478",2478,"WoffordNorthern Kentucky11-26",2025-11-26,"nc","Wofford","Northern Kentucky","SC","Horz","A","L","83-93",0.281320852120458,0.56588651357836,0.789142831518436,0.741672343161317,-0.741672343161317,37.3,"played",NA,NA,NA,177,"Q3"
"2479",2479,"Texas LutheranIncarnate Word11-26",2025-11-26,"nond1","Incarnate Word","Texas Lutheran","Slnd",NA,"H","W","55-117",NA,NA,NA,NA,0,NA,"played",NA,NA,NA,NA,NA
"2480",2480,"Boise St.Chaminade11-26",2025-11-26,"nond1","Boise St.","Chaminade","MWC",NA,"N","W","102-76",NA,NA,NA,NA,0,NA,"played",NA,NA,NA,NA,NA
"2481",2481,"St. Mary's MDHoward11-26",2025-11-26,"nond1","Howard","St. Mary's MD","MEAC",NA,"H","W","61-115",NA,NA,NA,NA,0,NA,"played",NA,NA,NA,NA,NA
"2482",2482,"Delaware St.Virginia St.11-26",2025-11-26,"nond1","Delaware St.","Virginia St.","MEAC",NA,"N","L","62-58",NA,NA,NA,NA,-1,NA,"played",NA,NA,NA,NA,NA
"2483",2483,"Biblical Stud. (TX)Texas Southern11-26",2025-11-26,"nond1","Texas Southern","Biblical Stud. (TX)","SWAC",NA,"H","W","44-102",NA,NA,NA,NA,0,NA,"played",NA,NA,NA,NA,NA
"2484",2484,"Worcester St.Holy Cross11-26",2025-11-26,"nond1","Holy Cross","Worcester St.","Pat",NA,"H","W","53-77",NA,NA,NA,NA,0,NA,"played",NA,NA,NA,NA,NA
"2485",2485,"Columbia Int'lPresbyterian11-26",2025-11-26,"nond1","Presbyterian","Columbia Int'l","BSth",NA,"H","W","50-93",NA,NA,NA,NA,0,NA,"played",NA,NA,NA,NA,NA
"2486",2486,"MisericordiaCornell11-26",2025-11-26,"nond1","Cornell","Misericordia","Ivy",NA,"H","W","70-114",NA,NA,NA,NA,0,NA,"played",NA,NA,NA,NA,NA
"2487",2487,"Central St. (OH)Duquesne11-26",2025-11-26,"nond1","Duquesne","Central St. (OH)","A10",NA,"H","W","80-101",NA,NA,NA,NA,0,NA,"played",NA,NA,NA,NA,NA
"2488",2488,"MercyBryant11-26",2025-11-26,"nond1","Bryant","Mercy","AE",NA,"H","W","61-87",NA,NA,NA,NA,0,NA,"played",NA,NA,NA,NA,NA
"2489",2489,"ArkansasDuke11-27",2025-11-27,"nc","Arkansas","Duke","SEC","ACC","N","L","71-80",0.925366144077061,0.955254604924041,0.837778001870703,0.19478671911205,-0.19478671911205,91.3,"played",NA,NA,NA,2,"Q1"
"2490",2490,"ArkansasDuke11-27",2025-11-27,"nc","Duke","Arkansas","ACC","SEC","N","W","80-71",0.955254604924041,0.925366144077061,0.837778001870703,0.294047246212928,0.705952753787072,96.2,"played",NA,NA,NA,20,"Q1"
"2491",2491,"BYUMiami FL11-27",2025-11-27,"nc","BYU","Miami FL","B12","ACC","N","W","72-62",0.923341616444686,0.844946804453696,0.837778001870703,0.486573723002608,0.513426276997392,94.9,"played",NA,NA,NA,37,"Q1"
"2492",2492,"BYUMiami FL11-27",2025-11-27,"nc","Miami FL","BYU","ACC","B12","N","L","62-72",0.844946804453696,0.923341616444686,0.837778001870703,0.300093447405032,-0.300093447405032,77.8,"played",NA,NA,NA,12,"Q1"
"2493",2493,"CharlotteIllinois St.11-27",2025-11-27,"nc","Charlotte","Illinois St.","Amer","MVC","N","L","69-79",0.487639200290103,0.762837618717621,0.837778001870703,0.616208812588455,-0.616208812588455,33.9,"played",NA,NA,NA,79,"Q2"
"2494",2494,"CharlotteIllinois St.11-27",2025-11-27,"nc","Illinois St.","Charlotte","MVC","Amer","N","W","79-69",0.762837618717621,0.487639200290103,0.837778001870703,0.844387250410217,0.155612749589783,85.6,"played",NA,NA,NA,173,"Q3"
"2495",2495,"Colorado St.Wichita St.11-27",2025-11-27,"nc","Colorado St.","Wichita St.","MWC","Amer","N","W","76-70",0.698754267486325,0.672223978372798,0.837778001870703,0.715760073190023,0.284239926809977,93,"played",NA,NA,NA,95,"Q2"
"2496",2496,"Colorado St.Wichita St.11-27",2025-11-27,"nc","Wichita St.","Colorado St.","Amer","MWC","N","L","70-76",0.672223978372798,0.698754267486325,0.837778001870703,0.690063157292523,-0.690063157292523,26.2,"played",NA,NA,NA,92,"Q2"
"2497",2497,"ColoradoSan Francisco11-27",2025-11-27,"nc","Colorado","San Francisco","B12","WCC","N","W","79-69",0.710799645567399,0.673005735174101,0.837778001870703,0.715037251321477,0.284962748678523,83.2,"played",NA,NA,NA,107,"Q3"
"2498",2498,"ColoradoSan Francisco11-27",2025-11-27,"nc","San Francisco","Colorado","WCC","B12","N","L","69-79",0.673005735174101,0.710799645567399,0.837778001870703,0.677545903140315,-0.677545903140315,50.5,"played",NA,NA,NA,78,"Q2"
"2499",2499,"CreightonOregon11-27",2025-11-27,"nc","Creighton","Oregon","BE","B10","N","W","76-66",0.808830481748804,0.75906400244933,0.837778001870703,0.621103022397128,0.378896977602872,93.8,"played",NA,NA,NA,104,"Q3"
"2500",2500,"CreightonOregon11-27",2025-11-27,"nc","Oregon","Creighton","B10","BE","N","L","66-76",0.75906400244933,0.808830481748804,0.837778001870703,0.549675236375399,-0.549675236375399,46.9,"played",NA,NA,NA,58,"Q2"
"2501",2501,"DaytonGeorgetown11-27",2025-11-27,"nc","Dayton","Georgetown","A10","BE","N","W","84-79",0.751274819261844,0.668986446075957,0.837778001870703,0.718732469272097,0.281267530727903,87.6,"played",NA,NA,NA,118,"Q3"
"2502",2502,"DaytonGeorgetown11-27",2025-11-27,"nc","Georgetown","Dayton","BE","A10","N","L","79-84",0.668986446075957,0.751274819261844,0.837778001870703,0.630966295734684,-0.630966295734684,46.4,"played",NA,NA,NA,80,"Q2"
"2503",2503,"East CarolinaSt. Bonaventure11-27",2025-11-27,"nc","East Carolina","St. Bonaventure","Amer","A10","N","L","58-67",0.205199038741148,0.508897937887209,0.837778001870703,0.832882008344926,-0.832882008344926,22.3,"played",NA,NA,NA,144,"Q3"
"2504",2504,"East CarolinaSt. Bonaventure11-27",2025-11-27,"nc","St. Bonaventure","East Carolina","A10","Amer","N","W","67-58",0.508897937887209,0.205199038741148,0.837778001870703,0.952388498885368,0.0476115011146315,48.2,"played",NA,NA,NA,299,"Q4"
"2505",2505,"FloridaTCU11-27",2025-11-27,"nc","Florida","TCU","SEC","B12","N","L","80-84",0.956063022904127,0.823169674210786,0.837778001870703,0.525930642712101,-0.525930642712101,80.5,"played",NA,NA,NA,46,"Q1"
"2506",2506,"FloridaTCU11-27",2025-11-27,"nc","TCU","Florida","B12","SEC","N","W","84-80",0.823169674210786,0.956063022904127,0.837778001870703,0.191811815252024,0.808188184747976,96.1,"played",NA,NA,NA,14,"Q1"
"2507",2507,"FurmanRichmond11-27",2025-11-27,"nc","Furman","Richmond","SC","A10","N","W","73-72",0.46822719049668,0.584983691519146,0.837778001870703,0.785586005482659,0.214413994517341,78.6,"played",NA,NA,NA,126,"Q3"
"2508",2508,"FurmanRichmond11-27",2025-11-27,"nc","Richmond","Furman","A10","SC","N","L","72-73",0.584983691519146,0.46822719049668,0.837778001870703,0.854339503890307,-0.854339503890307,25.2,"played",NA,NA,NA,189,"Q3"
"2509",2509,"Michigan St.North Carolina11-27",2025-11-27,"nc","Michigan St.","North Carolina","B10","ACC","N","W","74-58",0.94987905099256,0.886302203670106,0.837778001870703,0.398498195407703,0.601501804592297,97.9,"played",NA,NA,NA,27,"Q1"
"2510",2510,"Michigan St.North Carolina11-27",2025-11-27,"nc","North Carolina","Michigan St.","ACC","B10","N","L","58-74",0.886302203670106,0.94987905099256,0.837778001870703,0.214146807299484,-0.214146807299484,76,"played",NA,NA,NA,11,"Q1"
"2511",2511,"MinnesotaStanford11-27",2025-11-27,"nc","Minnesota","Stanford","B10","ACC","N","L","68-72",0.789408698918946,0.773895609188251,0.837778001870703,0.601410868438435,-0.601410868438435,69.5,"played",NA,NA,NA,68,"Q2"
"2512",2512,"MinnesotaStanford11-27",2025-11-27,"nc","Stanford","Minnesota","ACC","B10","N","W","72-68",0.773895609188251,0.789408698918946,0.837778001870703,0.579427216595475,0.420572783404525,84.9,"played",NA,NA,NA,83,"Q2"
"2513",2513,"NevadaWashington11-27",2025-11-27,"nc","Nevada","Washington","MWC","B10","N","L","66-83",0.796595007081237,0.804791266160085,0.837778001870703,0.556081496265907,-0.556081496265907,32.1,"played",NA,NA,NA,62,"Q2"
"2514",2514,"NevadaWashington11-27",2025-11-27,"nc","Washington","Nevada","B10","MWC","N","W","83-66",0.804791266160085,0.796595007081237,0.837778001870703,0.568722289018043,0.431277710981957,97.2,"played",NA,NA,NA,65,"Q2"
"2515",2515,"NorthwesternOklahoma St.11-27",2025-11-27,"nc","Northwestern","Oklahoma St.","B10","B12","N","L","81-86",0.802083029446983,0.766721407257752,0.837778001870703,0.611090239221988,-0.611090239221988,66.5,"played",NA,NA,NA,73,"Q2"
"2516",2516,"NorthwesternOklahoma St.11-27",2025-11-27,"nc","Oklahoma St.","Northwestern","B12","B10","N","W","86-81",0.766721407257752,0.802083029446983,0.837778001870703,0.560310640036474,0.439689359963526,87,"played",NA,NA,NA,69,"Q2"
"2517",2517,"ProvidenceWisconsin11-27",2025-11-27,"nc","Providence","Wisconsin","BE","B10","N","L","83-104",0.74766557249704,0.884092760913942,0.837778001870703,0.403721059230674,-0.403721059230674,37.4,"played",NA,NA,NA,36,"Q1"
"2518",2518,"ProvidenceWisconsin11-27",2025-11-27,"nc","Wisconsin","Providence","B10","BE","N","W","104-83",0.884092760913942,0.74766557249704,0.837778001870703,0.635430823679424,0.364569176320576,97.4,"played",NA,NA,NA,89,"Q2"
"2519",2519,"RutgersUNLV11-27",2025-11-27,"nc","Rutgers","UNLV","B10","MWC","N","W","80-65",0.514432955930078,0.638010395437299,0.837778001870703,0.745555779309109,0.254444220690891,88.8,"played",NA,NA,NA,127,"Q3"
"2520",2520,"RutgersUNLV11-27",2025-11-27,"nc","UNLV","Rutgers","MWC","B10","N","L","65-80",0.638010395437299,0.514432955930078,0.837778001870703,0.829775853176511,-0.829775853176511,19.1,"played",NA,NA,NA,153,"Q3"
"2521",2521,"Saint LouisSanta Clara11-27",2025-11-27,"nc","Saint Louis","Santa Clara","A10","WCC","N","W","71-70",0.91167747256009,0.872877060014961,0.837778001870703,0.42926448148856,0.57073551851144,85.7,"played",NA,NA,NA,44,"Q1"
"2522",2522,"Saint LouisSanta Clara11-27",2025-11-27,"nc","Santa Clara","Saint Louis","WCC","A10","N","L","70-71",0.872877060014961,0.91167747256009,0.837778001870703,0.333476347708588,-0.333476347708588,92.2,"played",NA,NA,NA,22,"Q1"
"2523",2523,"Saint Mary'sVirginia Tech11-27",2025-11-27,"nc","Saint Mary's","Virginia Tech","WCC","ACC","N","W","77-66",0.878409665694824,0.80898784676125,0.837778001870703,0.54942322362581,0.45057677637419,96.8,"played",NA,NA,NA,51,"Q2"
"2524",2524,"Saint Mary'sVirginia Tech11-27",2025-11-27,"nc","Virginia Tech","Saint Mary's","ACC","WCC","N","L","66-77",0.80898784676125,0.878409665694824,0.837778001870703,0.416862105193684,-0.416862105193684,50.5,"played",NA,NA,NA,28,"Q1"
"2525",2525,"South FloridaWestern Kentucky11-27",2025-11-27,"nc","South Florida","Western Kentucky","Amer","CUSA","N","W","97-91",0.776813075445591,0.459662039261887,0.837778001870703,0.858573321064743,0.141426678935257,45.7,"played",NA,NA,NA,167,"Q3"
"2526",2526,"South FloridaWestern Kentucky11-27",2025-11-27,"nc","Western Kentucky","South Florida","CUSA","Amer","N","L","91-97",0.459662039261887,0.776813075445591,0.837778001870703,0.597388912377917,-0.597388912377917,77.9,"played",NA,NA,NA,66,"Q2"
"2527",2527,"VCUVanderbilt11-27",2025-11-27,"nc","Vanderbilt","VCU","SEC","A10","N","W","89-74",0.946861266974695,0.782095221007112,0.837778001870703,0.589976703040199,0.410023296959801,96.7,"played",NA,NA,NA,55,"Q2"
"2528",2528,"VCUVanderbilt11-27",2025-11-27,"nc","VCU","Vanderbilt","A10","SEC","N","L","74-89",0.782095221007112,0.946861266974695,0.837778001870703,0.224704316949323,-0.224704316949323,68.4,"played",NA,NA,NA,16,"Q1"
"2529",2529,"Alabama A&MClemson11-28",2025-11-28,"nc","Alabama A&M","Clemson","SWAC","ACC","A","L","56-92",0.159091874905061,0.937538780726441,0.789142831518436,0.199576091999099,-0.199576091999099,4.4,"played",NA,NA,NA,32,"Q1"
"2530",2530,"Alabama A&MClemson11-28",2025-11-28,"nc","Clemson","Alabama A&M","ACC","SWAC","H","W","92-56",0.937538780726441,0.159091874905061,0.87694452176131,0.974138773713817,0.025861226286183,98.4,"played",NA,NA,NA,308,"Q4"
"2531",2531,"AlbanyColgate11-28",2025-11-28,"nc","Albany","Colgate","AE","Pat","N","L","67-69",0.241392606446035,0.440275358611082,0.837778001870703,0.867821412070165,-0.867821412070165,44.7,"played",NA,NA,NA,196,"Q3"
"2532",2532,"AlbanyColgate11-28",2025-11-28,"nc","Colgate","Albany","Pat","AE","N","W","69-67",0.440275358611082,0.241392606446035,0.837778001870703,0.941960913415312,0.0580390865846878,23.7,"played",NA,NA,NA,309,"Q4"
"2533",2533,"Alcorn St.Indiana St.11-28",2025-11-28,"nc","Alcorn St.","Indiana St.","SWAC","MVC","N","W","81-74",0.13248472807633,0.44090673323073,0.837778001870703,0.867527293305388,0.132472706694612,85.6,"played",NA,NA,NA,205,"Q4"
"2534",2534,"Alcorn St.Indiana St.11-28",2025-11-28,"nc","Indiana St.","Alcorn St.","MVC","SWAC","N","L","74-81",0.44090673323073,0.13248472807633,0.837778001870703,0.971278105504502,-0.971278105504502,2,"played",NA,NA,NA,351,"Q4"
"2535",2535,"Ball St.Monmouth11-28",2025-11-28,"nc","Ball St.","Monmouth","MAC","CAA","N","L","73-80",0.227122538423383,0.391885702780175,0.837778001870703,0.889060474955158,-0.889060474955158,19.6,"played",NA,NA,NA,204,"Q4"
"2536",2536,"Ball St.Monmouth11-28",2025-11-28,"nc","Monmouth","Ball St.","CAA","MAC","N","W","80-73",0.391885702780175,0.227122538423383,0.837778001870703,0.946161182677227,0.0538388173227728,43.6,"played",NA,NA,NA,316,"Q4"
"2537",2537,"BYUDayton11-28",2025-11-28,"nc","BYU","Dayton","B12","A10","N","W","83-79",0.923341616444686,0.751274819261844,0.837778001870703,0.630966295734684,0.369033704265316,79.4,"played",NA,NA,NA,80,"Q2"
"2538",2538,"BYUDayton11-28",2025-11-28,"nc","Dayton","BYU","A10","B12","N","L","79-83",0.751274819261844,0.923341616444686,0.837778001870703,0.300093447405032,-0.300093447405032,90.4,"played",NA,NA,NA,12,"Q1"
"2539",2539,"Cal St. NorthridgeIdaho St.11-28",2025-11-28,"nc","Cal St. Northridge","Idaho St.","BW","BSky","N","L","50-82",0.463486642857306,0.403110338247001,0.837778001870703,0.884352539512476,-0.884352539512476,0.6,"played",NA,NA,NA,174,"Q3"
"2540",2540,"Cal St. NorthridgeIdaho St.11-28",2025-11-28,"nc","Idaho St.","Cal St. Northridge","BSky","BW","N","W","82-50",0.403110338247001,0.463486642857306,0.837778001870703,0.856694330986012,0.143305669013988,99,"played",NA,NA,NA,209,"Q4"
"2541",2541,"Charleston SouthernSouth Carolina11-28",2025-11-28,"nc","Charleston Southern","South Carolina","BSth","SEC","A","L","62-74",0.304852499335177,0.817726977948728,0.789142831518436,0.454809537531623,-0.454809537531623,47.8,"played",NA,NA,NA,85,"Q2"
"2542",2542,"Charleston SouthernSouth Carolina11-28",2025-11-28,"nc","South Carolina","Charleston Southern","SEC","BSth","H","W","74-62",0.817726977948728,0.304852499335177,0.87694452176131,0.942029615136421,0.0579703848635789,68.3,"played",NA,NA,NA,219,"Q4"
"2543",2543,"CharlotteRichmond11-28",2025-11-28,"nc","Charlotte","Richmond","Amer","A10","N","L","66-71",0.487639200290103,0.584983691519146,0.837778001870703,0.785586005482659,-0.785586005482659,21.9,"played",NA,NA,NA,126,"Q3"
"2544",2544,"CharlotteRichmond11-28",2025-11-28,"nc","Richmond","Charlotte","A10","Amer","N","W","71-66",0.584983691519146,0.487639200290103,0.837778001870703,0.844387250410217,0.155612749589783,82.7,"played",NA,NA,NA,173,"Q3"
"2545",2545,"Chicago St.Youngstown St.11-28",2025-11-28,"nc","Chicago St.","Youngstown St.","NEC","Horz","A","L","64-87",0.0739186417080468,0.546812666972655,0.789142831518436,0.756201472941003,-0.756201472941003,2,"played",NA,NA,NA,221,"Q3"
"2546",2546,"Chicago St.Youngstown St.11-28",2025-11-28,"nc","Youngstown St.","Chicago St.","Horz","NEC","H","W","87-64",0.546812666972655,0.0739186417080468,0.87694452176131,0.988923656012592,0.011076343987408,82.8,"played",NA,NA,NA,352,"Q4"
"2547",2547,"Cleveland St.Missouri11-28",2025-11-28,"nc","Cleveland St.","Missouri","Horz","SEC","A","L","59-86",0.170841144385821,0.837628198528992,0.789142831518436,0.42045174979891,-0.42045174979891,5.1,"played",NA,NA,NA,70,"Q1"
"2548",2548,"Cleveland St.Missouri11-28",2025-11-28,"nc","Missouri","Cleveland St.","SEC","Horz","H","W","86-59",0.837628198528992,0.170841144385821,0.87694452176131,0.971900073963006,0.0280999260369942,95.2,"played",NA,NA,NA,321,"Q4"
"2549",2549,"Colorado St.South Florida11-28",2025-11-28,"nc","Colorado St.","South Florida","MWC","Amer","N","W","83-68",0.698754267486325,0.776813075445591,0.837778001870703,0.597388912377917,0.402611087622083,95.7,"played",NA,NA,NA,66,"Q2"
"2550",2550,"Colorado St.South Florida11-28",2025-11-28,"nc","South Florida","Colorado St.","Amer","MWC","N","L","68-83",0.776813075445591,0.698754267486325,0.837778001870703,0.690063157292523,-0.690063157292523,26.7,"played",NA,NA,NA,92,"Q2"
"2551",2551,"ColoradoWashington11-28",2025-11-28,"nc","Colorado","Washington","B12","B10","N","W","81-68",0.710799645567399,0.804791266160085,0.837778001870703,0.556081496265907,0.443918503734093,97.4,"played",NA,NA,NA,62,"Q2"
"2552",2552,"ColoradoWashington11-28",2025-11-28,"nc","Washington","Colorado","B10","B12","N","L","68-81",0.804791266160085,0.710799645567399,0.837778001870703,0.677545903140315,-0.677545903140315,21.5,"played",NA,NA,NA,78,"Q2"
"2553",2553,"ConnecticutIllinois11-28",2025-11-28,"nc","Connecticut","Illinois","BE","B10","N","W","74-61",0.962032898025926,0.9592102609895,0.837778001870703,0.180067188210226,0.819932811789774,99.7,"played",NA,NA,NA,9,"Q1"
"2554",2554,"ConnecticutIllinois11-28",2025-11-28,"nc","Illinois","Connecticut","B10","BE","N","L","61-74",0.9592102609895,0.962032898025926,0.837778001870703,0.169307766779117,-0.169307766779117,67.2,"played",NA,NA,NA,8,"Q1"
"2555",2555,"DePaulGeorgia Tech11-28",2025-11-28,"nc","DePaul","Georgia Tech","BE","ACC","N","W","75-61",0.65432664457471,0.573350220038394,0.837778001870703,0.793516552845319,0.206483447154681,80.7,"played",NA,NA,NA,146,"Q3"
"2556",2556,"DePaulGeorgia Tech11-28",2025-11-28,"nc","Georgia Tech","DePaul","ACC","BE","N","L","61-75",0.573350220038394,0.65432664457471,0.837778001870703,0.7317805100291,-0.7317805100291,37.9,"played",NA,NA,NA,113,"Q3"
"2557",2557,"DrakeLSU11-28",2025-11-28,"nc","Drake","LSU","MVC","SEC","N","L","62-71",0.458549979761406,0.828941697055762,0.837778001870703,0.515905137732589,-0.515905137732589,38,"played",NA,NA,NA,50,"Q1"
"2558",2558,"DrakeLSU11-28",2025-11-28,"nc","LSU","Drake","SEC","MVC","N","W","71-62",0.828941697055762,0.458549979761406,0.837778001870703,0.859116214099368,0.140883785900632,87,"played",NA,NA,NA,166,"Q3"
"2559",2559,"Eastern IllinoisPurdue11-28",2025-11-28,"nc","Eastern Illinois","Purdue","OVC","B10","A","L","62-109",0.152001874020281,0.968858276411217,0.789142831518436,0.107378422298164,-0.107378422298164,18.7,"played",NA,NA,NA,5,"Q1"
"2560",2560,"Eastern IllinoisPurdue11-28",2025-11-28,"nc","Purdue","Eastern Illinois","B10","OVC","H","W","109-62",0.968858276411217,0.152001874020281,0.87694452176131,0.975464530911887,0.0245354690881132,96,"played",NA,NA,NA,305,"Q4"
"2561",2561,"Florida St.Texas A&M11-28",2025-11-28,"nc","Florida St.","Texas A&M","ACC","SEC","N","L","59-95",0.644319384138006,0.887089432433771,0.837778001870703,0.396621483095894,-0.396621483095894,4.4,"played",NA,NA,NA,41,"Q1"
"2562",2562,"Florida St.Texas A&M11-28",2025-11-28,"nc","Texas A&M","Florida St.","SEC","ACC","N","W","95-59",0.887089432433771,0.644319384138006,0.837778001870703,0.74031877235898,0.25968122764102,99.7,"played",NA,NA,NA,115,"Q3"
"2563",2563,"FloridaProvidence11-28",2025-11-28,"nc","Florida","Providence","SEC","BE","N","W","90-78",0.956063022904127,0.74766557249704,0.837778001870703,0.635430823679424,0.364569176320576,94.5,"played",NA,NA,NA,89,"Q2"
"2564",2564,"FloridaProvidence11-28",2025-11-28,"nc","Providence","Florida","BE","SEC","N","L","78-90",0.74766557249704,0.956063022904127,0.837778001870703,0.191811815252024,-0.191811815252024,79.1,"played",NA,NA,NA,14,"Q1"
"2565",2565,"FurmanIllinois St.11-28",2025-11-28,"nc","Furman","Illinois St.","SC","MVC","N","L","65-72",0.46822719049668,0.762837618717621,0.837778001870703,0.616208812588455,-0.616208812588455,52.3,"played",NA,NA,NA,79,"Q2"
"2566",2566,"FurmanIllinois St.11-28",2025-11-28,"nc","Illinois St.","Furman","MVC","SC","N","W","72-65",0.762837618717621,0.46822719049668,0.837778001870703,0.854339503890307,0.145660496109693,72.1,"played",NA,NA,NA,189,"Q3"
"2567",2567,"Gardner WebbSoutheastern Louisiana11-28",2025-11-28,"nc","Gardner Webb","Southeastern Louisiana","BSth","Slnd","N","L","68-76",0.0423529882782095,0.269273875809404,0.837778001870703,0.933398003393338,-0.933398003393338,19,"played",NA,NA,NA,288,"Q4"
"2568",2568,"Gardner WebbSoutheastern Louisiana11-28",2025-11-28,"nc","Southeastern Louisiana","Gardner Webb","Slnd","BSth","N","W","76-68",0.269273875809404,0.0423529882782095,0.837778001870703,0.991509054010129,0.00849094598987088,6.5,"played",NA,NA,NA,363,"Q4"
"2569",2569,"GeorgetownMiami FL11-28",2025-11-28,"nc","Georgetown","Miami FL","BE","ACC","N","L","65-78",0.668986446075957,0.844946804453696,0.837778001870703,0.486573723002608,-0.486573723002608,20.4,"played",NA,NA,NA,37,"Q1"
"2570",2570,"GeorgetownMiami FL11-28",2025-11-28,"nc","Miami FL","Georgetown","ACC","BE","N","W","78-65",0.844946804453696,0.668986446075957,0.837778001870703,0.718732469272097,0.281267530727903,97.7,"played",NA,NA,NA,118,"Q3"
"2571",2571,"HofstraLa Salle11-28",2025-11-28,"nc","Hofstra","La Salle","CAA","A10","N","W","63-58",0.62834834817063,0.423362408108524,0.837778001870703,0.875530883888704,0.124469116111296,64.9,"played",NA,NA,NA,227,"Q4"
"2572",2572,"HofstraLa Salle11-28",2025-11-28,"nc","La Salle","Hofstra","A10","CAA","N","L","58-63",0.423362408108524,0.62834834817063,0.837778001870703,0.753366738491586,-0.753366738491586,40.2,"played",NA,NA,NA,106,"Q3"
"2573",2573,"IdahoSam Houston St.11-28",2025-11-28,"nc","Idaho","Sam Houston St.","BSky","CUSA","N","L","68-94",0.511179030614867,0.639551105280286,0.837778001870703,0.744287010671956,-0.744287010671956,21.6,"played",NA,NA,NA,105,"Q3"
"2574",2574,"IdahoSam Houston St.11-28",2025-11-28,"nc","Sam Houston St.","Idaho","CUSA","BSky","N","W","94-68",0.639551105280286,0.511179030614867,0.837778001870703,0.831607613267151,0.168392386732849,87.1,"played",NA,NA,NA,158,"Q3"
"2575",2575,"Jackson St.Louisiana11-28",2025-11-28,"nc","Jackson St.","Louisiana","SWAC","SB","A","W","51-45",0.118376704856031,0.233108569263396,0.789142831518436,0.924882092909863,0.0751179070901371,61.7,"played",NA,NA,NA,334,"Q4"
"2576",2576,"Jackson St.Louisiana11-28",2025-11-28,"nc","Louisiana","Jackson St.","SB","SWAC","H","L","45-51",0.233108569263396,0.118376704856031,0.87694452176131,0.981507081310067,-0.981507081310067,2.5,"played",NA,NA,NA,347,"Q4"
"2577",2577,"Le MoyneLafayette11-28",2025-11-28,"nc","Lafayette","Le Moyne","Pat","NEC","H","L","63-76",0.247759908493423,0.233859733605385,0.87694452176131,0.958926535914673,-0.958926535914673,9.7,"played",NA,NA,NA,263,"Q4"
"2578",2578,"Le MoyneLafayette11-28",2025-11-28,"nc","Le Moyne","Lafayette","NEC","Pat","A","W","76-63",0.233859733605385,0.247759908493423,0.789142831518436,0.919113429490502,0.0808865705094981,48.3,"played",NA,NA,NA,328,"Q4"
"2579",2579,"LehighUC Santa Barbara11-28",2025-11-28,"nc","Lehigh","UC Santa Barbara","Pat","BW","N","L","70-72",0.203214612909027,0.564077139857155,0.837778001870703,0.799642532000861,-0.799642532000861,54.4,"played",NA,NA,NA,145,"Q3"
"2580",2580,"LehighUC Santa Barbara11-28",2025-11-28,"nc","UC Santa Barbara","Lehigh","BW","Pat","N","W","72-70",0.564077139857155,0.203214612909027,0.837778001870703,0.952939173737627,0.0470608262623726,21.7,"played",NA,NA,NA,298,"Q4"
"2581",2581,"LongwoodSiena11-28",2025-11-28,"nc","Longwood","Siena","BSth","MAAC","N","L","63-70",0.248000920974434,0.469123309437729,0.837778001870703,0.853891110040861,-0.853891110040861,24.6,"played",NA,NA,NA,172,"Q3"
"2582",2582,"LongwoodSiena11-28",2025-11-28,"nc","Siena","Longwood","MAAC","BSth","N","W","70-63",0.469123309437729,0.248000920974434,0.837778001870703,0.939974881378628,0.0600251186213718,47.1,"played",NA,NA,NA,271,"Q4"
"2583",2583,"MaineAmerican11-28",2025-11-28,"nc","American","Maine","Pat","AE","H","W","74-61",0.508095570002426,0.0653376419463159,0.87694452176131,0.990285998285382,0.00971400171461845,54.1,"played",NA,NA,NA,343,"Q4"
"2584",2584,"MaineAmerican11-28",2025-11-28,"nc","Maine","American","AE","Pat","A","L","61-74",0.0653376419463159,0.508095570002426,0.789142831518436,0.783703607940069,-0.783703607940069,5.8,"played",NA,NA,NA,228,"Q3"
"2585",2585,"MarquetteOklahoma11-28",2025-11-28,"nc","Marquette","Oklahoma","BE","SEC","N","L","74-75",0.605565637546833,0.738464648903224,0.837778001870703,0.646521461792157,-0.646521461792157,77.9,"played",NA,NA,NA,76,"Q2"
"2586",2586,"MarquetteOklahoma11-28",2025-11-28,"nc","Oklahoma","Marquette","SEC","BE","N","W","75-74",0.738464648903224,0.605565637546833,0.837778001870703,0.77084296778911,0.22915703221089,55.1,"played",NA,NA,NA,142,"Q3"
"2587",2587,"MerrimackPenn11-28",2025-11-28,"nc","Merrimack","Penn","MAAC","Ivy","A","L","65-77",0.339779292896384,0.554637837343646,0.789142831518436,0.750323581088423,-0.750323581088423,22.2,"played",NA,NA,NA,178,"Q3"
"2588",2588,"MerrimackPenn11-28",2025-11-28,"nc","Penn","Merrimack","Ivy","MAAC","H","W","77-65",0.554637837343646,0.339779292896384,0.87694452176131,0.932647440717921,0.0673525592820787,69.2,"played",NA,NA,NA,217,"Q4"
"2589",2589,"MinnesotaSanta Clara11-28",2025-11-28,"nc","Minnesota","Santa Clara","B10","WCC","N","L","75-86",0.789408698918946,0.872877060014961,0.837778001870703,0.42926448148856,-0.42926448148856,26.7,"played",NA,NA,NA,44,"Q1"
"2590",2590,"MinnesotaSanta Clara11-28",2025-11-28,"nc","Santa Clara","Minnesota","WCC","B10","N","W","86-75",0.872877060014961,0.789408698918946,0.837778001870703,0.579427216595475,0.420572783404525,98.6,"played",NA,NA,NA,83,"Q2"
"2591",2591,"NavyUNC Wilmington11-28",2025-11-28,"nc","Navy","UNC Wilmington","Pat","CAA","A","L","57-87",0.313792818654193,0.611618585583143,0.789142831518436,0.703838784355614,-0.703838784355614,1.2,"played",NA,NA,NA,109,"Q2"
"2592",2592,"NavyUNC Wilmington11-28",2025-11-28,"nc","UNC Wilmington","Navy","CAA","Pat","H","W","87-57",0.611618585583143,0.313792818654193,0.87694452176131,0.939701501811385,0.0602984981886153,98.3,"played",NA,NA,NA,193,"Q4"
"2593",2593,"NevadaSan Francisco11-28",2025-11-28,"nc","Nevada","San Francisco","MWC","WCC","N","W","81-65",0.796595007081237,0.673005735174101,0.837778001870703,0.715037251321477,0.284962748678523,90.8,"played",NA,NA,NA,107,"Q3"
"2594",2594,"NevadaSan Francisco11-28",2025-11-28,"nc","San Francisco","Nevada","WCC","MWC","N","L","65-81",0.673005735174101,0.796595007081237,0.837778001870703,0.568722289018043,-0.568722289018043,45.1,"played",NA,NA,NA,65,"Q2"
"2595",2595,"Nicholls St.Tulane11-28",2025-11-28,"nc","Nicholls St.","Tulane","Slnd","Amer","A","L","72-82",0.298838774145833,0.499347286934666,0.789142831518436,0.789576940282949,-0.789576940282949,16.6,"played",NA,NA,NA,202,"Q3"
"2596",2596,"Nicholls St.Tulane11-28",2025-11-28,"nc","Tulane","Nicholls St.","Amer","Slnd","H","W","82-72",0.499347286934666,0.298838774145833,0.87694452176131,0.943568533420601,0.0564314665793993,68,"played",NA,NA,NA,214,"Q4"
"2597",2597,"NJITEastern Michigan11-28",2025-11-28,"nc","Eastern Michigan","NJIT","MAC","AE","H","W","73-55",0.534059422473723,0.108362596707915,0.87694452176131,0.983232201292529,0.0167677987074712,43.6,"played",NA,NA,NA,332,"Q4"
"2598",2598,"NJITEastern Michigan11-28",2025-11-28,"nc","NJIT","Eastern Michigan","AE","MAC","A","L","55-73",0.108362596707915,0.534059422473723,0.789142831518436,0.765543748596947,-0.765543748596947,15.3,"played",NA,NA,NA,179,"Q3"
"2599",2599,"North Carolina A&TDavidson11-28",2025-11-28,"nc","Davidson","North Carolina A&T","A10","CAA","H","W","90-74",0.692626171471865,0.167266946360123,0.87694452176131,0.97258668982768,0.0274133101723195,61.6,"played",NA,NA,NA,270,"Q4"
"2600",2600,"North Carolina A&TDavidson11-28",2025-11-28,"nc","North Carolina A&T","Davidson","CAA","A10","A","L","74-90",0.167266946360123,0.692626171471865,0.789142831518436,0.624182848539627,-0.624182848539627,22,"played",NA,NA,NA,119,"Q2"
"2601",2601,"North Dakota St.Arkansas St.11-28",2025-11-28,"nc","Arkansas St.","North Dakota St.","SB","Sum","H","W","85-80",0.643792601240604,0.525202618458169,0.87694452176131,0.865636057338206,0.134363942661794,59.5,"played",NA,NA,NA,132,"Q3"
"2602",2602,"North Dakota St.Arkansas St.11-28",2025-11-28,"nc","North Dakota St.","Arkansas St.","Sum","SB","A","L","80-85",0.525202618458169,0.643792601240604,0.789142831518436,0.674344903439392,-0.674344903439392,57.6,"played",NA,NA,NA,141,"Q3"
"2603",2603,"North DakotaHawaii11-28",2025-11-28,"nc","Hawaii","North Dakota","BW","Sum","H","W","92-55",0.782563869210565,0.215415619860043,0.87694452176131,0.962902167938933,0.0370978320610666,93.9,"played",NA,NA,NA,282,"Q4"
"2604",2604,"North DakotaHawaii11-28",2025-11-28,"nc","North Dakota","Hawaii","Sum","BW","A","L","55-92",0.215415619860043,0.782563869210565,0.789142831518436,0.50977274777129,-0.50977274777129,6.1,"played",NA,NA,NA,97,"Q2"
"2605",2605,"NortheasternWake Forest11-28",2025-11-28,"nc","Northeastern","Wake Forest","CAA","ACC","A","L","73-86",0.250737593781546,0.830188381602287,0.789142831518436,0.433595457149497,-0.433595457149497,47.6,"played",NA,NA,NA,67,"Q1"
"2606",2606,"NortheasternWake Forest11-28",2025-11-28,"nc","Wake Forest","Northeastern","ACC","CAA","H","W","86-73",0.830188381602287,0.250737593781546,0.87694452176131,0.955147684195681,0.0448523158043189,64.3,"played",NA,NA,NA,249,"Q4"
"2607",2607,"Ohio St.Pittsburgh11-28",2025-11-28,"nc","Ohio St.","Pittsburgh","B10","ACC","A","L","66-67",0.817900794713915,0.730765128903465,0.789142831518436,0.579630896823016,-0.579630896823016,57,"played",NA,NA,NA,121,"Q2"
"2608",2608,"Ohio St.Pittsburgh11-28",2025-11-28,"nc","Pittsburgh","Ohio St.","ACC","B10","H","W","67-66",0.730765128903465,0.817900794713915,0.87694452176131,0.613398179056679,0.386601820943321,90.2,"played",NA,NA,NA,35,"Q2"
"2609",2609,"QueensVirginia11-28",2025-11-28,"nc","Queens","Virginia","ASun","ACC","A","L","69-94",0.358618140773719,0.96842400434267,0.789142831518436,0.108756479072216,-0.108756479072216,47.4,"played",NA,NA,NA,13,"Q1"
"2610",2610,"QueensVirginia11-28",2025-11-28,"nc","Virginia","Queens","ACC","ASun","H","W","94-69",0.96842400434267,0.358618140773719,0.87694452176131,0.927248717001686,0.0727512829983142,95,"played",NA,NA,NA,183,"Q4"
"2611",2611,"Saint LouisStanford11-28",2025-11-28,"nc","Saint Louis","Stanford","A10","ACC","N","L","77-78",0.91167747256009,0.773895609188251,0.837778001870703,0.601410868438435,-0.601410868438435,82.3,"played",NA,NA,NA,68,"Q2"
"2612",2612,"Saint LouisStanford11-28",2025-11-28,"nc","Stanford","Saint Louis","ACC","A10","N","W","78-77",0.773895609188251,0.91167747256009,0.837778001870703,0.333476347708588,0.666523652291412,88.4,"played",NA,NA,NA,22,"Q1"
"2613",2613,"Saint Mary'sVanderbilt11-28",2025-11-28,"nc","Saint Mary's","Vanderbilt","WCC","SEC","N","L","71-96",0.878409665694824,0.946861266974695,0.837778001870703,0.224704316949323,-0.224704316949323,46.2,"played",NA,NA,NA,16,"Q1"
"2614",2614,"Saint Mary'sVanderbilt11-28",2025-11-28,"nc","Vanderbilt","Saint Mary's","SEC","WCC","N","W","96-71",0.946861266974695,0.878409665694824,0.837778001870703,0.416862105193684,0.583137894806316,99.3,"played",NA,NA,NA,28,"Q1"
"2615",2615,"SeattleTexas St.11-28",2025-11-28,"nc","Seattle","Texas St.","WCC","SB","N","W","66-52",0.679708617189002,0.309879150818473,0.837778001870703,0.92000917746905,0.0799908225309502,78.7,"played",NA,NA,NA,265,"Q4"
"2616",2616,"SeattleTexas St.11-28",2025-11-28,"nc","Texas St.","Seattle","SB","WCC","N","L","52-66",0.309879150818473,0.679708617189002,0.837778001870703,0.7087569142235,-0.7087569142235,20.5,"played",NA,NA,NA,114,"Q3"
"2617",2617,"SMUMississippi St.11-28",2025-11-28,"nc","Mississippi St.","SMU","SEC","ACC","H","L","81-87",0.769828564240354,0.852332367434774,0.87694452176131,0.55250469969308,-0.55250469969308,81.6,"played",NA,NA,NA,30,"Q1"
"2618",2618,"SMUMississippi St.11-28",2025-11-28,"nc","SMU","Mississippi St.","ACC","SEC","A","W","87-81",0.852332367434774,0.769828564240354,0.789142831518436,0.528076163539221,0.471923836460779,81.3,"played",NA,NA,NA,99,"Q2"
"2619",2619,"Southern UtahRobert Morris11-28",2025-11-28,"nc","Robert Morris","Southern Utah","Horz","WAC","H","W","61-54",0.517536678288298,0.206808186371712,0.87694452176131,0.964705025156547,0.0352949748434535,78.6,"played",NA,NA,NA,294,"Q4"
"2620",2620,"Southern UtahRobert Morris11-28",2025-11-28,"nc","Southern Utah","Robert Morris","WAC","Horz","A","L","54-61",0.206808186371712,0.517536678288298,0.789142831518436,0.777229028620444,-0.777229028620444,7.1,"played",NA,NA,NA,186,"Q3"
"2621",2621,"Stony BrookLoyola Marymount11-28",2025-11-28,"nc","Loyola Marymount","Stony Brook","WCC","CAA","H","L","68-71",0.569167328627858,0.309545341676412,0.87694452176131,0.940813650809901,-0.940813650809901,13.9,"played",NA,NA,NA,234,"Q4"
"2622",2622,"Stony BrookLoyola Marymount11-28",2025-11-28,"nc","Stony Brook","Loyola Marymount","CAA","WCC","A","W","71-68",0.309545341676412,0.569167328627858,0.789142831518436,0.739103014549339,0.260896985450661,78.6,"played",NA,NA,NA,170,"Q3"
"2623",2623,"TCUWisconsin11-28",2025-11-28,"nc","TCU","Wisconsin","B12","B10","N","W","74-63",0.823169674210786,0.884092760913942,0.837778001870703,0.403721059230674,0.596278940769326,98.9,"played",NA,NA,NA,36,"Q1"
"2624",2624,"TCUWisconsin11-28",2025-11-28,"nc","Wisconsin","TCU","B10","B12","N","L","63-74",0.884092760913942,0.823169674210786,0.837778001870703,0.525930642712101,-0.525930642712101,29.1,"played",NA,NA,NA,46,"Q1"
"2625",2625,"Texas A&M Corpus ChrisXavier11-28",2025-11-28,"nc","Texas A&M Corpus Chris","Xavier","Slnd","BE","A","L","67-88",0.415344559057257,0.780139218822579,0.789142831518436,0.513318973154326,-0.513318973154326,19.1,"played",NA,NA,NA,94,"Q2"
"2626",2626,"Texas A&M Corpus ChrisXavier11-28",2025-11-28,"nc","Xavier","Texas A&M Corpus Chris","BE","Slnd","H","W","88-67",0.780139218822579,0.415344559057257,0.87694452176131,0.909349881209777,0.0906501187902234,91.4,"played",NA,NA,NA,181,"Q4"
"2627",2627,"VCUVirginia Tech11-28",2025-11-28,"nc","VCU","Virginia Tech","A10","ACC","N","W","86-68",0.782095221007112,0.80898784676125,0.837778001870703,0.54942322362581,0.45057677637419,98,"played",NA,NA,NA,51,"Q2"
"2628",2628,"VCUVirginia Tech11-28",2025-11-28,"nc","Virginia Tech","VCU","ACC","A10","N","L","68-86",0.80898784676125,0.782095221007112,0.837778001870703,0.589976703040199,-0.589976703040199,23.3,"played",NA,NA,NA,55,"Q2"
"2629",2629,"Western KentuckyWichita St.11-28",2025-11-28,"nc","Western Kentucky","Wichita St.","CUSA","Amer","N","W","75-70",0.459662039261887,0.672223978372798,0.837778001870703,0.715760073190023,0.284239926809977,76.2,"played",NA,NA,NA,95,"Q2"
"2630",2630,"Western KentuckyWichita St.11-28",2025-11-28,"nc","Wichita St.","Western Kentucky","Amer","CUSA","N","L","70-75",0.672223978372798,0.459662039261887,0.837778001870703,0.858573321064743,-0.858573321064743,35.2,"played",NA,NA,NA,167,"Q3"
"2631",2631,"Wright St.Butler11-28",2025-11-28,"nc","Butler","Wright St.","BE","Horz","H","W","94-69",0.858613464070704,0.571577739895169,0.87694452176131,0.84231002581507,0.15768997418493,91.1,"played",NA,NA,NA,136,"Q3"
"2632",2632,"Wright St.Butler11-28",2025-11-28,"nc","Wright St.","Butler","Horz","BE","A","L","69-94",0.571577739895169,0.858613464070704,0.789142831518436,0.381295065510961,-0.381295065510961,44.1,"played",NA,NA,NA,48,"Q1"
"2633",2633,"Midwestern St.Tarleton St.11-28",2025-11-28,"nond1","Tarleton St.","Midwestern St.","WAC",NA,"H","W","57-67",NA,NA,NA,NA,0,NA,"played",NA,NA,NA,NA,NA
"2634",2634,"Tennessee WesleyanChattanooga11-28",2025-11-28,"nond1","Chattanooga","Tennessee Wesleyan","SC",NA,"H","W","59-109",NA,NA,NA,NA,0,NA,"played",NA,NA,NA,NA,NA
"2635",2635,"FordhamFranklin Pierce11-28",2025-11-28,"nond1","Fordham","Franklin Pierce","A10",NA,"N","W","74-72",NA,NA,NA,NA,0,NA,"played",NA,NA,NA,NA,NA
"2636",2636,"Holy Cross INPurdue Fort Wayne11-28",2025-11-28,"nond1","Purdue Fort Wayne","Holy Cross IN","Horz",NA,"H","W","59-92",NA,NA,NA,NA,0,NA,"played",NA,NA,NA,NA,NA
"2637",2637,"Jarvis ChristianAbilene Christian11-28",2025-11-28,"nond1","Abilene Christian","Jarvis Christian","WAC",NA,"H","W","55-87",NA,NA,NA,NA,0,NA,"played",NA,NA,NA,NA,NA
"2638",2638,"Mo. BaptistSIU Edwardsville11-28",2025-11-28,"nond1","SIU Edwardsville","Mo. Baptist","OVC",NA,"H","W","55-92",NA,NA,NA,NA,0,NA,"played",NA,NA,NA,NA,NA
"2639",2639,"Air ForceSouth Dakota11-29",2025-11-29,"nc","Air Force","South Dakota","MWC","Sum","N","L","63-80",0.140204070307666,0.273861743329713,0.837778001870703,0.931941628145812,-0.931941628145812,2.3,"played",NA,NA,NA,272,"Q4"
"2640",2640,"Air ForceSouth Dakota11-29",2025-11-29,"nc","South Dakota","Air Force","Sum","MWC","N","W","80-63",0.273861743329713,0.140204070307666,0.837778001870703,0.969391281971714,0.0306087180282861,72.3,"played",NA,NA,NA,336,"Q4"
"2641",2641,"AlbanyFordham11-29",2025-11-29,"nc","Albany","Fordham","AE","A10","N","L","68-88",0.241392606446035,0.440420980217044,0.837778001870703,0.86775361708747,-0.86775361708747,4.8,"played",NA,NA,NA,226,"Q4"
"2642",2642,"AlbanyFordham11-29",2025-11-29,"nc","Fordham","Albany","A10","AE","N","W","88-68",0.440420980217044,0.241392606446035,0.837778001870703,0.941960913415312,0.0580390865846878,83.3,"played",NA,NA,NA,309,"Q4"
"2643",2643,"Alcorn St.Louisiana Tech11-29",2025-11-29,"nc","Alcorn St.","Louisiana Tech","SWAC","CUSA","A","L","58-83",0.0996439667646336,0.333416655235645,0.789142831518436,0.882107278744537,-0.882107278744537,2.4,"played",NA,NA,NA,264,"Q4"
"2644",2644,"Alcorn St.Louisiana Tech11-29",2025-11-29,"nc","Louisiana Tech","Alcorn St.","CUSA","SWAC","H","W","83-58",0.333416655235645,0.0996439667646336,0.87694452176131,0.984707696986526,0.0152923030134736,69.7,"played",NA,NA,NA,351,"Q4"
"2645",2645,"Ball St.Lafayette11-29",2025-11-29,"nc","Ball St.","Lafayette","MAC","Pat","A","L","37-55",0.175570369203068,0.247759908493423,0.789142831518436,0.919113429490502,-0.919113429490502,1.8,"played",NA,NA,NA,328,"Q4"
"2646",2646,"Ball St.Lafayette11-29",2025-11-29,"nc","Lafayette","Ball St.","Pat","MAC","H","W","55-37",0.247759908493423,0.175570369203068,0.87694452176131,0.970983935499258,0.0290160645007421,79.2,"played",NA,NA,NA,316,"Q4"
"2647",2647,"Bethune CookmanIndiana11-29",2025-11-29,"nc","Bethune Cookman","Indiana","SWAC","B10","A","L","56-100",0.251758726760507,0.929075305570624,0.789142831518436,0.222214997574681,-0.222214997574681,3.2,"played",NA,NA,NA,38,"Q1"
"2648",2648,"Bethune CookmanIndiana11-29",2025-11-29,"nc","Indiana","Bethune Cookman","B10","SWAC","H","W","100-56",0.929075305570624,0.251758726760507,0.87694452176131,0.954914569002642,0.0450854309973584,99.3,"played",NA,NA,NA,268,"Q4"
"2649",2649,"Boston UniversityNorthern Kentucky11-29",2025-11-29,"nc","Boston University","Northern Kentucky","Pat","Horz","A","L","65-74",0.173160301084916,0.56588651357836,0.789142831518436,0.741672343161317,-0.741672343161317,42.8,"played",NA,NA,NA,177,"Q3"
"2650",2650,"Boston UniversityNorthern Kentucky11-29",2025-11-29,"nc","Northern Kentucky","Boston University","Horz","Pat","H","W","74-65",0.56588651357836,0.173160301084916,0.87694452176131,0.97145190396275,0.0285480960372501,26.7,"played",NA,NA,NA,292,"Q4"
"2651",2651,"BryantHarvard11-29",2025-11-29,"nc","Bryant","Harvard","AE","Ivy","A","L","53-56",0.0698036017290083,0.510633319046039,0.789142831518436,0.781977323713595,-0.781977323713595,35.7,"played",NA,NA,NA,182,"Q3"
"2652",2652,"BryantHarvard11-29",2025-11-29,"nc","Harvard","Bryant","Ivy","AE","H","W","56-53",0.510633319046039,0.0698036017290083,0.87694452176131,0.989579639055569,0.0104203609444309,12.4,"played",NA,NA,NA,345,"Q4"
"2653",2653,"BuffaloCanisius11-29",2025-11-29,"nc","Buffalo","Canisius","MAC","MAAC","A","W","71-53",0.387632809783295,0.168655818164591,0.789142831518436,0.948580548987064,0.051419451012936,75.6,"played",NA,NA,NA,342,"Q4"
"2654",2654,"BuffaloCanisius11-29",2025-11-29,"nc","Canisius","Buffalo","MAAC","MAC","H","L","53-71",0.168655818164591,0.387632809783295,0.87694452176131,0.918420848754699,-0.918420848754699,4,"played",NA,NA,NA,165,"Q4"
"2655",2655,"Cal BaptistOregon St.11-29",2025-11-29,"nc","Cal Baptist","Oregon St.","WAC","WCC","A","W","75-69",0.540609234029639,0.48746862199899,0.789142831518436,0.797364378973173,0.202635621026827,64.7,"played",NA,NA,NA,213,"Q3"
"2656",2656,"Cal BaptistOregon St.11-29",2025-11-29,"nc","Oregon St.","Cal Baptist","WCC","WAC","H","L","69-75",0.48746862199899,0.540609234029639,0.87694452176131,0.858272191250011,-0.858272191250011,37.9,"played",NA,NA,NA,120,"Q3"
"2657",2657,"Central ArkansasEast Tennessee St.11-29",2025-11-29,"nc","Central Arkansas","East Tennessee St.","ASun","SC","A","L","57-80",0.418552667589624,0.607991931766003,0.789142831518436,0.707006029827842,-0.707006029827842,8.4,"played",NA,NA,NA,129,"Q2"
"2658",2658,"Central ArkansasEast Tennessee St.11-29",2025-11-29,"nc","East Tennessee St.","Central Arkansas","SC","ASun","H","W","80-57",0.607991931766003,0.418552667589624,0.87694452176131,0.908256159397106,0.0917438406028938,92.4,"played",NA,NA,NA,206,"Q4"
"2659",2659,"DartmouthSaint Peter's11-29",2025-11-29,"nc","Dartmouth","Saint Peter's","Ivy","MAAC","A","W","87-61",0.313883565357004,0.464125461254959,0.789142831518436,0.812069164133623,0.187930835866377,92,"played",NA,NA,NA,223,"Q3"
"2660",2660,"DartmouthSaint Peter's11-29",2025-11-29,"nc","Saint Peter's","Dartmouth","MAAC","Ivy","H","L","61-87",0.464125461254959,0.313883565357004,0.87694452176131,0.939677619552002,-0.939677619552002,3.3,"played",NA,NA,NA,222,"Q4"
"2661",2661,"Delaware St.UMBC11-29",2025-11-29,"nc","Delaware St.","UMBC","MEAC","AE","A","L","57-71",0.0497573037483458,0.335726306960335,0.789142831518436,0.881024132869604,-0.881024132869604,4.3,"played",NA,NA,NA,274,"Q4"
"2662",2662,"Delaware St.UMBC11-29",2025-11-29,"nc","UMBC","Delaware St.","AE","MEAC","H","W","71-57",0.335726306960335,0.0497573037483458,0.87694452176131,0.99270589963853,0.00729410036147027,36.9,"played",NA,NA,NA,358,"Q4"
"2663",2663,"DePaulLSU11-29",2025-11-29,"nc","DePaul","LSU","BE","SEC","N","L","63-96",0.65432664457471,0.828941697055762,0.837778001870703,0.515905137732589,-0.515905137732589,3.6,"played",NA,NA,NA,50,"Q1"
"2664",2664,"DePaulLSU11-29",2025-11-29,"nc","LSU","DePaul","SEC","BE","N","W","96-63",0.828941697055762,0.65432664457471,0.837778001870703,0.7317805100291,0.2682194899709,99.6,"played",NA,NA,NA,113,"Q3"
"2665",2665,"Detroit MercyNiagara11-29",2025-11-29,"nc","Detroit Mercy","Niagara","Horz","MAAC","A","W","70-66",0.268076298487336,0.127205292330729,0.789142831518436,0.962517008599123,0.0374829914008765,31.4,"played",NA,NA,NA,355,"Q4"
"2666",2666,"Detroit MercyNiagara11-29",2025-11-29,"nc","Niagara","Detroit Mercy","MAAC","Horz","H","L","66-70",0.127205292330729,0.268076298487336,0.87694452176131,0.951117264043805,-0.951117264043805,10.5,"played",NA,NA,NA,273,"Q4"
"2667",2667,"DrakeGeorgia Tech11-29",2025-11-29,"nc","Drake","Georgia Tech","MVC","ACC","N","W","84-74",0.458549979761406,0.573350220038394,0.837778001870703,0.793516552845319,0.206483447154681,82.8,"played",NA,NA,NA,146,"Q3"
"2668",2668,"DrakeGeorgia Tech11-29",2025-11-29,"nc","Georgia Tech","Drake","ACC","MVC","N","L","74-84",0.573350220038394,0.458549979761406,0.837778001870703,0.859116214099368,-0.859116214099368,19.2,"played",NA,NA,NA,166,"Q3"
"2669",2669,"Gardner WebbUNC Wilmington11-29",2025-11-29,"nc","Gardner Webb","UNC Wilmington","BSth","CAA","A","L","62-88",0.031054600359691,0.611618585583143,0.789142831518436,0.703838784355614,-0.703838784355614,6.2,"played",NA,NA,NA,109,"Q2"
"2670",2670,"Gardner WebbUNC Wilmington11-29",2025-11-29,"nc","UNC Wilmington","Gardner Webb","CAA","BSth","H","W","88-62",0.611618585583143,0.031054600359691,0.87694452176131,0.995522798064527,0.00447720193547285,43.4,"played",NA,NA,NA,363,"Q4"
"2671",2671,"HofstraMerrimack11-29",2025-11-29,"nc","Hofstra","Merrimack","CAA","MAAC","N","W","78-58",0.62834834817063,0.415261359347054,0.837778001870703,0.879111623887987,0.120888376112013,94.4,"played",NA,NA,NA,217,"Q4"
"2672",2672,"HofstraMerrimack11-29",2025-11-29,"nc","Merrimack","Hofstra","MAAC","CAA","N","L","58-78",0.415261359347054,0.62834834817063,0.837778001870703,0.753366738491586,-0.753366738491586,6.6,"played",NA,NA,NA,106,"Q3"
"2673",2673,"Houston ChristianGeorgia Southern11-29",2025-11-29,"nc","Georgia Southern","Houston Christian","SB","Slnd","H","W","80-62",0.400249732677704,0.166904500846973,0.87694452176131,0.972656041762217,0.0273439582377828,62.8,"played",NA,NA,NA,297,"Q4"
"2674",2674,"Houston ChristianGeorgia Southern11-29",2025-11-29,"nc","Houston Christian","Georgia Southern","Slnd","SB","A","L","62-80",0.166904500846973,0.400249732677704,0.789142831518436,0.848667878767697,-0.848667878767697,7.3,"played",NA,NA,NA,243,"Q4"
"2675",2675,"HowardMount St. Mary's11-29",2025-11-29,"nc","Howard","Mount St. Mary's","MEAC","MAAC","A","L","75-79",0.233389525482971,0.282514165173045,0.789142831518436,0.904804899863118,-0.904804899863118,12.8,"played",NA,NA,NA,304,"Q4"
"2676",2676,"HowardMount St. Mary's11-29",2025-11-29,"nc","Mount St. Mary's","Howard","MAAC","MEAC","H","W","79-75",0.282514165173045,0.233389525482971,0.87694452176131,0.95902984853669,0.0409701514633097,44.9,"played",NA,NA,NA,252,"Q4"
"2677",2677,"James MadisonGeorge Mason11-29",2025-11-29,"nc","George Mason","James Madison","A10","SB","H","W","82-66",0.758834600748699,0.248008473110579,0.87694452176131,0.955768164170376,0.0442318358296244,53.7,"played",NA,NA,NA,244,"Q4"
"2678",2678,"James MadisonGeorge Mason11-29",2025-11-29,"nc","James Madison","George Mason","SB","A10","A","L","66-82",0.248008473110579,0.758834600748699,0.789142831518436,0.543257964252141,-0.543257964252141,47.2,"played",NA,NA,NA,63,"Q1"
"2679",2679,"La SallePenn11-29",2025-11-29,"nc","La Salle","Penn","A10","Ivy","A","L","71-73",0.347282363436385,0.554637837343646,0.789142831518436,0.750323581088423,-0.750323581088423,57.4,"played",NA,NA,NA,178,"Q3"
"2680",2680,"La SallePenn11-29",2025-11-29,"nc","Penn","La Salle","Ivy","A10","H","W","73-71",0.554637837343646,0.347282363436385,0.87694452176131,0.930527128014643,0.0694728719853572,33,"played",NA,NA,NA,227,"Q4"
"2681",2681,"Le MoyneMonmouth11-29",2025-11-29,"nc","Le Moyne","Monmouth","NEC","CAA","N","W","83-79",0.296374432242675,0.391885702780175,0.837778001870703,0.889060474955158,0.110939525044842,49.4,"played",NA,NA,NA,204,"Q4"
"2682",2682,"Le MoyneMonmouth11-29",2025-11-29,"nc","Monmouth","Le Moyne","CAA","NEC","N","L","79-83",0.391885702780175,0.296374432242675,0.837778001870703,0.924589973042337,-0.924589973042337,21.7,"played",NA,NA,NA,263,"Q4"
"2683",2683,"LehighTexas St.11-29",2025-11-29,"nc","Lehigh","Texas St.","Pat","SB","N","W","78-74",0.203214612909027,0.309879150818473,0.837778001870703,0.92000917746905,0.0799908225309502,36.1,"played",NA,NA,NA,265,"Q4"
"2684",2684,"LehighTexas St.11-29",2025-11-29,"nc","Texas St.","Lehigh","SB","Pat","N","L","74-78",0.309879150818473,0.203214612909027,0.837778001870703,0.952939173737627,-0.952939173737627,16.9,"played",NA,NA,NA,298,"Q4"
"2685",2685,"LipscombSoutheast Missouri St.11-29",2025-11-29,"nc","Lipscomb","Southeast Missouri St.","ASun","OVC","A","W","88-77",0.400063738169319,0.342914782088887,0.789142831518436,0.877621650282935,0.122378349717065,63.3,"played",NA,NA,NA,242,"Q4"
"2686",2686,"LipscombSoutheast Missouri St.11-29",2025-11-29,"nc","Southeast Missouri St.","Lipscomb","OVC","ASun","H","L","77-88",0.342914782088887,0.400063738169319,0.87694452176131,0.914433271367804,-0.914433271367804,16.8,"played",NA,NA,NA,160,"Q3"
"2687",2687,"Little RockSouthern Illinois11-29",2025-11-29,"nc","Little Rock","Southern Illinois","OVC","MVC","A","L","65-74",0.127043860244037,0.58926743721773,0.789142831518436,0.722887195145564,-0.722887195145564,39,"played",NA,NA,NA,143,"Q3"
"2688",2688,"Little RockSouthern Illinois11-29",2025-11-29,"nc","Southern Illinois","Little Rock","MVC","OVC","H","W","74-65",0.58926743721773,0.127043860244037,0.87694452176131,0.979987080838008,0.0200129191619924,24.6,"played",NA,NA,NA,302,"Q4"
"2689",2689,"LongwoodMaine11-29",2025-11-29,"nc","Longwood","Maine","BSth","AE","N","W","65-61",0.248000920974434,0.0879765024543527,0.837778001870703,0.981664011485732,0.0183359885142677,17.6,"played",NA,NA,NA,343,"Q4"
"2690",2690,"LongwoodMaine11-29",2025-11-29,"nc","Maine","Longwood","AE","BSth","N","L","61-65",0.0879765024543527,0.248000920974434,0.837778001870703,0.939974881378628,-0.939974881378628,12.9,"played",NA,NA,NA,271,"Q4"
"2691",2691,"ManhattanArmy11-29",2025-11-29,"nc","Army","Manhattan","Pat","MAAC","H","W","81-78",0.208126264319721,0.115503480599443,0.87694452176131,0.982005422167543,0.0179945778324567,19,"played",NA,NA,NA,330,"Q4"
"2692",2692,"ManhattanArmy11-29",2025-11-29,"nc","Manhattan","Army","MAAC","Pat","A","L","78-81",0.115503480599443,0.208126264319721,0.789142831518436,0.934381268827168,-0.934381268827168,12.7,"played",NA,NA,NA,320,"Q4"
"2693",2693,"MercerElon11-29",2025-11-29,"nc","Elon","Mercer","CAA","SC","H","L","84-91",0.576866467930946,0.497972452629038,0.87694452176131,0.877817047848107,-0.877817047848107,38.8,"played",NA,NA,NA,125,"Q3"
"2694",2694,"MercerElon11-29",2025-11-29,"nc","Mercer","Elon","SC","CAA","A","W","91-84",0.497972452629038,0.576866467930946,0.789142831518436,0.732989491121582,0.267010508878418,68.1,"played",NA,NA,NA,168,"Q3"
"2695",2695,"MilwaukeeAkron11-29",2025-11-29,"nc","Akron","Milwaukee","MAC","Horz","H","W","105-81",0.848029041448943,0.247415137782907,0.87694452176131,0.955902572692459,0.0440974273075413,83.5,"played",NA,NA,NA,233,"Q4"
"2696",2696,"MilwaukeeAkron11-29",2025-11-29,"nc","Milwaukee","Akron","Horz","MAC","A","L","81-105",0.247415137782907,0.848029041448943,0.789142831518436,0.401442307127826,-0.401442307127826,26.6,"played",NA,NA,NA,54,"Q1"
"2697",2697,"Montana St.Utah St.11-29",2025-11-29,"nc","Montana St.","Utah St.","BSky","MWC","A","L","81-84",0.518194021185584,0.914720101774999,0.789142831518436,0.25866611800377,-0.25866611800377,85.5,"played",NA,NA,NA,25,"Q1"
"2698",2698,"Montana St.Utah St.11-29",2025-11-29,"nc","Utah St.","Montana St.","MWC","BSky","H","W","84-81",0.914720101774999,0.518194021185584,0.87694452176131,0.868869531125587,0.131130468874413,66.2,"played",NA,NA,NA,134,"Q3"
"2699",2699,"Morehead St.IU Indy11-29",2025-11-29,"nc","IU Indy","Morehead St.","Horz","OVC","H","W","85-80",0.293111925980727,0.163264947729151,0.87694452176131,0.973349662894276,0.0266503371057238,26.3,"played",NA,NA,NA,286,"Q4"
"2700",2700,"Morehead St.IU Indy11-29",2025-11-29,"nc","Morehead St.","IU Indy","OVC","Horz","A","L","80-85",0.163264947729151,0.293111925980727,0.789142831518436,0.900257068363485,-0.900257068363485,18.5,"played",NA,NA,NA,310,"Q4"
"2701",2701,"NavySoutheastern Louisiana11-29",2025-11-29,"nc","Navy","Southeastern Louisiana","Pat","Slnd","N","L","65-69",0.386884864328095,0.269273875809404,0.837778001870703,0.933398003393338,-0.933398003393338,8.2,"played",NA,NA,NA,288,"Q4"
"2702",2702,"NavySoutheastern Louisiana11-29",2025-11-29,"nc","Southeastern Louisiana","Navy","Slnd","Pat","N","W","69-65",0.269273875809404,0.386884864328095,0.837778001870703,0.891118084320622,0.108881915679378,72.2,"played",NA,NA,NA,193,"Q3"
"2703",2703,"Norfolk St.Arizona11-29",2025-11-29,"nc","Arizona","Norfolk St.","B12","MEAC","H","W","98-61",0.977752465301565,0.12516166540671,0.87694452176131,0.980319327860556,0.019680672139444,87.5,"played",NA,NA,NA,303,"Q4"
"2704",2704,"Norfolk St.Arizona11-29",2025-11-29,"nc","Norfolk St.","Arizona","MEAC","B12","A","L","61-98",0.12516166540671,0.977752465301565,0.789142831518436,0.0784743366007909,-0.0784743366007909,47.3,"played",NA,NA,NA,3,"Q1"
"2705",2705,"PepperdineCal St. Fullerton11-29",2025-11-29,"nc","Cal St. Fullerton","Pepperdine","BW","WCC","H","W","83-69",0.486141474245039,0.217599421655683,0.87694452176131,0.962439543198769,0.0375604568012314,59.4,"played",NA,NA,NA,267,"Q4"
"2706",2706,"PepperdineCal St. Fullerton11-29",2025-11-29,"nc","Pepperdine","Cal St. Fullerton","WCC","BW","A","L","69-83",0.217599421655683,0.486141474245039,0.789142831518436,0.798221354022513,-0.798221354022513,15.3,"played",NA,NA,NA,200,"Q3"
"2707",2707,"Sacramento St.Pacific11-29",2025-11-29,"nc","Pacific","Sacramento St.","WCC","BSky","H","W","68-54",0.675830586238256,0.187290241962568,0.87694452176131,0.96867531291602,0.0313246870839802,65.8,"played",NA,NA,NA,279,"Q4"
"2708",2708,"Sacramento St.Pacific11-29",2025-11-29,"nc","Sacramento St.","Pacific","BSky","WCC","A","L","54-68",0.187290241962568,0.675830586238256,0.789142831518436,0.642237814640784,-0.642237814640784,20,"played",NA,NA,NA,110,"Q2"
"2709",2709,"Sacred HeartPenn St.11-29",2025-11-29,"nc","Penn St.","Sacred Heart","B10","MAAC","H","W","90-59",0.644016964773121,0.185258742802667,0.87694452176131,0.969079449264048,0.0309205507359519,95.1,"played",NA,NA,NA,287,"Q4"
"2710",2710,"Sacred HeartPenn St.11-29",2025-11-29,"nc","Sacred Heart","Penn St.","MAAC","B10","A","L","59-90",0.185258742802667,0.644016964773121,0.789142831518436,0.674129982609513,-0.674129982609513,2.1,"played",NA,NA,NA,131,"Q2"
"2711",2711,"SeattleUC Santa Barbara11-29",2025-11-29,"nc","Seattle","UC Santa Barbara","WCC","BW","N","L","71-74",0.679708617189002,0.564077139857155,0.837778001870703,0.799642532000861,-0.799642532000861,46.5,"played",NA,NA,NA,145,"Q3"
"2712",2712,"SeattleUC Santa Barbara11-29",2025-11-29,"nc","UC Santa Barbara","Seattle","BW","WCC","N","W","74-71",0.564077139857155,0.679708617189002,0.837778001870703,0.7087569142235,0.2912430857765,76,"played",NA,NA,NA,114,"Q3"
"2713",2713,"SienaAmerican11-29",2025-11-29,"nc","American","Siena","Pat","MAAC","H","L","55-59",0.508095570002426,0.390387146522654,0.87694452176131,0.917548378669134,-0.917548378669134,26.7,"played",NA,NA,NA,172,"Q4"
"2714",2714,"SienaAmerican11-29",2025-11-29,"nc","Siena","American","MAAC","Pat","A","W","59-55",0.390387146522654,0.508095570002426,0.789142831518436,0.783703607940069,0.216296392059931,64.5,"played",NA,NA,NA,228,"Q3"
"2715",2715,"South Carolina St.Winthrop11-29",2025-11-29,"nc","South Carolina St.","Winthrop","MEAC","BSth","A","L","79-101",0.0507325033248179,0.589293391463423,0.789142831518436,0.72286571295832,-0.72286571295832,11.4,"played",NA,NA,NA,130,"Q2"
"2716",2716,"South Carolina St.Winthrop11-29",2025-11-29,"nc","Winthrop","South Carolina St.","BSth","MEAC","H","W","101-79",0.589293391463423,0.0507325033248179,0.87694452176131,0.992556422425133,0.00744357757486747,37.3,"played",NA,NA,NA,360,"Q4"
"2717",2717,"Southern UtahStetson11-29",2025-11-29,"nc","Southern Utah","Stetson","WAC","ASun","N","W","70-68",0.264588910426751,0.172422215111164,0.837778001870703,0.961221700830026,0.0387782991699744,16.4,"played",NA,NA,NA,327,"Q4"
"2718",2718,"Southern UtahStetson11-29",2025-11-29,"nc","Stetson","Southern Utah","ASun","WAC","N","L","68-70",0.172422215111164,0.264588910426751,0.837778001870703,0.934871065159273,-0.934871065159273,27.6,"played",NA,NA,NA,294,"Q4"
"2719",2719,"SouthernNorthwestern St.11-29",2025-11-29,"nc","Northwestern St.","Southern","Slnd","SWAC","H","L","73-75",0.284845739227625,0.265907681407748,0.87694452176131,0.951629886177392,-0.951629886177392,9.9,"played",NA,NA,NA,278,"Q4"
"2720",2720,"SouthernNorthwestern St.11-29",2025-11-29,"nc","Southern","Northwestern St.","SWAC","Slnd","A","W","75-73",0.265907681407748,0.284845739227625,0.789142831518436,0.903812007986627,0.0961879920133734,56.8,"played",NA,NA,NA,306,"Q4"
"2721",2721,"Stephen F. AustinUT Arlington11-29",2025-11-29,"nc","Stephen F. Austin","UT Arlington","Slnd","WAC","A","L","61-66",0.698277000404957,0.58940849732773,0.789142831518436,0.722770423127821,-0.722770423127821,54.6,"played",NA,NA,NA,123,"Q2"
"2722",2722,"Stephen F. AustinUT Arlington11-29",2025-11-29,"nc","UT Arlington","Stephen F. Austin","WAC","Slnd","H","W","66-61",0.58940849732773,0.698277000404957,0.87694452176131,0.75485983588986,0.24514016411014,73.4,"played",NA,NA,NA,88,"Q3"
"2723",2723,"Tennessee TechGeorgia11-29",2025-11-29,"nc","Georgia","Tennessee Tech","SEC","OVC","H","W","123-81",0.91600808149171,0.08709095231161,0.87694452176131,0.986790111553305,0.0132098884466947,83.1,"played",NA,NA,NA,331,"Q4"
"2724",2724,"Tennessee TechGeorgia11-29",2025-11-29,"nc","Tennessee Tech","Georgia","OVC","SEC","A","L","81-123",0.08709095231161,0.91600808149171,0.789142831518436,0.255490906957154,-0.255490906957154,17.5,"played",NA,NA,NA,24,"Q1"
"2725",2725,"UC RiversideUtah Tech11-29",2025-11-29,"nc","UC Riverside","Utah Tech","BW","WAC","A","L","69-77",0.201552689174799,0.479891400510013,0.789142831518436,0.802222630355226,-0.802222630355226,23.2,"played",NA,NA,NA,199,"Q3"
"2726",2726,"UC RiversideUtah Tech11-29",2025-11-29,"nc","Utah Tech","UC Riverside","WAC","BW","H","W","77-69",0.479891400510013,0.201552689174799,0.87694452176131,0.965789939307561,0.0342100606924388,43.5,"played",NA,NA,NA,283,"Q4"
"2727",2727,"UMKCWeber St.11-29",2025-11-29,"nc","UMKC","Weber St.","Sum","BSky","A","L","61-82",0.0841485058607757,0.519652525465715,0.789142831518436,0.775758164330446,-0.775758164330446,5.8,"played",NA,NA,NA,190,"Q3"
"2728",2728,"UMKCWeber St.11-29",2025-11-29,"nc","Weber St.","UMKC","BSky","Sum","H","W","82-61",0.519652525465715,0.0841485058607757,0.87694452176131,0.987271223453189,0.0127287765468107,61.5,"played",NA,NA,NA,346,"Q4"
"2729",2729,"USC UpstateNebraska11-29",2025-11-29,"nc","Nebraska","USC Upstate","B10","BSth","H","W","72-63",0.960111303481749,0.171715590878374,0.87694452176131,0.97173133605275,0.0282686639472497,33.5,"played",NA,NA,NA,285,"Q4"
"2730",2730,"USC UpstateNebraska11-29",2025-11-29,"nc","USC Upstate","Nebraska","BSth","B10","A","L","63-72",0.171715590878374,0.960111303481749,0.789142831518436,0.134564422606148,-0.134564422606148,90.8,"played",NA,NA,NA,7,"Q1"
"2731",2731,"VMIUCF11-29",2025-11-29,"nc","UCF","VMI","B12","SC","H","W","82-57",0.866736847529921,0.081180331096308,0.87694452176131,0.987753891098385,0.0122461089016148,61.5,"played",NA,NA,NA,353,"Q4"
"2732",2732,"VMIUCF11-29",2025-11-29,"nc","VMI","UCF","SC","B12","A","L","57-82",0.081180331096308,0.866736847529921,0.789142831518436,0.365251362941497,-0.365251362941497,26.4,"played",NA,NA,NA,39,"Q1"
"2733",2733,"Western CarolinaHigh Point11-29",2025-11-29,"nc","High Point","Western Carolina","BSth","SC","H","W","93-73",0.756790844012223,0.189337564487005,0.87694452176131,0.968266322969144,0.0317336770308555,59.5,"played",NA,NA,NA,289,"Q4"
"2734",2734,"Western CarolinaHigh Point11-29",2025-11-29,"nc","Western Carolina","High Point","SC","BSth","A","L","73-93",0.189337564487005,0.756790844012223,0.789142831518436,0.546019695713936,-0.546019695713936,33.1,"played",NA,NA,NA,90,"Q2"
"2735",2735,"Western MichiganValparaiso11-29",2025-11-29,"nc","Valparaiso","Western Michigan","MVC","MAC","H","W","84-55",0.617432819487282,0.256976620663072,0.87694452176131,0.953715171476899,0.0462848285231012,94.9,"played",NA,NA,NA,256,"Q4"
"2736",2736,"Western MichiganValparaiso11-29",2025-11-29,"nc","Western Michigan","Valparaiso","MAC","MVC","A","L","55-84",0.256976620663072,0.617432819487282,0.789142831518436,0.69869691398021,-0.69869691398021,2.9,"played",NA,NA,NA,171,"Q3"
"2737",2737,"WoffordEastern Kentucky11-29",2025-11-29,"nc","Eastern Kentucky","Wofford","ASun","SC","H","L","77-83",0.353630994291055,0.281320852120458,0.87694452176131,0.947931772553643,-0.947931772553643,8.7,"played",NA,NA,NA,225,"Q4"
"2738",2738,"WoffordEastern Kentucky11-29",2025-11-29,"nc","Wofford","Eastern Kentucky","SC","ASun","A","W","83-77",0.281320852120458,0.353630994291055,0.789142831518436,0.872459573266937,0.127540426733063,69.2,"played",NA,NA,NA,262,"Q4"
"2739",2739,"Trinity BaptistNorth Florida11-29",2025-11-29,"nond1","North Florida","Trinity Baptist","ASun",NA,"H","W","67-111",NA,NA,NA,NA,0,NA,"played",NA,NA,NA,NA,NA
"2740",2740,"EmersonUMass Lowell11-29",2025-11-29,"nond1","UMass Lowell","Emerson","AE",NA,"H","W","67-90",NA,NA,NA,NA,0,NA,"played",NA,NA,NA,NA,NA
"2741",2741,"ColgateSUNY Oneonta11-29",2025-11-29,"nond1","Colgate","SUNY Oneonta","Pat",NA,"N","W","85-50",NA,NA,NA,NA,0,NA,"played",NA,NA,NA,NA,NA
"2742",2742,"Penn St.-ShenangoKent St.11-29",2025-11-29,"nond1","Kent St.","Penn St.-Shenango","MAC",NA,"H","W","59-123",NA,NA,NA,NA,0,NA,"played",NA,NA,NA,NA,NA
"2743",2743,"Regis CONorthern Colorado11-29",2025-11-29,"nond1","Northern Colorado","Regis CO","BSky",NA,"H","W","63-104",NA,NA,NA,NA,0,NA,"played",NA,NA,NA,NA,NA
"2744",2744,"RedlandsCal Poly11-29",2025-11-29,"nond1","Cal Poly","Redlands","BW",NA,"H","W","81-87",NA,NA,NA,NA,0,NA,"played",NA,NA,NA,NA,NA
"2745",2745,"FranciscanSaint Francis11-29",2025-11-29,"nond1","Saint Francis","Franciscan","NEC",NA,"H","W","60-85",NA,NA,NA,NA,0,NA,"played",NA,NA,NA,NA,NA
"2746",2746,"Notre Dame (MD)Radford11-29",2025-11-29,"nond1","Radford","Notre Dame (MD)","BSth",NA,"H","W","75-102",NA,NA,NA,NA,0,NA,"played",NA,NA,NA,NA,NA
"2747",2747,"LawrenceSt. Thomas11-29",2025-11-29,"nond1","St. Thomas","Lawrence","Sum",NA,"H","W","52-87",NA,NA,NA,NA,0,NA,"played",NA,NA,NA,NA,NA
"2748",2748,"Kentucky St.Southern Indiana11-29",2025-11-29,"nond1","Southern Indiana","Kentucky St.","OVC",NA,"H","W","56-93",NA,NA,NA,NA,0,NA,"played",NA,NA,NA,NA,NA
"2749",2749,"HaskellGreen Bay11-29",2025-11-29,"nond1","Green Bay","Haskell","Horz",NA,"H","W","55-95",NA,NA,NA,NA,0,NA,"played",NA,NA,NA,NA,NA
"2750",2750,"Sarah LawrenceColumbia11-29",2025-11-29,"nond1","Columbia","Sarah Lawrence","Ivy",NA,"H","W","44-92",NA,NA,NA,NA,0,NA,"played",NA,NA,NA,NA,NA
"2751",2751,"Gwynedd MercyMaryland Eastern Shore11-29",2025-11-29,"nond1","Maryland Eastern Shore","Gwynedd Mercy","MEAC",NA,"H","W","60-84",NA,NA,NA,NA,0,NA,"played",NA,NA,NA,NA,NA
"2752",2752,"Our Lady of the LakeLamar11-29",2025-11-29,"nond1","Lamar","Our Lady of the Lake","Slnd",NA,"H","W","46-90",NA,NA,NA,NA,0,NA,"played",NA,NA,NA,NA,NA
"2753",2753,"Tennessee St.Tennessee Wesleyan11-29",2025-11-29,"nond1","Tennessee St.","Tennessee Wesleyan","OVC",NA,"N","W","98-77",NA,NA,NA,NA,0,NA,"played",NA,NA,NA,NA,NA
"2754",2754,"Mid-Amer. ChristianNebraska Omaha11-29",2025-11-29,"nond1","Nebraska Omaha","Mid-Amer. Christian","Sum",NA,"H","W","62-84",NA,NA,NA,NA,0,NA,"played",NA,NA,NA,NA,NA
"2755",2755,"CarolinaUNorth Carolina Central11-29",2025-11-29,"nond1","North Carolina Central","CarolinaU","MEAC",NA,"H","W","61-109",NA,NA,NA,NA,0,NA,"played",NA,NA,NA,NA,NA
"2756",2756,"Alabama A&MCoastal Carolina11-30",2025-11-30,"nc","Alabama A&M","Coastal Carolina","SWAC","SB","A","L","60-67",0.159091874905061,0.391019597898515,0.789142831518436,0.853559338847739,-0.853559338847739,11.2,"played",NA,NA,NA,235,"Q3"
"2757",2757,"Alabama A&MCoastal Carolina11-30",2025-11-30,"nc","Coastal Carolina","Alabama A&M","SB","SWAC","H","W","67-60",0.391019597898515,0.159091874905061,0.87694452176131,0.974138773713817,0.025861226286183,49.1,"played",NA,NA,NA,308,"Q4"
"2758",2758,"Appalachian St.UNC Asheville11-30",2025-11-30,"nc","Appalachian St.","UNC Asheville","SB","BSth","A","L","55-67",0.322413113123934,0.418702865698982,0.789142831518436,0.838602545116366,-0.838602545116366,6.7,"played",NA,NA,NA,232,"Q3"
"2759",2759,"Appalachian St.UNC Asheville11-30",2025-11-30,"nc","UNC Asheville","Appalachian St.","BSth","SB","H","W","67-55",0.418702865698982,0.322413113123934,0.87694452176131,0.937409842186305,0.0625901578136946,82.6,"played",NA,NA,NA,212,"Q4"
"2760",2760,"Ball St.Le Moyne11-30",2025-11-30,"nc","Ball St.","Le Moyne","MAC","NEC","N","W","96-85",0.227122538423383,0.296374432242675,0.837778001870703,0.924589973042337,0.0754100269576634,44.3,"played",NA,NA,NA,263,"Q4"
"2761",2761,"Ball St.Le Moyne11-30",2025-11-30,"nc","Le Moyne","Ball St.","NEC","MAC","N","L","85-96",0.296374432242675,0.227122538423383,0.837778001870703,0.946161182677227,-0.946161182677227,13.5,"played",NA,NA,NA,316,"Q4"
"2762",2762,"BelmontCharleston11-30",2025-11-30,"nc","Belmont","Charleston","MVC","CAA","A","W","96-73",0.686175756192134,0.52079730801882,0.789142831518436,0.774959275716584,0.225040724283416,97,"played",NA,NA,NA,175,"Q3"
"2763",2763,"BelmontCharleston11-30",2025-11-30,"nc","Charleston","Belmont","CAA","MVC","H","L","73-96",0.52079730801882,0.686175756192134,0.87694452176131,0.76521878965505,-0.76521878965505,6.8,"played",NA,NA,NA,64,"Q2"
"2764",2764,"Cal St. BakersfieldFresno St.11-30",2025-11-30,"nc","Cal St. Bakersfield","Fresno St.","BW","MWC","A","W","76-71",0.159533932612316,0.639155744766348,0.789142831518436,0.678756847319588,0.321243152680412,65.1,"played",NA,NA,NA,139,"Q3"
"2765",2765,"Cal St. BakersfieldFresno St.11-30",2025-11-30,"nc","Fresno St.","Cal St. Bakersfield","MWC","BW","H","L","71-76",0.639155744766348,0.159533932612316,0.87694452176131,0.974055493161456,-0.974055493161456,15.3,"played",NA,NA,NA,301,"Q4"
"2766",2766,"ColgateFordham11-30",2025-11-30,"nc","Colgate","Fordham","Pat","A10","N","W","72-62",0.440275358611082,0.440420980217044,0.837778001870703,0.86775361708747,0.13224638291253,88.1,"played",NA,NA,NA,226,"Q4"
"2767",2767,"ColgateFordham11-30",2025-11-30,"nc","Fordham","Colgate","A10","Pat","N","L","62-72",0.440420980217044,0.440275358611082,0.837778001870703,0.867821412070165,-0.867821412070165,7.7,"played",NA,NA,NA,196,"Q3"
"2768",2768,"Coppin St.Loyola MD11-30",2025-11-30,"nc","Coppin St.","Loyola MD","MEAC","Pat","A","L","84-95",0.0259808577725411,0.162152229273016,0.789142831518436,0.95083072908287,-0.95083072908287,4.5,"played",NA,NA,NA,340,"Q4"
"2769",2769,"Coppin St.Loyola MD11-30",2025-11-30,"nc","Loyola MD","Coppin St.","Pat","MEAC","H","W","95-84",0.162152229273016,0.0259808577725411,0.87694452176131,0.996271000581672,0.00372899941832849,9.9,"played",NA,NA,NA,364,"Q4"
"2770",2770,"CornellBucknell11-30",2025-11-30,"nc","Bucknell","Cornell","Pat","Ivy","H","L","72-101",0.217206619977822,0.377743777487108,0.87694452176131,0.921502900364643,-0.921502900364643,2.8,"played",NA,NA,NA,188,"Q4"
"2771",2771,"CornellBucknell11-30",2025-11-30,"nc","Cornell","Bucknell","Ivy","Pat","A","W","101-72",0.377743777487108,0.217206619977822,0.789142831518436,0.930976439518599,0.0690235604814007,85.6,"played",NA,NA,NA,333,"Q4"
"2772",2772,"HofstraPenn11-30",2025-11-30,"nc","Hofstra","Penn","CAA","Ivy","A","W","77-60",0.550605304781333,0.554637837343646,0.789142831518436,0.750323581088423,0.249676418911577,88.1,"played",NA,NA,NA,178,"Q3"
"2773",2773,"HofstraPenn11-30",2025-11-30,"nc","Penn","Hofstra","Ivy","CAA","H","L","60-77",0.554637837343646,0.550605304781333,0.87694452176131,0.853296277500354,-0.853296277500354,17.1,"played",NA,NA,NA,106,"Q3"
"2774",2774,"La SalleMerrimack11-30",2025-11-30,"nc","La Salle","Merrimack","A10","MAAC","N","L","60-66",0.423362408108524,0.415261359347054,0.837778001870703,0.879111623887987,-0.879111623887987,17.4,"played",NA,NA,NA,217,"Q4"
"2775",2775,"La SalleMerrimack11-30",2025-11-30,"nc","Merrimack","La Salle","MAAC","A10","N","W","66-60",0.415261359347054,0.423362408108524,0.837778001870703,0.875530883888704,0.124469116111296,71.2,"played",NA,NA,NA,227,"Q4"
"2776",2776,"LongwoodAmerican11-30",2025-11-30,"nc","American","Longwood","Pat","BSth","H","W","92-66",0.508095570002426,0.192892523448795,0.87694452176131,0.967552055004814,0.0324479449951863,74.4,"played",NA,NA,NA,271,"Q4"
"2777",2777,"LongwoodAmerican11-30",2025-11-30,"nc","Longwood","American","BSth","Pat","A","L","66-92",0.192892523448795,0.508095570002426,0.789142831518436,0.783703607940069,-0.783703607940069,7.8,"played",NA,NA,NA,228,"Q3"
"2778",2778,"MaineSiena11-30",2025-11-30,"nc","Maine","Siena","AE","MAAC","N","L","60-64",0.0879765024543527,0.469123309437729,0.837778001870703,0.853891110040861,-0.853891110040861,14.7,"played",NA,NA,NA,172,"Q3"
"2779",2779,"MaineSiena11-30",2025-11-30,"nc","Siena","Maine","MAAC","AE","N","W","64-60",0.469123309437729,0.0879765024543527,0.837778001870703,0.981664011485732,0.0183359885142677,33.1,"played",NA,NA,NA,343,"Q4"
"2780",2780,"MercyhurstWest Virginia11-30",2025-11-30,"nc","Mercyhurst","West Virginia","NEC","B12","A","L","38-70",0.197715059489074,0.87123425331909,0.789142831518436,0.356141766264973,-0.356141766264973,2.1,"played",NA,NA,NA,59,"Q1"
"2781",2781,"MercyhurstWest Virginia11-30",2025-11-30,"nc","West Virginia","Mercyhurst","B12","NEC","H","W","70-38",0.87123425331909,0.197715059489074,0.87694452176131,0.966574696119011,0.0334253038809886,98.8,"played",NA,NA,NA,290,"Q4"
"2782",2782,"MonmouthLafayette11-30",2025-11-30,"nc","Lafayette","Monmouth","Pat","CAA","H","L","74-88",0.247759908493423,0.318339421823734,0.87694452176131,0.938498639231933,-0.938498639231933,3.9,"played",NA,NA,NA,204,"Q4"
"2783",2783,"MonmouthLafayette11-30",2025-11-30,"nc","Monmouth","Lafayette","CAA","Pat","A","W","88-74",0.318339421823734,0.247759908493423,0.789142831518436,0.919113429490502,0.0808865705094981,79.1,"played",NA,NA,NA,328,"Q4"
"2784",2784,"New HampshireFairfield11-30",2025-11-30,"nc","Fairfield","New Hampshire","MAAC","AE","H","W","72-68",0.35586849615359,0.179474847733072,0.87694452176131,0.970220927546977,0.0297790724530229,23.7,"played",NA,NA,NA,323,"Q4"
"2785",2785,"New HampshireFairfield11-30",2025-11-30,"nc","New Hampshire","Fairfield","AE","MAAC","A","L","68-72",0.179474847733072,0.35586849615359,0.789142831518436,0.871367911823899,-0.871367911823899,28,"played",NA,NA,NA,248,"Q4"
"2786",2786,"Old DominionWilliam & Mary11-30",2025-11-30,"nc","Old Dominion","William & Mary","SB","CAA","A","L","75-88",0.270343466440864,0.684495357208954,0.789142831518436,0.633034687260019,-0.633034687260019,28.5,"played",NA,NA,NA,108,"Q2"
"2787",2787,"Old DominionWilliam & Mary11-30",2025-11-30,"nc","William & Mary","Old Dominion","CAA","SB","H","W","88-75",0.684495357208954,0.270343466440864,0.87694452176131,0.950578683851748,0.0494213161482524,66.8,"played",NA,NA,NA,250,"Q4"
"2788",2788,"Prairie View A&MNorth Texas11-30",2025-11-30,"nc","North Texas","Prairie View A&M","Amer","SWAC","H","W","72-69",0.61394540023339,0.172466558867004,0.87694452176131,0.971586187483802,0.0284138125161976,18.7,"played",NA,NA,NA,296,"Q4"
"2789",2789,"Prairie View A&MNorth Texas11-30",2025-11-30,"nc","Prairie View A&M","North Texas","SWAC","Amer","A","L","69-72",0.172466558867004,0.61394540023339,0.789142831518436,0.701790604371229,-0.701790604371229,59.1,"played",NA,NA,NA,147,"Q3"
"2790",2790,"PresbyterianThe Citadel11-30",2025-11-30,"nc","Presbyterian","The Citadel","BSth","SC","N","W","69-41",0.270374587470835,0.105644386960961,0.837778001870703,0.977638784525081,0.0223612154749192,97.7,"played",NA,NA,NA,350,"Q4"
"2791",2791,"PresbyterianThe Citadel11-30",2025-11-30,"nc","The Citadel","Presbyterian","SC","BSth","N","L","41-69",0.105644386960961,0.270374587470835,0.837778001870703,0.933049849312464,-0.933049849312464,0.1,"played",NA,NA,NA,258,"Q4"
"2792",2792,"PrincetonSaint Joseph's11-30",2025-11-30,"nc","Princeton","Saint Joseph's","Ivy","A10","N","L","58-60",0.374140326657445,0.52159597974988,0.837778001870703,0.825685051923204,-0.825685051923204,41.8,"played",NA,NA,NA,192,"Q3"
"2793",2793,"PrincetonSaint Joseph's11-30",2025-11-30,"nc","Saint Joseph's","Princeton","A10","Ivy","N","W","60-58",0.52159597974988,0.374140326657445,0.837778001870703,0.896254408598994,0.103745591401006,47.6,"played",NA,NA,NA,239,"Q4"
"2794",2794,"San DiegoLong Beach St.11-30",2025-11-30,"nc","Long Beach St.","San Diego","BW","WCC","H","W","76-72",0.420920977464503,0.386813607349022,0.87694452176131,0.918679146869904,0.081320853130096,44.2,"played",NA,NA,NA,208,"Q4"
"2795",2795,"San DiegoLong Beach St.11-30",2025-11-30,"nc","San Diego","Long Beach St.","WCC","BW","A","L","72-76",0.386813607349022,0.420920977464503,0.789142831518436,0.837366165744844,-0.837366165744844,36.7,"played",NA,NA,NA,240,"Q3"
"2796",2796,"South AlabamaUTSA11-30",2025-11-30,"nc","South Alabama","UTSA","SB","Amer","A","W","82-58",0.306238592181222,0.118500483117376,0.789142831518436,0.96532593406337,0.0346740659366295,77.8,"played",NA,NA,NA,349,"Q4"
"2797",2797,"South AlabamaUTSA11-30",2025-11-30,"nc","UTSA","South Alabama","Amer","SB","H","L","58-82",0.118500483117376,0.306238592181222,0.87694452176131,0.941671849852463,-0.941671849852463,1.7,"played",NA,NA,NA,197,"Q4"
"2798",2798,"St. BonaventureFlorida Atlantic11-30",2025-11-30,"nc","Florida Atlantic","St. Bonaventure","Amer","A10","H","L","65-70",0.793840431015816,0.42887918075561,0.87694452176131,0.904670714557104,-0.904670714557104,23.2,"played",NA,NA,NA,144,"Q3"
"2799",2799,"St. BonaventureFlorida Atlantic11-30",2025-11-30,"nc","St. Bonaventure","Florida Atlantic","A10","Amer","A","W","70-65",0.42887918075561,0.793840431015816,0.789142831518436,0.492884070110421,0.507115929889579,90.6,"played",NA,NA,NA,91,"Q2"
"2800",2800,"StetsonRobert Morris11-30",2025-11-30,"nc","Robert Morris","Stetson","Horz","ASun","H","W","80-62",0.517536678288298,0.131178587745499,0.87694452176131,0.979252959192397,0.020747040807603,75.6,"played",NA,NA,NA,327,"Q4"
"2801",2801,"StetsonRobert Morris11-30",2025-11-30,"nc","Stetson","Robert Morris","ASun","Horz","A","L","62-80",0.131178587745499,0.517536678288298,0.789142831518436,0.777229028620444,-0.777229028620444,5,"played",NA,NA,NA,186,"Q3"
"2802",2802,"StonehillQuinnipiac11-30",2025-11-30,"nc","Quinnipiac","Stonehill","MAAC","NEC","H","W","76-62",0.56676972583644,0.0863616106872418,0.87694452176131,0.986909609419067,0.0130903905809331,48.1,"played",NA,NA,NA,337,"Q4"
"2803",2803,"StonehillQuinnipiac11-30",2025-11-30,"nc","Stonehill","Quinnipiac","NEC","MAAC","A","L","62-76",0.0863616106872418,0.56676972583644,0.789142831518436,0.740982745235832,-0.740982745235832,11.8,"played",NA,NA,NA,184,"Q3"
"2804",2804,"Tennessee St.Chattanooga11-30",2025-11-30,"nc","Chattanooga","Tennessee St.","SC","OVC","H","L","64-70",0.31417384513742,0.211923958515258,0.87694452176131,0.963637441578405,-0.963637441578405,5.1,"played",NA,NA,NA,229,"Q4"
"2805",2805,"Tennessee St.Chattanooga11-30",2025-11-30,"nc","Tennessee St.","Chattanooga","OVC","SC","A","W","70-64",0.211923958515258,0.31417384513742,0.789142831518436,0.890946330891946,0.109053669108054,69.7,"played",NA,NA,NA,280,"Q4"
"2806",2806,"UC IrvineSan Jose St.11-30",2025-11-30,"nc","San Jose St.","UC Irvine","MWC","BW","H","L","63-72",0.426462166380668,0.570843061730183,0.87694452176131,0.842708029324452,-0.842708029324452,24.5,"played",NA,NA,NA,128,"Q3"
"2807",2807,"UC IrvineSan Jose St.11-30",2025-11-30,"nc","UC Irvine","San Jose St.","BW","MWC","A","W","72-63",0.570843061730183,0.426462166380668,0.789142831518436,0.834251951782731,0.165748048217269,75.3,"played",NA,NA,NA,259,"Q4"
"2808",2808,"WyomingTexas Tech11-30",2025-11-30,"nc","Texas Tech","Wyoming","B12","MWC","H","W","76-72",0.952998790803517,0.628540397083757,0.87694452176131,0.80812121966831,0.19187878033169,75.4,"played",NA,NA,NA,100,"Q3"
"2809",2809,"WyomingTexas Tech11-30",2025-11-30,"nc","Wyoming","Texas Tech","MWC","B12","A","L","72-76",0.628540397083757,0.952998790803517,0.789142831518436,0.155818723619252,-0.155818723619252,91.8,"played",NA,NA,NA,17,"Q1"
"2810",2810,"YaleVermont11-30",2025-11-30,"nc","Vermont","Yale","AE","Ivy","H","L","74-77",0.446282341818913,0.697398462944221,0.87694452176131,0.755630003204374,-0.755630003204374,56.8,"played",NA,NA,NA,61,"Q2"
"2811",2811,"YaleVermont11-30",2025-11-30,"nc","Yale","Vermont","Ivy","AE","A","W","77-74",0.697398462944221,0.446282341818913,0.789142831518436,0.822805153276422,0.177194846723578,58.6,"played",NA,NA,NA,207,"Q3"
"2812",2812,"St. AmbroseWestern Illinois11-30",2025-11-30,"nond1","Western Illinois","St. Ambrose","OVC",NA,"H","W","73-89",NA,NA,NA,NA,0,NA,"played",NA,NA,NA,NA,NA
"2813",2813,"Northeastern St.Missouri St.11-30",2025-11-30,"nond1","Missouri St.","Northeastern St.","CUSA",NA,"H","W","71-92",NA,NA,NA,NA,0,NA,"played",NA,NA,NA,NA,NA
"2814",2814,"AlbanySUNY Oneonta11-30",2025-11-30,"nond1","Albany","SUNY Oneonta","AE",NA,"N","W","90-62",NA,NA,NA,NA,0,NA,"played",NA,NA,NA,NA,NA
"2815",2815,"MitchellNew Haven11-30",2025-11-30,"nond1","New Haven","Mitchell","NEC",NA,"H","W","69-92",NA,NA,NA,NA,0,NA,"played",NA,NA,NA,NA,NA
"2816",2816,"JWU (Providence)Central Connecticut11-30",2025-11-30,"nond1","Central Connecticut","JWU (Providence)","NEC",NA,"H","W","57-122",NA,NA,NA,NA,0,NA,"played",NA,NA,NA,NA,NA
"2817",2817,"Bowling GreenKansas St.12-1",2025-12-01,"nc","Bowling Green","Kansas St.","MAC","B12","A","W","82-66",0.571728621824331,0.787642451679584,0.789142831518436,0.502248363029673,0.497751636970327,97.3,"played",NA,NA,NA,82,"Q2"
"2818",2818,"Bowling GreenKansas St.12-1",2025-12-01,"nc","Kansas St.","Bowling Green","B12","MAC","H","L","66-82",0.787642451679584,0.571728621824331,0.87694452176131,0.842228164877759,-0.842228164877759,12.1,"played",NA,NA,NA,101,"Q3"
"2819",2819,"Cal BaptistColorado12-1",2025-12-01,"nc","Cal Baptist","Colorado","WAC","B12","A","L","70-78",0.540609234029639,0.772290823716488,0.789142831518436,0.524598733389019,-0.524598733389019,69,"played",NA,NA,NA,78,"Q2"
"2820",2820,"Cal BaptistColorado12-1",2025-12-01,"nc","Colorado","Cal Baptist","B12","WAC","H","W","78-70",0.772290823716488,0.540609234029639,0.87694452176131,0.858272191250011,0.141727808749989,64.2,"played",NA,NA,NA,120,"Q3"
"2821",2821,"IonaDelaware12-1",2025-12-01,"nc","Delaware","Iona","CUSA","MAAC","H","L","66-89",0.290475626387562,0.289732912826144,0.87694452176131,0.945858398301721,-0.945858398301721,4.2,"played",NA,NA,NA,218,"Q4"
"2822",2822,"IonaDelaware12-1",2025-12-01,"nc","Iona","Delaware","MAAC","CUSA","A","W","89-66",0.289732912826144,0.290475626387562,0.789142831518436,0.901396772388435,0.0986032276115646,79.3,"played",NA,NA,NA,300,"Q4"
"2823",2823,"McNeese St.Incarnate Word12-1",2025-12-01,"conf","Incarnate Word","McNeese St.","Slnd","Slnd","H","W","71-67",0.403222433818588,0.683026270437139,0.87694452176131,0.767829201135309,0.232170798864691,85.8,"played",NA,NA,NA,57,"Q2"
"2824",2824,"McNeese St.Incarnate Word12-1",2025-12-01,"conf","McNeese St.","Incarnate Word","Slnd","Slnd","A","L","67-71",0.683026270437139,0.403222433818588,0.789142831518436,0.847072516115336,-0.847072516115336,19.4,"played",NA,NA,NA,246,"Q4"
"2825",2825,"North AlabamaJacksonville St.12-1",2025-12-01,"nc","Jacksonville St.","North Alabama","CUSA","ASun","H","L","66-73",0.444551537137328,0.0884777145660335,0.87694452176131,0.986562452243666,-0.986562452243666,6.6,"played",NA,NA,NA,335,"Q4"
"2826",2826,"North AlabamaJacksonville St.12-1",2025-12-01,"nc","North Alabama","Jacksonville St.","ASun","CUSA","A","W","73-66",0.0884777145660335,0.444551537137328,0.789142831518436,0.823824402356089,0.176175597643911,52.4,"played",NA,NA,NA,245,"Q4"
"2827",2827,"PortlandStanford12-1",2025-12-01,"nc","Portland","Stanford","WCC","ACC","A","L","72-94",0.394760979258516,0.825268926203313,0.789142831518436,0.442087360782368,-0.442087360782368,16.5,"played",NA,NA,NA,68,"Q1"
"2828",2828,"PortlandStanford12-1",2025-12-01,"nc","Stanford","Portland","ACC","WCC","H","W","94-72",0.825268926203313,0.394760979258516,0.87694452176131,0.916150061931773,0.0838499380682269,94,"played",NA,NA,NA,215,"Q4"
"2829",2829,"Saint FrancisXavier12-1",2025-12-01,"nc","Saint Francis","Xavier","NEC","BE","A","L","74-96",0.0661980827384546,0.780139218822579,0.789142831518436,0.513318973154326,-0.513318973154326,20.4,"played",NA,NA,NA,94,"Q2"
"2830",2830,"Saint FrancisXavier12-1",2025-12-01,"nc","Xavier","Saint Francis","BE","NEC","H","W","96-74",0.780139218822579,0.0661980827384546,0.87694452176131,0.990150353814344,0.00984964618565609,49.5,"played",NA,NA,NA,354,"Q4"
"2831",2831,"Tarleton St.Cincinnati12-1",2025-12-01,"nc","Cincinnati","Tarleton St.","B12","WAC","H","W","76-58",0.873465038086542,0.400519815714214,0.87694452176131,0.914284499452316,0.0857155005476835,89.9,"played",NA,NA,NA,185,"Q4"
"2832",2832,"Tarleton St.Cincinnati12-1",2025-12-01,"nc","Tarleton St.","Cincinnati","WAC","B12","A","L","58-76",0.400519815714214,0.873465038086542,0.789142831518436,0.351561364376916,-0.351561364376916,34.2,"played",NA,NA,NA,72,"Q1"
"2833",2833,"TempleVillanova12-1",2025-12-01,"nc","Temple","Villanova","Amer","BE","A","L","56-74",0.482165271889948,0.914034335117992,0.789142831518436,0.260349308981246,-0.260349308981246,55.1,"played",NA,NA,NA,33,"Q1"
"2834",2834,"TempleVillanova12-1",2025-12-01,"nc","Villanova","Temple","BE","Amer","H","W","74-56",0.914034335117992,0.482165271889948,0.87694452176131,0.884441310768963,0.115558689231037,89,"played",NA,NA,NA,154,"Q3"
"2835",2835,"UABMiddle Tennessee12-1",2025-12-01,"nc","Middle Tennessee","UAB","CUSA","Amer","H","W","76-61",0.754494348969183,0.524998488358512,0.87694452176131,0.865731238499826,0.134268761500174,83.7,"played",NA,NA,NA,122,"Q3"
"2836",2836,"UABMiddle Tennessee12-1",2025-12-01,"nc","UAB","Middle Tennessee","Amer","CUSA","A","L","61-76",0.524998488358512,0.754494348969183,0.789142831518436,0.54910087733936,-0.54910087733936,39.8,"played",NA,NA,NA,111,"Q2"
"2837",2837,"West GeorgiaTroy12-1",2025-12-01,"nc","Troy","West Georgia","SB","ASun","H","L","89-93",0.719734730060241,0.124454025605907,0.87694452176131,0.980443929756687,-0.980443929756687,10.5,"played",NA,NA,NA,322,"Q4"
"2838",2838,"West GeorgiaTroy12-1",2025-12-01,"nc","West Georgia","Troy","ASun","SB","A","W","93-89",0.124454025605907,0.719734730060241,0.789142831518436,0.593057675690047,0.406942324309953,75.6,"played",NA,NA,NA,103,"Q2"
"2839",2839,"Central St. (OH)Toledo12-1",2025-12-01,"nond1","Toledo","Central St. (OH)","MAC",NA,"H","W","58-102",NA,NA,NA,NA,0,NA,"played",NA,NA,NA,NA,NA
"2840",2840,"St. XavierChicago St.12-1",2025-12-01,"nond1","Chicago St.","St. Xavier","NEC",NA,"H","W","62-85",NA,NA,NA,NA,0,NA,"played",NA,NA,NA,NA,NA
"2841",2841,"Coe CollegeNorthern Iowa12-1",2025-12-01,"nond1","Northern Iowa","Coe College","MVC",NA,"H","W","34-99",NA,NA,NA,NA,0,NA,"played",NA,NA,NA,NA,NA
"2842",2842,"N.M. HighlandsNew Mexico12-1",2025-12-01,"nond1","New Mexico","N.M. Highlands","MWC",NA,"H","W","47-97",NA,NA,NA,NA,0,NA,"played",NA,NA,NA,NA,NA
"2843",2843,"West Coast BaptistSouthern Utah12-1",2025-12-01,"nond1","Southern Utah","West Coast Baptist","WAC",NA,"H","W","59-124",NA,NA,NA,NA,0,NA,"played",NA,NA,NA,NA,NA
"2844",2844,"La. ChristianSouthern12-1",2025-12-01,"nond1","Southern","La. Christian","SWAC",NA,"H","W","48-101",NA,NA,NA,NA,0,NA,"played",NA,NA,NA,NA,NA
"2845",2845,"ApprenticeHampton12-1",2025-12-01,"nond1","Hampton","Apprentice","CAA",NA,"H","W","58-94",NA,NA,NA,NA,0,NA,"played",NA,NA,NA,NA,NA
"2846",2846,"Abilene ChristianPepperdine12-2",2025-12-02,"nc","Abilene Christian","Pepperdine","WAC","WCC","A","W","71-63",0.25561463996283,0.346226240798316,0.789142831518436,0.876038094973127,0.123961905026873,76.7,"played",NA,NA,NA,267,"Q4"
"2847",2847,"Abilene ChristianPepperdine12-2",2025-12-02,"nc","Pepperdine","Abilene Christian","WCC","WAC","H","L","63-71",0.346226240798316,0.25561463996283,0.87694452176131,0.954029569648245,-0.954029569648245,5.2,"played",NA,NA,NA,241,"Q4"
"2848",2848,"BrownRhode Island12-2",2025-12-02,"nc","Brown","Rhode Island","Ivy","A10","A","L","56-66",0.22903256495286,0.656655293009964,0.789142831518436,0.661803604151082,-0.661803604151082,28.6,"played",NA,NA,NA,133,"Q2"
"2849",2849,"BrownRhode Island12-2",2025-12-02,"nc","Rhode Island","Brown","A10","Ivy","H","W","66-56",0.656655293009964,0.22903256495286,0.87694452176131,0.959982199400525,0.0400178005994747,58.7,"played",NA,NA,NA,275,"Q4"
"2850",2850,"CampbellPenn St.12-2",2025-12-02,"nc","Campbell","Penn St.","CAA","B10","A","L","76-87",0.327073956545687,0.644016964773121,0.789142831518436,0.674129982609513,-0.674129982609513,31.9,"played",NA,NA,NA,131,"Q2"
"2851",2851,"CampbellPenn St.12-2",2025-12-02,"nc","Penn St.","Campbell","B10","CAA","H","W","87-76",0.644016964773121,0.327073956545687,0.87694452176131,0.936151100895773,0.0638488991042273,65.3,"played",NA,NA,NA,203,"Q4"
"2852",2852,"Central MichiganLoyola Chicago12-2",2025-12-02,"nc","Central Michigan","Loyola Chicago","MAC","A10","A","L","72-83",0.143586134959525,0.28923647413666,0.789142831518436,0.901930542270354,-0.901930542270354,13.3,"played",NA,NA,NA,315,"Q4"
"2853",2853,"Central MichiganLoyola Chicago12-2",2025-12-02,"nc","Loyola Chicago","Central Michigan","A10","MAC","H","W","83-72",0.28923647413666,0.143586134959525,0.87694452176131,0.977014256827904,0.0229857431720957,30.8,"played",NA,NA,NA,329,"Q4"
"2854",2854,"Charleston SouthernTennessee Martin12-2",2025-12-02,"nc","Charleston Southern","Tennessee Martin","BSth","OVC","A","L","56-73",0.304852499335177,0.371890241689694,0.789142831518436,0.863407239429369,-0.863407239429369,6.7,"played",NA,NA,NA,187,"Q3"
"2855",2855,"Charleston SouthernTennessee Martin12-2",2025-12-02,"nc","Tennessee Martin","Charleston Southern","OVC","BSth","H","W","73-56",0.371890241689694,0.304852499335177,0.87694452176131,0.942029615136421,0.0579703848635789,78.3,"played",NA,NA,NA,219,"Q4"
"2856",2856,"ConnecticutKansas12-2",2025-12-02,"nc","Connecticut","Kansas","BE","B12","A","W","61-56",0.948353630627273,0.958273819187545,0.789142831518436,0.140126652159027,0.859873347840973,96.7,"played",NA,NA,NA,18,"Q1"
"2857",2857,"ConnecticutKansas12-2",2025-12-02,"nc","Kansas","Connecticut","B12","BE","H","L","56-61",0.958273819187545,0.948353630627273,0.87694452176131,0.279589420810512,-0.279589420810512,93.5,"played",NA,NA,NA,8,"Q1"
"2858",2858,"CornellGeorge Mason12-2",2025-12-02,"nc","Cornell","George Mason","Ivy","A10","A","L","81-99",0.377743777487108,0.758834600748699,0.789142831518436,0.543257964252141,-0.543257964252141,40.1,"played",NA,NA,NA,63,"Q1"
"2859",2859,"CornellGeorge Mason12-2",2025-12-02,"nc","George Mason","Cornell","A10","Ivy","H","W","99-81",0.758834600748699,0.377743777487108,0.87694452176131,0.921502900364643,0.0784970996353572,74.1,"played",NA,NA,NA,188,"Q4"
"2860",2860,"East Tennessee St.Dayton12-2",2025-12-02,"nc","Dayton","East Tennessee St.","A10","SC","H","W","88-71",0.806502743818976,0.448888433472161,0.87694452176131,0.897428314939119,0.102571685060881,89.4,"played",NA,NA,NA,129,"Q3"
"2861",2861,"East Tennessee St.Dayton12-2",2025-12-02,"nc","East Tennessee St.","Dayton","SC","A10","A","L","71-88",0.448888433472161,0.806502743818976,0.789142831518436,0.473106576585408,-0.473106576585408,28.7,"played",NA,NA,NA,80,"Q2"
"2862",2862,"Eastern MichiganButler12-2",2025-12-02,"nc","Butler","Eastern Michigan","BE","MAC","H","W","84-68",0.858613464070704,0.375757933331981,0.87694452176131,0.922112482630347,0.0778875173696529,79,"played",NA,NA,NA,179,"Q4"
"2863",2863,"Eastern MichiganButler12-2",2025-12-02,"nc","Eastern Michigan","Butler","MAC","BE","A","L","68-84",0.375757933331981,0.858613464070704,0.789142831518436,0.381295065510961,-0.381295065510961,49.4,"played",NA,NA,NA,48,"Q1"
"2864",2864,"Fairleigh DickinsonProvidence12-2",2025-12-02,"nc","Fairleigh Dickinson","Providence","NEC","BE","A","L","64-94",0.105857899301199,0.803485279294478,0.789142831518436,0.477900616033965,-0.477900616033965,3,"played",NA,NA,NA,89,"Q2"
"2865",2865,"Fairleigh DickinsonProvidence12-2",2025-12-02,"nc","Providence","Fairleigh Dickinson","BE","NEC","H","W","94-64",0.803485279294478,0.105857899301199,0.87694452176131,0.983658574348393,0.0163414256516066,94,"played",NA,NA,NA,339,"Q4"
"2866",2866,"Florida A&MJacksonville12-2",2025-12-02,"nc","Florida A&M","Jacksonville","SWAC","ASun","A","L","82-85",0.193160437433708,0.269014167855688,0.789142831518436,0.910470750059058,-0.910470750059058,23,"played",NA,NA,NA,293,"Q4"
"2867",2867,"Florida A&MJacksonville12-2",2025-12-02,"nc","Jacksonville","Florida A&M","ASun","SWAC","H","W","85-82",0.269014167855688,0.193160437433708,0.87694452176131,0.967498013170315,0.0325019868296846,22.7,"played",NA,NA,NA,307,"Q4"
"2868",2868,"FloridaDuke12-2",2025-12-02,"nc","Duke","Florida","ACC","SEC","H","W","67-66",0.967169328775528,0.940366182041113,0.87694452176131,0.311259394238092,0.688740605761908,97.3,"played",NA,NA,NA,14,"Q1"
"2869",2869,"FloridaDuke12-2",2025-12-02,"nc","Florida","Duke","SEC","ACC","A","L","66-67",0.940366182041113,0.967169328775528,0.789142831518436,0.1127209681814,-0.1127209681814,92.9,"played",NA,NA,NA,2,"Q1"
"2870",2870,"George WashingtonArmy12-2",2025-12-02,"nc","Army","George Washington","Pat","A10","H","L","70-84",0.208126264319721,0.685508618398289,0.87694452176131,0.765774611648292,-0.765774611648292,31.3,"played",NA,NA,NA,75,"Q2"
"2871",2871,"George WashingtonArmy12-2",2025-12-02,"nc","George Washington","Army","A10","Pat","A","W","84-70",0.685508618398289,0.208126264319721,0.789142831518436,0.934381268827168,0.0656187311728325,55.7,"played",NA,NA,NA,320,"Q4"
"2872",2872,"Georgia St.Mercer12-2",2025-12-02,"nc","Georgia St.","Mercer","SB","SC","A","L","67-78",0.207313157197796,0.653833270716202,0.789142831518436,0.664593982193898,-0.664593982193898,30,"played",NA,NA,NA,125,"Q2"
"2873",2873,"Georgia St.Mercer12-2",2025-12-02,"nc","Mercer","Georgia St.","SC","SB","H","W","78-67",0.653833270716202,0.207313157197796,0.87694452176131,0.964600153744441,0.0353998462555593,53.6,"played",NA,NA,NA,261,"Q4"
"2874",2874,"GeorgiaFlorida St.12-2",2025-12-02,"nc","Florida St.","Georgia","ACC","SEC","H","L","73-107",0.714263605095652,0.851354270638983,0.87694452176131,0.554420048271428,-0.554420048271428,12.8,"played",NA,NA,NA,24,"Q1"
"2875",2875,"GeorgiaFlorida St.12-2",2025-12-02,"nc","Georgia","Florida St.","SEC","ACC","A","W","107-73",0.851354270638983,0.714263605095652,0.789142831518436,0.599548438685226,0.400451561314774,99,"played",NA,NA,NA,115,"Q2"
"2876",2876,"Grambling St.Tulane12-2",2025-12-02,"nc","Grambling St.","Tulane","SWAC","Amer","A","L","63-65",0.233559697555641,0.499347286934666,0.789142831518436,0.789576940282949,-0.789576940282949,44.1,"played",NA,NA,NA,202,"Q3"
"2877",2877,"Grambling St.Tulane12-2",2025-12-02,"nc","Tulane","Grambling St.","Amer","SWAC","H","W","65-63",0.499347286934666,0.233559697555641,0.87694452176131,0.958992470941088,0.0410075290589117,27.8,"played",NA,NA,NA,266,"Q4"
"2878",2878,"Houston ChristianNorth Texas12-2",2025-12-02,"nc","Houston Christian","North Texas","Slnd","Amer","A","L","75-77",0.166904500846973,0.61394540023339,0.789142831518436,0.701790604371229,-0.701790604371229,54.9,"played",NA,NA,NA,147,"Q3"
"2879",2879,"Houston ChristianNorth Texas12-2",2025-12-02,"nc","North Texas","Houston Christian","Amer","Slnd","H","W","77-75",0.61394540023339,0.166904500846973,0.87694452176131,0.972656041762217,0.0273439582377828,20.7,"played",NA,NA,NA,297,"Q4"
"2880",2880,"IowaMichigan St.12-2",2025-12-02,"conf","Iowa","Michigan St.","B10","B10","A","L","52-71",0.910684041262198,0.96316998011938,0.789142831518436,0.125192612565118,-0.125192612565118,48.1,"played",NA,NA,NA,11,"Q1"
"2881",2881,"IowaMichigan St.12-2",2025-12-02,"conf","Michigan St.","Iowa","B10","B10","H","W","71-52",0.96316998011938,0.910684041262198,0.87694452176131,0.411393574304387,0.588606425695613,99.7,"played",NA,NA,NA,21,"Q1"
"2882",2882,"Jackson St.Kennesaw St.12-2",2025-12-02,"nc","Jackson St.","Kennesaw St.","SWAC","CUSA","A","L","73-88",0.118376704856031,0.57740333990607,0.789142831518436,0.732558726349593,-0.732558726349593,13.6,"played",NA,NA,NA,159,"Q3"
"2883",2883,"Jackson St.Kennesaw St.12-2",2025-12-02,"nc","Kennesaw St.","Jackson St.","CUSA","SWAC","H","W","88-73",0.57740333990607,0.118376704856031,0.87694452176131,0.981507081310067,0.0184929186899327,53.9,"played",NA,NA,NA,347,"Q4"
"2884",2884,"LehighBinghamton12-2",2025-12-02,"nc","Binghamton","Lehigh","AE","Pat","H","W","80-71",0.0832959988038982,0.155993773443698,0.87694452176131,0.974720382753838,0.0252796172461617,28,"played",NA,NA,NA,298,"Q4"
"2885",2885,"LehighBinghamton12-2",2025-12-02,"nc","Lehigh","Binghamton","Pat","AE","A","L","71-80",0.155993773443698,0.0832959988038982,0.789142831518436,0.976296658657706,-0.976296658657706,4.1,"played",NA,NA,NA,362,"Q4"
"2886",2886,"LindenwoodNorthern Illinois12-2",2025-12-02,"nc","Lindenwood","Northern Illinois","OVC","MAC","A","W","99-64",0.294360678016868,0.231423124479628,0.789142831518436,0.925536135207541,0.0744638647924589,96.3,"played",NA,NA,NA,312,"Q4"
"2887",2887,"LindenwoodNorthern Illinois12-2",2025-12-02,"nc","Northern Illinois","Lindenwood","MAC","OVC","H","L","64-99",0.231423124479628,0.294360678016868,0.87694452176131,0.944700645022092,-0.944700645022092,0.5,"played",NA,NA,NA,224,"Q4"
"2888",2888,"Maryland Eastern ShoreEast Carolina12-2",2025-12-02,"nc","East Carolina","Maryland Eastern Shore","Amer","MEAC","H","W","68-56",0.262679066039086,0.112768939573491,0.87694452176131,0.98247717744524,0.0175228225547599,43.5,"played",NA,NA,NA,325,"Q4"
"2889",2889,"Maryland Eastern ShoreEast Carolina12-2",2025-12-02,"nc","Maryland Eastern Shore","East Carolina","MEAC","Amer","A","L","56-68",0.112768939573491,0.262679066039086,0.789142831518436,0.913081687465795,-0.913081687465795,5.6,"played",NA,NA,NA,299,"Q4"
"2890",2890,"Miami FLMississippi12-2",2025-12-02,"nc","Miami FL","Mississippi","ACC","SEC","A","W","75-66",0.797942523828166,0.782795445947566,0.789142831518436,0.509432503898883,0.490567496101117,95.8,"played",NA,NA,NA,87,"Q2"
"2891",2891,"Miami FLMississippi12-2",2025-12-02,"nc","Mississippi","Miami FL","SEC","ACC","H","L","66-75",0.782795445947566,0.797942523828166,0.87694452176131,0.643439496156293,-0.643439496156293,38.5,"played",NA,NA,NA,37,"Q2"
"2892",2892,"MissouriNotre Dame12-2",2025-12-02,"nc","Missouri","Notre Dame","SEC","ACC","A","L","71-76",0.730398132959743,0.775906977662226,0.789142831518436,0.519438937310661,-0.519438937310661,72.5,"played",NA,NA,NA,81,"Q2"
"2893",2893,"MissouriNotre Dame12-2",2025-12-02,"nc","Notre Dame","Missouri","ACC","SEC","H","W","76-71",0.775906977662226,0.730398132959743,0.87694452176131,0.724554054905934,0.275445945094066,78.1,"played",NA,NA,NA,70,"Q2"
"2894",2894,"Morehead St.Murray St.12-2",2025-12-02,"nc","Morehead St.","Murray St.","OVC","MVC","A","L","52-84",0.163264947729151,0.768671365816874,0.789142831518436,0.52970054022595,-0.52970054022595,11.8,"played",NA,NA,NA,74,"Q1"
"2895",2895,"Morehead St.Murray St.12-2",2025-12-02,"nc","Murray St.","Morehead St.","MVC","OVC","H","W","84-52",0.768671365816874,0.163264947729151,0.87694452176131,0.973349662894276,0.0266503371057238,82.8,"played",NA,NA,NA,286,"Q4"
"2896",2896,"New Mexico St.South Alabama12-2",2025-12-02,"nc","New Mexico St.","South Alabama","CUSA","SB","N","L","75-77",0.595886371690625,0.378541703939974,0.837778001870703,0.894497735371008,-0.894497735371008,35.5,"played",NA,NA,NA,197,"Q3"
"2897",2897,"New Mexico St.South Alabama12-2",2025-12-02,"nc","South Alabama","New Mexico St.","SB","CUSA","N","W","77-75",0.378541703939974,0.595886371690625,0.837778001870703,0.777893649561857,0.222106350438143,62,"played",NA,NA,NA,140,"Q3"
"2898",2898,"Nicholls St.Creighton12-2",2025-12-02,"nc","Creighton","Nicholls St.","BE","Slnd","H","W","96-76",0.853766094479856,0.298838774145833,0.87694452176131,0.943568533420601,0.0564314665793993,87.6,"played",NA,NA,NA,214,"Q4"
"2899",2899,"Nicholls St.Creighton12-2",2025-12-02,"nc","Nicholls St.","Creighton","Slnd","BE","A","L","76-96",0.298838774145833,0.853766094479856,0.789142831518436,0.390625558612227,-0.390625558612227,26.1,"played",NA,NA,NA,58,"Q1"
"2900",2900,"North Carolina A&TCharlotte12-2",2025-12-02,"nc","Charlotte","North Carolina A&T","Amer","CAA","H","W","74-57",0.567723178537992,0.167266946360123,0.87694452176131,0.97258668982768,0.0274133101723195,91.2,"played",NA,NA,NA,270,"Q4"
"2901",2901,"North Carolina A&TCharlotte12-2",2025-12-02,"nc","North Carolina A&T","Charlotte","CAA","Amer","A","L","57-74",0.167266946360123,0.567723178537992,0.789142831518436,0.740236588946491,-0.740236588946491,2.5,"played",NA,NA,NA,173,"Q3"
"2902",2902,"North CarolinaKentucky12-2",2025-12-02,"nc","Kentucky","North Carolina","SEC","ACC","H","L","64-67",0.894882969930619,0.849603281638803,0.87694452176131,0.557819068404126,-0.557819068404126,83.7,"played",NA,NA,NA,27,"Q1"
"2903",2903,"North CarolinaKentucky12-2",2025-12-02,"nc","North Carolina","Kentucky","ACC","SEC","A","W","67-64",0.849603281638803,0.894882969930619,0.789142831518436,0.305370611040222,0.694629388959778,90.3,"played",NA,NA,NA,31,"Q1"
"2904",2904,"OklahomaWake Forest12-2",2025-12-02,"nc","Oklahoma","Wake Forest","SEC","ACC","A","W","86-68",0.671721774627647,0.830188381602287,0.789142831518436,0.433595457149497,0.566404542850503,95.9,"played",NA,NA,NA,67,"Q1"
"2905",2905,"OklahomaWake Forest12-2",2025-12-02,"nc","Wake Forest","Oklahoma","ACC","SEC","H","L","68-86",0.830188381602287,0.671721774627647,0.87694452176131,0.776923253027942,-0.776923253027942,30.1,"played",NA,NA,NA,76,"Q3"
"2906",2906,"PurdueRutgers12-2",2025-12-02,"conf","Purdue","Rutgers","B10","B10","A","W","81-65",0.942325072165618,0.593817364755892,0.789142831518436,0.719099142122945,0.280900857877055,95.9,"played",NA,NA,NA,153,"Q3"
"2907",2907,"PurdueRutgers12-2",2025-12-02,"conf","Rutgers","Purdue","B10","B10","H","L","65-81",0.593817364755892,0.942325072165618,0.87694452176131,0.303704422926014,-0.303704422926014,50.5,"played",NA,NA,NA,5,"Q1"
"2908",2908,"Sacramento St.Baylor12-2",2025-12-02,"nc","Baylor","Sacramento St.","B12","BSky","H","W","110-88",0.844844372317854,0.187290241962568,0.87694452176131,0.96867531291602,0.0313246870839802,52.5,"played",NA,NA,NA,279,"Q4"
"2909",2909,"Sacramento St.Baylor12-2",2025-12-02,"nc","Sacramento St.","Baylor","BSky","B12","A","L","88-110",0.187290241962568,0.844844372317854,0.789142831518436,0.407343680053834,-0.407343680053834,53.1,"played",NA,NA,NA,53,"Q1"
"2910",2910,"Saint LouisLoyola Marymount12-2",2025-12-02,"nc","Loyola Marymount","Saint Louis","WCC","A10","H","L","70-91",0.569167328627858,0.882079346144617,0.87694452176131,0.487886969241814,-0.487886969241814,31.2,"played",NA,NA,NA,22,"Q1"
"2911",2911,"Saint LouisLoyola Marymount12-2",2025-12-02,"nc","Saint Louis","Loyola Marymount","A10","WCC","A","W","91-70",0.882079346144617,0.569167328627858,0.789142831518436,0.739103014549339,0.260896985450661,95.6,"played",NA,NA,NA,170,"Q3"
"2912",2912,"Sam Houston St.Oklahoma St.12-2",2025-12-02,"nc","Oklahoma St.","Sam Houston St.","B12","CUSA","H","W","93-83",0.819344264260517,0.562519903891757,0.87694452176131,0.847149015990964,0.152850984009036,70.5,"played",NA,NA,NA,105,"Q3"
"2913",2913,"Sam Houston St.Oklahoma St.12-2",2025-12-02,"nc","Sam Houston St.","Oklahoma St.","CUSA","B12","A","L","83-93",0.562519903891757,0.819344264260517,0.789142831518436,0.452111051323319,-0.452111051323319,70.9,"played",NA,NA,NA,73,"Q1"
"2914",2914,"SIU EdwardsvilleNorth Florida12-2",2025-12-02,"nc","North Florida","SIU Edwardsville","ASun","OVC","H","L","63-72",0.222890542562906,0.222517010562244,0.87694452176131,0.961389918559662,-0.961389918559662,11.8,"played",NA,NA,NA,255,"Q4"
"2915",2915,"SIU EdwardsvilleNorth Florida12-2",2025-12-02,"nc","SIU Edwardsville","North Florida","OVC","ASun","A","W","72-63",0.222517010562244,0.222890542562906,0.789142831518436,0.928817598328057,0.0711824016719433,38,"played",NA,NA,NA,341,"Q4"
"2916",2916,"StetsonGrand Canyon12-2",2025-12-02,"nc","Grand Canyon","Stetson","MWC","ASun","H","W","67-45",0.843748589646882,0.131178587745499,0.87694452176131,0.979252959192397,0.020747040807603,66.4,"played",NA,NA,NA,327,"Q4"
"2917",2917,"StetsonGrand Canyon12-2",2025-12-02,"nc","Stetson","Grand Canyon","ASun","MWC","A","L","45-67",0.131178587745499,0.843748589646882,0.789142831518436,0.409357541008259,-0.409357541008259,29.2,"played",NA,NA,NA,86,"Q2"
"2918",2918,"StonehillBryant12-2",2025-12-02,"nc","Bryant","Stonehill","AE","NEC","H","W","77-65",0.125026481328206,0.0863616106872418,0.87694452176131,0.986909609419067,0.0130903905809331,27.8,"played",NA,NA,NA,337,"Q4"
"2919",2919,"StonehillBryant12-2",2025-12-02,"nc","Stonehill","Bryant","NEC","AE","A","L","65-77",0.0863616106872418,0.125026481328206,0.789142831518436,0.963223783162156,-0.963223783162156,3.4,"played",NA,NA,NA,345,"Q4"
"2920",2920,"TennesseeSyracuse12-2",2025-12-02,"nc","Syracuse","Tennessee","ACC","SEC","H","W","62-60",0.839475742553748,0.910843273419277,0.87694452176131,0.410919233587288,0.589080766412712,94.4,"played",NA,NA,NA,26,"Q1"
"2921",2921,"TennesseeSyracuse12-2",2025-12-02,"nc","Tennessee","Syracuse","SEC","ACC","A","L","60-62",0.910843273419277,0.839475742553748,0.789142831518436,0.417130023189949,-0.417130023189949,76,"played",NA,NA,NA,77,"Q2"
"2922",2922,"Texas A&MPittsburgh12-2",2025-12-02,"nc","Pittsburgh","Texas A&M","ACC","SEC","H","L","73-81",0.730765128903465,0.85060177721884,0.87694452176131,0.555885454080178,-0.555885454080178,65.7,"played",NA,NA,NA,41,"Q2"
"2923",2923,"Texas A&MPittsburgh12-2",2025-12-02,"nc","Texas A&M","Pittsburgh","SEC","ACC","A","W","81-73",0.85060177721884,0.730765128903465,0.789142831518436,0.579630896823016,0.420369103176984,89,"played",NA,NA,NA,121,"Q2"
"2924",2924,"UC San DiegoNevada12-2",2025-12-02,"nc","Nevada","UC San Diego","MWC","BW","H","W","76-70",0.843851415463164,0.591942410772934,0.87694452176131,0.830870239432055,0.169129760567945,80.8,"played",NA,NA,NA,98,"Q3"
"2925",2925,"UC San DiegoNevada12-2",2025-12-02,"nc","UC San Diego","Nevada","BW","MWC","A","L","70-76",0.591942410772934,0.843851415463164,0.789142831518436,0.409168925081937,-0.409168925081937,65.1,"played",NA,NA,NA,65,"Q1"
"2926",2926,"UNC AshevilleUNC Greensboro12-2",2025-12-02,"nc","UNC Asheville","UNC Greensboro","BSth","SC","N","W","82-77",0.342962142910748,0.221383159330961,0.837778001870703,0.947817337924864,0.0521826620751361,28.6,"played",NA,NA,NA,295,"Q4"
"2927",2927,"UNC AshevilleUNC Greensboro12-2",2025-12-02,"nc","UNC Greensboro","UNC Asheville","SC","BSth","N","L","77-82",0.221383159330961,0.342962142910748,0.837778001870703,0.908204722253647,-0.908204722253647,27,"played",NA,NA,NA,232,"Q4"
"2928",2928,"USCOregon12-2",2025-12-02,"conf","Oregon","USC","B10","B10","H","L","77-82",0.81299290274961,0.749858766690896,0.87694452176131,0.703902122457448,-0.703902122457448,69.8,"played",NA,NA,NA,56,"Q2"
"2929",2929,"USCOregon12-2",2025-12-02,"conf","USC","Oregon","B10","B10","A","W","82-77",0.749858766690896,0.81299290274961,0.789142831518436,0.462617524270081,0.537382475729919,84.9,"played",NA,NA,NA,104,"Q2"
"2930",2930,"UT ArlingtonArkansas St.12-2",2025-12-02,"nc","Arkansas St.","UT Arlington","SB","WAC","H","W","83-63",0.643792601240604,0.429835729480134,0.87694452176131,0.90433348387365,0.0956665161263495,92.5,"played",NA,NA,NA,123,"Q3"
"2931",2931,"UT ArlingtonArkansas St.12-2",2025-12-02,"nc","UT Arlington","Arkansas St.","WAC","SB","A","L","63-83",0.429835729480134,0.643792601240604,0.789142831518436,0.674344903439392,-0.674344903439392,9.9,"played",NA,NA,NA,141,"Q3"
"2932",2932,"UtahCalifornia12-2",2025-12-02,"nc","California","Utah","ACC","B12","H","W","79-72",0.828977030903702,0.594076360174539,0.87694452176131,0.82962411412064,0.17037588587936,74.8,"played",NA,NA,NA,117,"Q3"
"2933",2933,"UtahCalifornia12-2",2025-12-02,"nc","Utah","California","B12","ACC","A","L","72-79",0.594076360174539,0.828977030903702,0.789142831518436,0.435700951290163,-0.435700951290163,70.5,"played",NA,NA,NA,60,"Q1"
"2934",2934,"ValparaisoMarquette12-2",2025-12-02,"nc","Marquette","Valparaiso","BE","MVC","H","W","75-72",0.679338014949704,0.458749949196083,0.87694452176131,0.893707567155318,0.106292432844682,48.6,"played",NA,NA,NA,171,"Q4"
"2935",2935,"ValparaisoMarquette12-2",2025-12-02,"nc","Valparaiso","Marquette","MVC","BE","A","L","72-75",0.458749949196083,0.679338014949704,0.789142831518436,0.638540499954744,-0.638540499954744,65.5,"played",NA,NA,NA,142,"Q3"
"2936",2936,"Virginia TechSouth Carolina12-2",2025-12-02,"nc","South Carolina","Virginia Tech","SEC","ACC","H","L","83-86",0.817726977948728,0.754253091747402,0.87694452176131,0.698966789253546,-0.698966789253546,60.8,"played",NA,NA,NA,51,"Q2"
"2937",2937,"Virginia TechSouth Carolina12-2",2025-12-02,"nc","Virginia Tech","South Carolina","ACC","SEC","A","W","86-83",0.754253091747402,0.817726977948728,0.789142831518436,0.454809537531623,0.545190462468377,89.9,"played",NA,NA,NA,85,"Q2"
"2938",2938,"WagnerMaryland12-2",2025-12-02,"nc","Maryland","Wagner","B10","NEC","H","W","89-63",0.718765491706146,0.136887136003035,0.87694452176131,0.978229684731794,0.0217703152682057,71.1,"played",NA,NA,NA,324,"Q4"
"2939",2939,"WagnerMaryland12-2",2025-12-02,"nc","Wagner","Maryland","NEC","B10","A","L","63-89",0.136887136003035,0.718765491706146,0.789142831518436,0.594215563299714,-0.594215563299714,14.1,"played",NA,NA,NA,152,"Q3"
"2940",2940,"Washington St.Bradley12-2",2025-12-02,"nc","Bradley","Washington St.","MVC","WCC","H","W","64-60",0.630393603174275,0.483069117975872,0.87694452176131,0.884070838462682,0.115929161537318,50.2,"played",NA,NA,NA,156,"Q3"
"2941",2941,"Washington St.Bradley12-2",2025-12-02,"nc","Washington St.","Bradley","WCC","MVC","A","L","60-64",0.483069117975872,0.630393603174275,0.789142831518436,0.686941833214128,-0.686941833214128,61.3,"played",NA,NA,NA,124,"Q2"
"2942",2942,"Western IllinoisDrake12-2",2025-12-02,"nc","Drake","Western Illinois","MVC","OVC","H","W","108-57",0.53888123509143,0.0596043465683944,0.87694452176131,0.991184425486864,0.0088155745131363,95.2,"played",NA,NA,NA,356,"Q4"
"2943",2943,"Western IllinoisDrake12-2",2025-12-02,"nc","Western Illinois","Drake","OVC","MVC","A","L","57-108",0.0596043465683944,0.53888123509143,0.789142831518436,0.762045499978807,-0.762045499978807,0.4,"played",NA,NA,NA,166,"Q3"
"2944",2944,"William & MaryDuquesne12-2",2025-12-02,"nc","Duquesne","William & Mary","A10","CAA","H","L","79-83",0.664548733997581,0.532570409595156,0.87694452176131,0.862159378953457,-0.862159378953457,25,"played",NA,NA,NA,108,"Q3"
"2945",2945,"William & MaryDuquesne12-2",2025-12-02,"nc","William & Mary","Duquesne","CAA","A10","A","W","83-79",0.532570409595156,0.664548733997581,0.789142831518436,0.653879211488026,0.346120788511974,87.2,"played",NA,NA,NA,155,"Q3"
"2946",2946,"WinthropLIU12-2",2025-12-02,"nc","LIU","Winthrop","NEC","BSth","H","L","92-94",0.478872202881425,0.429719171865507,0.87694452176131,0.904374623248957,-0.904374623248957,29.7,"played",NA,NA,NA,130,"Q3"
"2947",2947,"WinthropLIU12-2",2025-12-02,"nc","Winthrop","LIU","BSth","NEC","A","W","94-92",0.429719171865507,0.478872202881425,0.789142831518436,0.802869762385744,0.197130237614256,62.1,"played",NA,NA,NA,201,"Q3"
"2948",2948,"Virginia-LynchburgWestern Carolina12-2",2025-12-02,"nond1","Western Carolina","Virginia-Lynchburg","SC",NA,"H","W","62-124",NA,NA,NA,NA,0,NA,"played",NA,NA,NA,NA,NA
"2949",2949,"Ind.-EastMiami OH12-2",2025-12-02,"nond1","Miami OH","Ind.-East","MAC",NA,"H","W","65-109",NA,NA,NA,NA,0,NA,"played",NA,NA,NA,NA,NA
"2950",2950,"Manhattan Chrst.Tulsa12-2",2025-12-02,"nond1","Tulsa","Manhattan Chrst.","Amer",NA,"H","W","60-111",NA,NA,NA,NA,0,NA,"played",NA,NA,NA,NA,NA
"2951",2951,"Mt. MartyWichita St.12-2",2025-12-02,"nond1","Wichita St.","Mt. Marty","Amer",NA,"H","W","69-95",NA,NA,NA,NA,0,NA,"played",NA,NA,NA,NA,NA
"2952",2952,"SUNY MaritimeYale12-2",2025-12-02,"nond1","Yale","SUNY Maritime","Ivy",NA,"H","W","53-117",NA,NA,NA,NA,0,NA,"played",NA,NA,NA,NA,NA
"2953",2953,"EurekaIndiana St.12-2",2025-12-02,"nond1","Indiana St.","Eureka","MVC",NA,"H","W","57-99",NA,NA,NA,NA,0,NA,"played",NA,NA,NA,NA,NA
"2954",2954,"St. Mary-WoodsSoutheast Missouri St.12-2",2025-12-02,"nond1","Southeast Missouri St.","St. Mary-Woods","OVC",NA,"H","W","57-88",NA,NA,NA,NA,0,NA,"played",NA,NA,NA,NA,NA
"2955",2955,"Alcorn St.Iowa St.12-3",2025-12-03,"nc","Alcorn St.","Iowa St.","SWAC","B12","A","L","68-132",0.0996439667646336,0.963201567205515,0.789142831518436,0.125095084414269,-0.125095084414269,4.3,"played",NA,NA,NA,6,"Q1"
"2956",2956,"Alcorn St.Iowa St.12-3",2025-12-03,"nc","Iowa St.","Alcorn St.","B12","SWAC","H","W","132-68",0.963201567205515,0.0996439667646336,0.87694452176131,0.984707696986526,0.0152923030134736,98.5,"played",NA,NA,NA,351,"Q4"
"2957",2957,"Arkansas Pine BluffIllinois Chicago12-3",2025-12-03,"nc","Arkansas Pine Bluff","Illinois Chicago","SWAC","MVC","A","W","63-62",0.210499397365107,0.656335877113298,0.789142831518436,0.662120554275075,0.337879445724925,81.3,"played",NA,NA,NA,161,"Q3"
"2958",2958,"Arkansas Pine BluffIllinois Chicago12-3",2025-12-03,"nc","Illinois Chicago","Arkansas Pine Bluff","MVC","SWAC","H","L","62-63",0.656335877113298,0.210499397365107,0.87694452176131,0.963935877536827,-0.963935877536827,10.5,"played",NA,NA,NA,311,"Q4"
"2959",2959,"Austin PeayKent St.12-3",2025-12-03,"nc","Austin Peay","Kent St.","ASun","MAC","A","L","84-96",0.467994966707812,0.638568943065511,0.789142831518436,0.679311168960651,-0.679311168960651,38,"played",NA,NA,NA,148,"Q3"
"2960",2960,"Austin PeayKent St.12-3",2025-12-03,"nc","Kent St.","Austin Peay","MAC","ASun","H","W","96-84",0.638568943065511,0.467994966707812,0.87694452176131,0.890123562109543,0.109876437890457,71.7,"played",NA,NA,NA,149,"Q3"
"2961",2961,"Ball St.Evansville12-3",2025-12-03,"nc","Ball St.","Evansville","MAC","MVC","A","L","52-64",0.175570369203068,0.316297971986588,0.789142831518436,0.88998656064279,-0.88998656064279,11.5,"played",NA,NA,NA,284,"Q4"
"2962",2962,"Ball St.Evansville12-3",2025-12-03,"nc","Evansville","Ball St.","MVC","MAC","H","W","64-52",0.316297971986588,0.175570369203068,0.87694452176131,0.970983935499258,0.0290160645007421,43.1,"played",NA,NA,NA,316,"Q4"
"2963",2963,"BucknellAkron12-3",2025-12-03,"nc","Akron","Bucknell","MAC","Pat","H","W","97-77",0.848029041448943,0.127187121287998,0.87694452176131,0.979961742807954,0.0200382571920457,57.5,"played",NA,NA,NA,333,"Q4"
"2964",2964,"BucknellAkron12-3",2025-12-03,"nc","Bucknell","Akron","Pat","MAC","A","L","77-97",0.127187121287998,0.848029041448943,0.789142831518436,0.401442307127826,-0.401442307127826,37.5,"played",NA,NA,NA,54,"Q1"
"2965",2965,"BYUCal Baptist12-3",2025-12-03,"nc","BYU","Cal Baptist","B12","WAC","N","W","91-60",0.923341616444686,0.61888458951524,0.837778001870703,0.760781863304148,0.239218136695852,98.9,"played",NA,NA,NA,120,"Q3"
"2966",2966,"BYUCal Baptist12-3",2025-12-03,"nc","Cal Baptist","BYU","WAC","B12","N","L","60-91",0.61888458951524,0.923341616444686,0.837778001870703,0.300093447405032,-0.300093447405032,18,"played",NA,NA,NA,12,"Q1"
"2967",2967,"Central ConnecticutSeton Hall12-3",2025-12-03,"nc","Central Connecticut","Seton Hall","NEC","BE","A","L","61-77",0.185254014996825,0.873855128810157,0.789142831518436,0.350756125662828,-0.350756125662828,34.5,"played",NA,NA,NA,45,"Q1"
"2968",2968,"Central ConnecticutSeton Hall12-3",2025-12-03,"nc","Seton Hall","Central Connecticut","BE","NEC","H","W","77-61",0.873855128810157,0.185254014996825,0.87694452176131,0.969080387831991,0.0309196121680093,75,"played",NA,NA,NA,247,"Q4"
"2969",2969,"ClemsonAlabama12-3",2025-12-03,"nc","Alabama","Clemson","SEC","ACC","H","W","90-84",0.954434190116709,0.887421585948118,0.87694452176131,0.474805920858777,0.525194079141223,97,"played",NA,NA,NA,32,"Q2"
"2970",2970,"ClemsonAlabama12-3",2025-12-03,"nc","Clemson","Alabama","ACC","SEC","A","L","84-90",0.887421585948118,0.954434190116709,0.789142831518436,0.151588690123373,-0.151588690123373,83.4,"played",NA,NA,NA,19,"Q1"
"2971",2971,"Cleveland St.Northern Kentucky12-3",2025-12-03,"conf","Cleveland St.","Northern Kentucky","Horz","Horz","A","L","80-95",0.170841144385821,0.56588651357836,0.789142831518436,0.741672343161317,-0.741672343161317,16.8,"played",NA,NA,NA,177,"Q3"
"2972",2972,"Cleveland St.Northern Kentucky12-3",2025-12-03,"conf","Northern Kentucky","Cleveland St.","Horz","Horz","H","W","95-80",0.56588651357836,0.170841144385821,0.87694452176131,0.971900073963006,0.0280999260369942,57.1,"played",NA,NA,NA,321,"Q4"
"2973",2973,"Coastal CarolinaUSC Upstate12-3",2025-12-03,"nc","Coastal Carolina","USC Upstate","SB","BSth","A","L","78-85",0.252170326443001,0.283031250289585,0.789142831518436,0.904585070554709,-0.904585070554709,29.1,"played",NA,NA,NA,285,"Q4"
"2974",2974,"Coastal CarolinaUSC Upstate12-3",2025-12-03,"nc","USC Upstate","Coastal Carolina","BSth","SB","H","W","85-78",0.283031250289585,0.252170326443001,0.87694452176131,0.954820456841901,0.0451795431580991,24.5,"played",NA,NA,NA,235,"Q4"
"2975",2975,"Coppin St.West Virginia12-3",2025-12-03,"nc","Coppin St.","West Virginia","MEAC","B12","A","L","49-91",0.0259808577725411,0.87123425331909,0.789142831518436,0.356141766264973,-0.356141766264973,6.8,"played",NA,NA,NA,59,"Q1"
"2976",2976,"Coppin St.West Virginia12-3",2025-12-03,"nc","West Virginia","Coppin St.","B12","MEAC","H","W","91-49",0.87123425331909,0.0259808577725411,0.87694452176131,0.996271000581672,0.00372899941832849,71.2,"played",NA,NA,NA,364,"Q4"
"2977",2977,"CornellTowson12-3",2025-12-03,"nc","Cornell","Towson","Ivy","CAA","A","L","80-93",0.377743777487108,0.507727245638924,0.789142831518436,0.783953308037154,-0.783953308037154,25.3,"played",NA,NA,NA,162,"Q3"
"2978",2978,"CornellTowson12-3",2025-12-03,"nc","Towson","Cornell","CAA","Ivy","H","W","93-80",0.507727245638924,0.377743777487108,0.87694452176131,0.921502900364643,0.0784970996353572,64.9,"played",NA,NA,NA,188,"Q4"
"2979",2979,"DrexelAmerican12-3",2025-12-03,"nc","American","Drexel","Pat","CAA","H","W","75-73",0.508095570002426,0.350598890322103,0.87694452176131,0.929577423313673,0.0704225766863269,36.7,"played",NA,NA,NA,211,"Q4"
"2980",2980,"DrexelAmerican12-3",2025-12-03,"nc","Drexel","American","CAA","Pat","A","L","73-75",0.350598890322103,0.508095570002426,0.789142831518436,0.783703607940069,-0.783703607940069,49,"played",NA,NA,NA,228,"Q3"
"2981",2981,"Eastern KentuckyIllinois St.12-3",2025-12-03,"nc","Eastern Kentucky","Illinois St.","ASun","MVC","A","L","78-89",0.223192376556858,0.816126473444108,0.789142831518436,0.457464356306282,-0.457464356306282,41.3,"played",NA,NA,NA,79,"Q2"
"2982",2982,"Eastern KentuckyIllinois St.12-3",2025-12-03,"nc","Illinois St.","Eastern Kentucky","MVC","ASun","H","W","89-78",0.816126473444108,0.223192376556858,0.87694452176131,0.961244908789494,0.0387550912105064,64.4,"played",NA,NA,NA,262,"Q4"
"2983",2983,"Eastern WashingtonDenver12-3",2025-12-03,"nc","Denver","Eastern Washington","Sum","BSky","H","W","93-89",0.405627761111882,0.310791476526984,0.87694452176131,0.940488514720462,0.0595114852795378,37.2,"played",NA,NA,NA,254,"Q4"
"2984",2984,"Eastern WashingtonDenver12-3",2025-12-03,"nc","Eastern Washington","Denver","BSky","Sum","A","L","89-93",0.310791476526984,0.405627761111882,0.789142831518436,0.845774407421677,-0.845774407421677,34.2,"played",NA,NA,NA,251,"Q4"
"2985",2985,"Florida Gulf CoastFIU12-3",2025-12-03,"nc","FIU","Florida Gulf Coast","CUSA","ASun","H","W","89-83",0.568091309363212,0.308404183016962,0.87694452176131,0.941110565442255,0.0588894345577446,56.1,"played",NA,NA,NA,237,"Q4"
"2986",2986,"Florida Gulf CoastFIU12-3",2025-12-03,"nc","Florida Gulf Coast","FIU","ASun","CUSA","A","L","83-89",0.308404183016962,0.568091309363212,0.789142831518436,0.739948017865934,-0.739948017865934,31.5,"played",NA,NA,NA,198,"Q3"
"2987",2987,"FurmanElon12-3",2025-12-03,"nc","Elon","Furman","CAA","SC","H","L","88-97",0.576866467930946,0.389531071962605,0.87694452176131,0.917820216149874,-0.917820216149874,29.4,"played",NA,NA,NA,189,"Q4"
"2988",2988,"FurmanElon12-3",2025-12-03,"nc","Furman","Elon","SC","CAA","A","W","97-88",0.389531071962605,0.576866467930946,0.789142831518436,0.732989491121582,0.267010508878418,67.6,"played",NA,NA,NA,168,"Q3"
"2989",2989,"Gardner WebbQueens12-3",2025-12-03,"nc","Gardner Webb","Queens","BSth","ASun","A","L","74-107",0.031054600359691,0.515663678728228,0.789142831518436,0.77852495592304,-0.77852495592304,3.9,"played",NA,NA,NA,183,"Q3"
"2990",2990,"Gardner WebbQueens12-3",2025-12-03,"nc","Queens","Gardner Webb","ASun","BSth","H","W","107-74",0.515663678728228,0.031054600359691,0.87694452176131,0.995522798064527,0.00447720193547285,45.8,"played",NA,NA,NA,363,"Q4"
"2991",2991,"HarvardMassachusetts12-3",2025-12-03,"nc","Harvard","Massachusetts","Ivy","MAC","A","L","71-78",0.3540000459956,0.572880082018046,0.789142831518436,0.736169735795053,-0.736169735795053,17.5,"played",NA,NA,NA,195,"Q3"
"2992",2992,"HarvardMassachusetts12-3",2025-12-03,"nc","Massachusetts","Harvard","MAC","Ivy","H","W","78-71",0.572880082018046,0.3540000459956,0.87694452176131,0.928595399712616,0.0714046002873839,77.6,"played",NA,NA,NA,182,"Q4"
"2993",2993,"HofstraColumbia12-3",2025-12-03,"nc","Columbia","Hofstra","Ivy","CAA","H","W","72-70",0.567588970085062,0.550605304781333,0.87694452176131,0.853296277500354,0.146703722499646,78.8,"played",NA,NA,NA,106,"Q3"
"2994",2994,"HofstraColumbia12-3",2025-12-03,"nc","Hofstra","Columbia","CAA","Ivy","A","L","70-72",0.550605304781333,0.567588970085062,0.789142831518436,0.740341726214311,-0.740341726214311,30.2,"played",NA,NA,NA,151,"Q3"
"2995",2995,"Idaho St.UMKC12-3",2025-12-03,"nc","Idaho St.","UMKC","BSky","Sum","A","W","68-59",0.328595781865349,0.148903257972366,0.789142831518436,0.955340268216691,0.0446597317833091,26,"played",NA,NA,NA,346,"Q4"
"2996",2996,"Idaho St.UMKC12-3",2025-12-03,"nc","UMKC","Idaho St.","Sum","BSky","H","L","59-68",0.148903257972366,0.328595781865349,0.87694452176131,0.935737061162961,-0.935737061162961,19.6,"played",NA,NA,NA,174,"Q4"
"2997",2997,"IndianaMinnesota12-3",2025-12-03,"conf","Indiana","Minnesota","B10","B10","A","L","64-73",0.873086517947804,0.837995134981792,0.789142831518436,0.419793884137052,-0.419793884137052,69.8,"played",NA,NA,NA,83,"Q2"
"2998",2998,"IndianaMinnesota12-3",2025-12-03,"conf","Minnesota","Indiana","B10","B10","H","W","73-64",0.837995134981792,0.873086517947804,0.87694452176131,0.508818932948501,0.491181067051499,93.9,"played",NA,NA,NA,38,"Q2"
"2999",2999,"IU IndyDetroit Mercy12-3",2025-12-03,"conf","Detroit Mercy","IU Indy","Horz","Horz","H","W","92-78",0.41087180318306,0.178820401046325,0.87694452176131,0.970349240873804,0.0296507591261961,62.5,"played",NA,NA,NA,310,"Q4"
"3000",3000,"IU IndyDetroit Mercy12-3",2025-12-03,"conf","IU Indy","Detroit Mercy","Horz","Horz","A","L","78-92",0.178820401046325,0.41087180318306,0.789142831518436,0.842921600902124,-0.842921600902124,8.3,"played",NA,NA,NA,273,"Q4"
"3001",3001,"Little RockCentral Arkansas12-3",2025-12-03,"nc","Central Arkansas","Little Rock","ASun","OVC","H","W","85-47",0.578184355364173,0.127043860244037,0.87694452176131,0.979987080838008,0.0200129191619924,99.4,"played",NA,NA,NA,302,"Q4"
"3002",3002,"Little RockCentral Arkansas12-3",2025-12-03,"nc","Little Rock","Central Arkansas","OVC","ASun","A","L","47-85",0.127043860244037,0.578184355364173,0.789142831518436,0.73193102040683,-0.73193102040683,0.1,"played",NA,NA,NA,206,"Q3"
"3003",3003,"Louisiana TechGeorgia Southern12-3",2025-12-03,"nc","Georgia Southern","Louisiana Tech","SB","CUSA","H","W","77-69",0.400249732677704,0.208034428147825,0.87694452176131,0.964450169222807,0.0355498307771926,47.1,"played",NA,NA,NA,264,"Q4"
"3004",3004,"Louisiana TechGeorgia Southern12-3",2025-12-03,"nc","Louisiana Tech","Georgia Southern","CUSA","SB","A","L","69-77",0.208034428147825,0.400249732677704,0.789142831518436,0.848667878767697,-0.848667878767697,16.4,"played",NA,NA,NA,243,"Q4"
"3005",3005,"LouisianaLamar12-3",2025-12-03,"nc","Lamar","Louisiana","Slnd","SB","H","W","65-55",0.437571853477538,0.137657594317457,0.87694452176131,0.978090705272969,0.021909294727031,24.8,"played",NA,NA,NA,334,"Q4"
"3006",3006,"LouisianaLamar12-3",2025-12-03,"nc","Louisiana","Lamar","SB","Slnd","A","L","55-65",0.137657594317457,0.437571853477538,0.789142831518436,0.827896030713947,-0.827896030713947,27.4,"played",NA,NA,NA,220,"Q3"
"3007",3007,"LouisvilleArkansas12-3",2025-12-03,"nc","Arkansas","Louisville","SEC","ACC","H","W","89-80",0.944779447184236,0.927853101372083,0.87694452176131,0.356552099528878,0.643447900471122,98.7,"played",NA,NA,NA,15,"Q1"
"3008",3008,"LouisvilleArkansas12-3",2025-12-03,"nc","Louisville","Arkansas","ACC","SEC","A","L","80-89",0.927853101372083,0.944779447184236,0.789142831518436,0.17948361785422,-0.17948361785422,74.7,"played",NA,NA,NA,20,"Q1"
"3009",3009,"Loyola MDHampton12-3",2025-12-03,"nc","Hampton","Loyola MD","CAA","Pat","H","W","93-71",0.35585106001734,0.0922603677365822,0.87694452176131,0.985938471534303,0.0140615284656967,70.3,"played",NA,NA,NA,340,"Q4"
"3010",3010,"Loyola MDHampton12-3",2025-12-03,"nc","Loyola MD","Hampton","Pat","CAA","A","L","71-93",0.0922603677365822,0.35585106001734,0.789142831518436,0.871376437514081,-0.871376437514081,2.3,"played",NA,NA,NA,238,"Q3"
"3011",3011,"LSUBoston College12-3",2025-12-03,"nc","Boston College","LSU","ACC","SEC","H","L","69-78",0.611273164360049,0.778358211737825,0.87694452176131,0.669889229359921,-0.669889229359921,49.8,"played",NA,NA,NA,50,"Q2"
"3012",3012,"LSUBoston College12-3",2025-12-03,"nc","LSU","Boston College","SEC","ACC","A","W","78-69",0.778358211737825,0.611273164360049,0.789142831518436,0.704141763062635,0.295858236937365,84.8,"played",NA,NA,NA,157,"Q3"
"3013",3013,"MaineOhio12-3",2025-12-03,"nc","Maine","Ohio","AE","MAC","A","L","57-79",0.0653376419463159,0.450162132915252,0.789142831518436,0.820506375236532,-0.820506375236532,2.8,"played",NA,NA,NA,216,"Q3"
"3014",3014,"MaineOhio12-3",2025-12-03,"nc","Ohio","Maine","MAC","AE","H","W","79-57",0.450162132915252,0.0653376419463159,0.87694452176131,0.990285998285382,0.00971400171461845,66.3,"played",NA,NA,NA,343,"Q4"
"3015",3015,"MarshallUNC Wilmington12-3",2025-12-03,"nc","Marshall","UNC Wilmington","SB","CAA","A","L","69-70",0.405108655210775,0.611618585583143,0.789142831518436,0.703838784355614,-0.703838784355614,54.4,"played",NA,NA,NA,109,"Q2"
"3016",3016,"MarshallUNC Wilmington12-3",2025-12-03,"nc","UNC Wilmington","Marshall","CAA","SB","H","W","70-69",0.611618585583143,0.405108655210775,0.87694452176131,0.912777664866289,0.087222335133711,47.3,"played",NA,NA,NA,138,"Q3"
"3017",3017,"Mississippi St.Georgia Tech12-3",2025-12-03,"nc","Georgia Tech","Mississippi St.","ACC","SEC","H","L","73-85",0.649662104684215,0.637216067206247,0.87694452176131,0.802264340981144,-0.802264340981144,23.1,"played",NA,NA,NA,99,"Q3"
"3018",3018,"Mississippi St.Georgia Tech12-3",2025-12-03,"nc","Mississippi St.","Georgia Tech","SEC","ACC","A","W","85-73",0.637216067206247,0.649662104684215,0.789142831518436,0.668678034087465,0.331321965912535,91.6,"played",NA,NA,NA,146,"Q3"
"3019",3019,"Mississippi Valley St.Louisiana Monroe12-3",2025-12-03,"nc","Louisiana Monroe","Mississippi Valley St.","SB","SWAC","H","W","66-52",0.110510816070549,0.0200041175334786,0.87694452176131,0.997143844867186,0.00285615513281423,12.3,"played",NA,NA,NA,365,"Q4"
"3020",3020,"Mississippi Valley St.Louisiana Monroe12-3",2025-12-03,"nc","Mississippi Valley St.","Louisiana Monroe","SWAC","SB","A","L","52-66",0.0200041175334786,0.110510816070549,0.789142831518436,0.967869772859297,-0.967869772859297,1.8,"played",NA,NA,NA,359,"Q4"
"3021",3021,"N.C. StateAuburn12-3",2025-12-03,"nc","Auburn","N.C. State","SEC","ACC","H","W","83-73",0.914477539067104,0.872129903528318,0.87694452176131,0.510969471437763,0.489030528562237,96.3,"played",NA,NA,NA,29,"Q1"
"3022",3022,"N.C. StateAuburn12-3",2025-12-03,"nc","N.C. State","Auburn","ACC","SEC","A","L","73-83",0.872129903528318,0.914477539067104,0.789142831518436,0.259262066114196,-0.259262066114196,73.8,"played",NA,NA,NA,34,"Q1"
"3023",3023,"NavyDelaware St.12-3",2025-12-03,"nc","Delaware St.","Navy","MEAC","Pat","H","L","59-66",0.090666985933371,0.313792818654193,0.87694452176131,0.939701501811385,-0.939701501811385,5.9,"played",NA,NA,NA,193,"Q4"
"3024",3024,"NavyDelaware St.12-3",2025-12-03,"nc","Navy","Delaware St.","Pat","MEAC","A","W","66-59",0.313792818654193,0.090666985933371,0.789142831518436,0.974049833381381,0.0259501666186186,42.3,"played",NA,NA,NA,358,"Q4"
"3025",3025,"New HampshireDartmouth12-3",2025-12-03,"nc","Dartmouth","New Hampshire","Ivy","AE","H","W","69-68",0.465558838117583,0.179474847733072,0.87694452176131,0.970220927546977,0.0297790724530229,16.8,"played",NA,NA,NA,323,"Q4"
"3026",3026,"New HampshireDartmouth12-3",2025-12-03,"nc","New Hampshire","Dartmouth","AE","Ivy","A","L","68-69",0.179474847733072,0.465558838117583,0.789142831518436,0.811188227275576,-0.811188227275576,48.5,"played",NA,NA,NA,222,"Q3"
"3027",3027,"New OrleansMemphis12-3",2025-12-03,"nc","Memphis","New Orleans","Amer","Slnd","H","W","86-70",0.777847739912943,0.331235610868882,0.87694452176131,0.93501525605322,0.0649847439467803,91.9,"played",NA,NA,NA,231,"Q4"
"3028",3028,"New OrleansMemphis12-3",2025-12-03,"nc","New Orleans","Memphis","Slnd","Amer","A","L","70-86",0.331235610868882,0.777847739912943,0.789142831518436,0.516643488894951,-0.516643488894951,13.3,"played",NA,NA,NA,112,"Q2"
"3029",3029,"North AlabamaSan Francisco12-3",2025-12-03,"nc","North Alabama","San Francisco","ASun","WCC","A","W","65-63",0.0884777145660335,0.739588765971914,0.789142831518436,0.568549132866206,0.431450867133794,70.7,"played",NA,NA,NA,107,"Q2"
"3030",3030,"North AlabamaSan Francisco12-3",2025-12-03,"nc","San Francisco","North Alabama","WCC","ASun","H","L","63-65",0.739588765971914,0.0884777145660335,0.87694452176131,0.986562452243666,-0.986562452243666,10.3,"played",NA,NA,NA,335,"Q4"
"3031",3031,"North Carolina CentralJames Madison12-3",2025-12-03,"nc","James Madison","North Carolina Central","SB","MEAC","H","W","67-62",0.385748212158963,0.082756424692227,0.87694452176131,0.987497925961696,0.0125020740383036,20.5,"played",NA,NA,NA,344,"Q4"
"3032",3032,"North Carolina CentralJames Madison12-3",2025-12-03,"nc","North Carolina Central","James Madison","MEAC","SB","A","L","62-67",0.082756424692227,0.385748212158963,0.789142831518436,0.85631149644305,-0.85631149644305,18,"played",NA,NA,NA,244,"Q4"
"3033",3033,"North Dakota St.Montana12-3",2025-12-03,"nc","Montana","North Dakota St.","BSky","Sum","H","L","72-81",0.633343943366853,0.525202618458169,0.87694452176131,0.865636057338206,-0.865636057338206,29.4,"played",NA,NA,NA,132,"Q3"
"3034",3034,"North Dakota St.Montana12-3",2025-12-03,"nc","North Dakota St.","Montana","Sum","BSky","A","W","81-72",0.525202618458169,0.633343943366853,0.789142831518436,0.68420773286188,0.31579226713812,82.1,"played",NA,NA,NA,163,"Q3"
"3035",3035,"North DakotaIdaho12-3",2025-12-03,"nc","Idaho","North Dakota","BSky","Sum","H","W","90-58",0.590672129177698,0.215415619860043,0.87694452176131,0.962902167938933,0.0370978320610666,91.4,"played",NA,NA,NA,282,"Q4"
"3036",3036,"North DakotaIdaho12-3",2025-12-03,"nc","North Dakota","Idaho","Sum","BSky","A","L","58-90",0.215415619860043,0.590672129177698,0.789142831518436,0.721722468107655,-0.721722468107655,3.6,"played",NA,NA,NA,158,"Q3"
"3037",3037,"NortheasternHoly Cross12-3",2025-12-03,"nc","Holy Cross","Northeastern","Pat","CAA","H","W","76-59",0.203196040881925,0.250737593781546,0.87694452176131,0.955147684195681,0.0448523158043189,87.5,"played",NA,NA,NA,249,"Q4"
"3038",3038,"NortheasternHoly Cross12-3",2025-12-03,"nc","Northeastern","Holy Cross","CAA","Pat","A","L","59-76",0.250737593781546,0.203196040881925,0.789142831518436,0.936207636608896,-0.936207636608896,1.2,"played",NA,NA,NA,314,"Q4"
"3039",3039,"Northern ColoradoNebraska Omaha12-3",2025-12-03,"nc","Nebraska Omaha","Northern Colorado","Sum","BSky","H","L","70-75",0.38253352780429,0.441176952284647,0.87694452176131,0.900267043852585,-0.900267043852585,34.1,"played",NA,NA,NA,164,"Q4"
"3040",3040,"Northern ColoradoNebraska Omaha12-3",2025-12-03,"nc","Northern Colorado","Nebraska Omaha","BSky","Sum","A","W","75-70",0.441176952284647,0.38253352780429,0.789142831518436,0.857975360620707,0.142024639379293,48.6,"played",NA,NA,NA,281,"Q4"
"3041",3041,"NorthwesternWisconsin12-3",2025-12-03,"conf","Northwestern","Wisconsin","B10","B10","A","L","73-85",0.745990934106807,0.913235229454143,0.789142831518436,0.262304234633571,-0.262304234633571,35.4,"played",NA,NA,NA,36,"Q1"
"3042",3042,"NorthwesternWisconsin12-3",2025-12-03,"conf","Wisconsin","Northwestern","B10","B10","H","W","85-73",0.913235229454143,0.745990934106807,0.87694452176131,0.708160123263315,0.291839876736685,98.3,"played",NA,NA,NA,69,"Q2"
"3043",3043,"Oral RobertsWeber St.12-3",2025-12-03,"nc","Oral Roberts","Weber St.","Sum","BSky","A","L","66-92",0.14650394031066,0.519652525465715,0.789142831518436,0.775758164330446,-0.775758164330446,2.7,"played",NA,NA,NA,190,"Q3"
"3044",3044,"Oral RobertsWeber St.12-3",2025-12-03,"nc","Weber St.","Oral Roberts","BSky","Sum","H","W","92-66",0.519652525465715,0.14650394031066,0.87694452176131,0.976479859681162,0.0235201403188382,87.1,"played",NA,NA,NA,317,"Q4"
"3045",3045,"PacificAir Force12-3",2025-12-03,"nc","Air Force","Pacific","MWC","WCC","H","L","65-80",0.183685442633759,0.522643024911776,0.87694452176131,0.866825148339616,-0.866825148339616,9.8,"played",NA,NA,NA,110,"Q3"
"3046",3046,"PacificAir Force12-3",2025-12-03,"nc","Pacific","Air Force","WCC","MWC","A","W","80-65",0.522643024911776,0.183685442633759,0.789142831518436,0.943285622791657,0.0567143772083434,69.4,"played",NA,NA,NA,336,"Q4"
"3047",3047,"Portland St.South Dakota12-3",2025-12-03,"nc","Portland St.","South Dakota","BSky","Sum","A","W","77-71",0.428876901216264,0.342292200243587,0.789142831518436,0.877918226219965,0.122081773780035,59.4,"played",NA,NA,NA,272,"Q4"
"3048",3048,"Portland St.South Dakota12-3",2025-12-03,"nc","South Dakota","Portland St.","Sum","BSky","H","L","71-77",0.342292200243587,0.428876901216264,0.87694452176131,0.904671517158032,-0.904671517158032,21.1,"played",NA,NA,NA,137,"Q3"
"3049",3049,"PresbyterianWofford12-3",2025-12-03,"nc","Presbyterian","Wofford","BSth","SC","A","L","56-63",0.211694092348146,0.427054957226168,0.789142831518436,0.833916616644165,-0.833916616644165,16.1,"played",NA,NA,NA,225,"Q3"
"3050",3050,"PresbyterianWofford12-3",2025-12-03,"nc","Wofford","Presbyterian","SC","BSth","H","W","63-56",0.427054957226168,0.211694092348146,0.87694452176131,0.96368565745234,0.03631434254766,51.1,"played",NA,NA,NA,258,"Q4"
"3051",3051,"PrincetonMonmouth12-3",2025-12-03,"nc","Monmouth","Princeton","CAA","Ivy","H","W","63-58",0.470690741874601,0.302269000525834,0.87694452176131,0.942693369093223,0.0573066309067766,52.7,"played",NA,NA,NA,239,"Q4"
"3052",3052,"PrincetonMonmouth12-3",2025-12-03,"nc","Princeton","Monmouth","Ivy","CAA","A","L","58-63",0.302269000525834,0.470690741874601,0.789142831518436,0.808011054668748,-0.808011054668748,25.7,"played",NA,NA,NA,204,"Q3"
"3053",3053,"Purdue Fort WayneOakland12-3",2025-12-03,"conf","Oakland","Purdue Fort Wayne","Horz","Horz","H","W","101-92",0.639939911872445,0.292872856878609,0.87694452176131,0.945074204187965,0.054925795812035,61.4,"played",NA,NA,NA,210,"Q4"
"3054",3054,"Purdue Fort WayneOakland12-3",2025-12-03,"conf","Purdue Fort Wayne","Oakland","Horz","Horz","A","L","92-101",0.292872856878609,0.639939911872445,0.789142831518436,0.678014683260013,-0.678014683260013,31.7,"played",NA,NA,NA,135,"Q2"
"3055",3055,"RichmondBelmont12-3",2025-12-03,"nc","Belmont","Richmond","MVC","A10","H","L","76-84",0.80633083929574,0.505311078308384,0.87694452176131,0.874633481206489,-0.874633481206489,38.4,"played",NA,NA,NA,126,"Q3"
"3056",3056,"RichmondBelmont12-3",2025-12-03,"nc","Richmond","Belmont","A10","MVC","A","W","84-76",0.505311078308384,0.80633083929574,0.789142831518436,0.473381084368494,0.526618915631506,87.2,"played",NA,NA,NA,64,"Q1"
"3057",3057,"Sacred HeartMount St. Mary's12-3",2025-12-03,"conf","Mount St. Mary's","Sacred Heart","MAAC","MAAC","H","L","80-87",0.282514165173045,0.185258742802667,0.87694452176131,0.969079449264048,-0.969079449264048,10.3,"played",NA,NA,NA,287,"Q4"
"3058",3058,"Sacred HeartMount St. Mary's12-3",2025-12-03,"conf","Sacred Heart","Mount St. Mary's","MAAC","MAAC","A","W","87-80",0.185258742802667,0.282514165173045,0.789142831518436,0.904804899863118,0.0951951001368816,43.8,"played",NA,NA,NA,304,"Q4"
"3059",3059,"SMUVanderbilt12-3",2025-12-03,"nc","SMU","Vanderbilt","ACC","SEC","A","L","69-88",0.852332367434774,0.960919519146125,0.789142831518436,0.132101847871506,-0.132101847871506,70.9,"played",NA,NA,NA,16,"Q1"
"3060",3060,"SMUVanderbilt12-3",2025-12-03,"nc","Vanderbilt","SMU","SEC","ACC","H","W","88-69",0.960919519146125,0.852332367434774,0.87694452176131,0.55250469969308,0.44749530030692,98.3,"played",NA,NA,NA,30,"Q1"
"3061",3061,"South Dakota St.Northern Arizona12-3",2025-12-03,"nc","Northern Arizona","South Dakota St.","BSky","Sum","H","L","62-75",0.24304227579025,0.37728213329656,0.87694452176131,0.921644883236383,-0.921644883236383,8.5,"played",NA,NA,NA,180,"Q4"
"3062",3062,"South Dakota St.Northern Arizona12-3",2025-12-03,"nc","South Dakota St.","Northern Arizona","Sum","BSky","A","W","75-62",0.37728213329656,0.24304227579025,0.789142831518436,0.920987351691882,0.079012648308118,67.7,"played",NA,NA,NA,318,"Q4"
"3063",3063,"Southern IllinoisHigh Point12-3",2025-12-03,"nc","High Point","Southern Illinois","BSth","MVC","H","L","84-86",0.756790844012223,0.429692892721203,0.87694452176131,0.904383896749159,-0.904383896749159,45.5,"played",NA,NA,NA,143,"Q3"
"3064",3064,"Southern IllinoisHigh Point12-3",2025-12-03,"nc","Southern Illinois","High Point","MVC","BSth","A","W","86-84",0.429692892721203,0.756790844012223,0.789142831518436,0.546019695713936,0.453980304286064,73.7,"played",NA,NA,NA,90,"Q2"
"3065",3065,"Southern IndianaWestern Michigan12-3",2025-12-03,"nc","Southern Indiana","Western Michigan","OVC","MAC","A","L","74-88",0.0957595304080808,0.39706717406787,0.789142831518436,0.850365000236185,-0.850365000236185,4.7,"played",NA,NA,NA,256,"Q4"
"3066",3066,"Southern IndianaWestern Michigan12-3",2025-12-03,"nc","Western Michigan","Southern Indiana","MAC","OVC","H","W","88-74",0.39706717406787,0.0957595304080808,0.87694452176131,0.985357317458812,0.0146426825411878,58.7,"played",NA,NA,NA,338,"Q4"
"3067",3067,"Southern MissRadford12-3",2025-12-03,"nc","Radford","Southern Miss","BSth","SB","H","L","75-82",0.361659659316487,0.288887976904287,0.87694452176131,0.946068457441536,-0.946068457441536,10.8,"played",NA,NA,NA,236,"Q4"
"3068",3068,"Southern MissRadford12-3",2025-12-03,"nc","Southern Miss","Radford","SB","BSth","A","W","82-75",0.288887976904287,0.361659659316487,0.789142831518436,0.868519826317415,0.131480173682585,65.5,"played",NA,NA,NA,260,"Q4"
"3069",3069,"St. ThomasMontana St.12-3",2025-12-03,"nc","Montana St.","St. Thomas","BSky","Sum","H","W","82-74",0.671913057281984,0.564022211588619,0.87694452176131,0.846356554376,0.153643445624,72.9,"played",NA,NA,NA,116,"Q3"
"3070",3070,"St. ThomasMontana St.12-3",2025-12-03,"nc","St. Thomas","Montana St.","Sum","BSky","A","L","74-82",0.564022211588619,0.671913057281984,0.789142831518436,0.64632316760184,-0.64632316760184,49.7,"played",NA,NA,NA,134,"Q2"
"3071",3071,"Tennessee St.Alabama A&M12-3",2025-12-03,"nc","Alabama A&M","Tennessee St.","SWAC","OVC","H","W","80-53",0.264840745295219,0.211923958515258,0.87694452176131,0.963637441578405,0.0363625584215946,89.3,"played",NA,NA,NA,229,"Q4"
"3072",3072,"Tennessee St.Alabama A&M12-3",2025-12-03,"nc","Tennessee St.","Alabama A&M","OVC","SWAC","A","L","53-80",0.211923958515258,0.264840745295219,0.789142831518436,0.91219415768358,-0.91219415768358,1.1,"played",NA,NA,NA,308,"Q4"
"3073",3073,"Tennessee TechLipscomb12-3",2025-12-03,"nc","Lipscomb","Tennessee Tech","ASun","OVC","H","W","83-80",0.559428391801076,0.08709095231161,0.87694452176131,0.986790111553305,0.0132098884466947,12.3,"played",NA,NA,NA,331,"Q4"
"3074",3074,"Tennessee TechLipscomb12-3",2025-12-03,"nc","Tennessee Tech","Lipscomb","OVC","ASun","A","L","80-83",0.08709095231161,0.559428391801076,0.789142831518436,0.74666876697657,-0.74666876697657,46.3,"played",NA,NA,NA,160,"Q3"
"3075",3075,"Texas St.Rice12-3",2025-12-03,"nc","Rice","Texas St.","Amer","SB","H","W","77-72",0.456337279232508,0.245509808153534,0.87694452176131,0.956333012725181,0.043666987274819,39.9,"played",NA,NA,NA,265,"Q4"
"3076",3076,"Texas St.Rice12-3",2025-12-03,"nc","Texas St.","Rice","SB","Amer","A","L","72-77",0.245509808153534,0.456337279232508,0.789142831518436,0.816807094698556,-0.816807094698556,29.2,"played",NA,NA,NA,253,"Q4"
"3077",3077,"UCLAWashington12-3",2025-12-03,"conf","UCLA","Washington","B10","B10","A","W","82-80",0.799123308329882,0.850500833069505,0.789142831518436,0.396811542881163,0.603188457118837,90.3,"played",NA,NA,NA,62,"Q1"
"3078",3078,"UCLAWashington12-3",2025-12-03,"conf","Washington","UCLA","B10","B10","H","L","80-82",0.850500833069505,0.799123308329882,0.87694452176131,0.64175383145719,-0.64175383145719,70.8,"played",NA,NA,NA,40,"Q2"
"3079",3079,"UMBCGeorgetown12-3",2025-12-03,"nc","Georgetown","UMBC","BE","AE","H","W","90-81",0.736066932523059,0.209748829553563,0.87694452176131,0.96409275773184,0.0359072422681594,64.2,"played",NA,NA,NA,274,"Q4"
"3080",3080,"UMBCGeorgetown12-3",2025-12-03,"nc","UMBC","Georgetown","AE","BE","A","L","81-90",0.209748829553563,0.736066932523059,0.789142831518436,0.573009575192196,-0.573009575192196,29.3,"played",NA,NA,NA,118,"Q2"
"3081",3081,"UT Rio Grande ValleyStephen F. Austin12-3",2025-12-03,"conf","Stephen F. Austin","UT Rio Grande Valley","Slnd","Slnd","H","W","73-60",0.815047683515057,0.397957356960562,0.87694452176131,0.915118069533995,0.0848819304660049,85.9,"played",NA,NA,NA,194,"Q4"
"3082",3082,"UT Rio Grande ValleyStephen F. Austin12-3",2025-12-03,"conf","UT Rio Grande Valley","Stephen F. Austin","Slnd","Slnd","A","L","60-73",0.397957356960562,0.815047683515057,0.789142831518436,0.459245063096948,-0.459245063096948,32.3,"played",NA,NA,NA,88,"Q2"
"3083",3083,"Utah TechSanta Clara12-3",2025-12-03,"nc","Santa Clara","Utah Tech","WCC","WAC","H","W","90-80",0.904534982736246,0.326398450988887,0.87694452176131,0.936334401660849,0.0636655983391512,79.7,"played",NA,NA,NA,199,"Q4"
"3084",3084,"Utah TechSanta Clara12-3",2025-12-03,"nc","Utah Tech","Santa Clara","WAC","WCC","A","L","80-90",0.326398450988887,0.904534982736246,0.789142831518436,0.28314899833366,-0.28314899833366,53.8,"played",NA,NA,NA,44,"Q1"
"3085",3085,"Utah ValleySan Diego St.12-3",2025-12-03,"nc","San Diego St.","Utah Valley","MWC","WAC","H","W","77-66",0.88804009035819,0.65875856803625,0.87694452176131,0.786850012957824,0.213149987042176,91.1,"played",NA,NA,NA,96,"Q3"
"3086",3086,"Utah ValleySan Diego St.12-3",2025-12-03,"nc","Utah Valley","San Diego St.","WAC","MWC","A","L","66-77",0.65875856803625,0.88804009035819,0.789142831518436,0.320579556111625,-0.320579556111625,59.9,"played",NA,NA,NA,52,"Q1"
"3087",3087,"VermontOregon St.12-3",2025-12-03,"nc","Oregon St.","Vermont","WCC","AE","H","W","80-58",0.48746862199899,0.297392585715157,0.87694452176131,0.943935425917984,0.0560645740820156,95.7,"played",NA,NA,NA,207,"Q4"
"3088",3088,"VermontOregon St.12-3",2025-12-03,"nc","Vermont","Oregon St.","AE","WCC","A","L","58-80",0.297392585715157,0.48746862199899,0.789142831518436,0.797364378973173,-0.797364378973173,1.8,"played",NA,NA,NA,213,"Q3"
"3089",3089,"VirginiaTexas12-3",2025-12-03,"nc","Texas","Virginia","SEC","ACC","H","L","69-88",0.887271095950039,0.941543118572919,0.87694452176131,0.306736242269756,-0.306736242269756,42.8,"played",NA,NA,NA,13,"Q1"
"3090",3090,"VirginiaTexas12-3",2025-12-03,"nc","Virginia","Texas","ACC","SEC","A","W","88-69",0.941543118572919,0.887271095950039,0.789142831518436,0.322261464403328,0.677738535596672,99.4,"played",NA,NA,NA,43,"Q1"
"3091",3091,"Wright St.Youngstown St.12-3",2025-12-03,"conf","Wright St.","Youngstown St.","Horz","Horz","A","L","68-69",0.571577739895169,0.546812666972655,0.789142831518436,0.756201472941003,-0.756201472941003,51,"played",NA,NA,NA,221,"Q3"
"3092",3092,"Wright St.Youngstown St.12-3",2025-12-03,"conf","Youngstown St.","Wright St.","Horz","Horz","H","W","69-68",0.546812666972655,0.571577739895169,0.87694452176131,0.84231002581507,0.15768997418493,60.7,"played",NA,NA,NA,136,"Q3"
"3093",3093,"VTSU-JohnsonBoston University12-3",2025-12-03,"nond1","Boston University","VTSU-Johnson","Pat",NA,"H","W","57-104",NA,NA,NA,NA,0,NA,"played",NA,NA,NA,NA,NA
"3094",3094,"Howard PayneTarleton St.12-3",2025-12-03,"nond1","Tarleton St.","Howard Payne","WAC",NA,"H","W","54-119",NA,NA,NA,NA,0,NA,"played",NA,NA,NA,NA,NA
"3095",3095,"BloomsburgSt. Bonaventure12-3",2025-12-03,"nond1","St. Bonaventure","Bloomsburg","A10",NA,"H","W","43-83",NA,NA,NA,NA,0,NA,"played",NA,NA,NA,NA,NA
"3096",3096,"PfeifferLongwood12-3",2025-12-03,"nond1","Longwood","Pfeiffer","BSth",NA,"H","W","55-101",NA,NA,NA,NA,0,NA,"played",NA,NA,NA,NA,NA
"3097",3097,"MidwayBellarmine12-3",2025-12-03,"nond1","Bellarmine","Midway","ASun",NA,"H","W","60-99",NA,NA,NA,NA,0,NA,"played",NA,NA,NA,NA,NA
"3098",3098,"Penn St.-ShenangoSaint Francis12-3",2025-12-03,"nond1","Saint Francis","Penn St.-Shenango","NEC",NA,"H","W","41-100",NA,NA,NA,NA,0,NA,"played",NA,NA,NA,NA,NA
"3099",3099,"Virginia-LynchburgAppalachian St.12-3",2025-12-03,"nond1","Appalachian St.","Virginia-Lynchburg","SB",NA,"H","W","45-133",NA,NA,NA,NA,0,NA,"played",NA,NA,NA,NA,NA
"3100",3100,"BrandeisYale12-3",2025-12-03,"nond1","Yale","Brandeis","Ivy",NA,"H","W","61-79",NA,NA,NA,NA,0,NA,"played",NA,NA,NA,NA,NA
"3101",3101,"Puget SoundSeattle12-3",2025-12-03,"nond1","Seattle","Puget Sound","WCC",NA,"H","W","43-97",NA,NA,NA,NA,0,NA,"played",NA,NA,NA,NA,NA
"3102",3102,"Cal PolyCal St. Fullerton12-4",2025-12-04,"conf","Cal Poly","Cal St. Fullerton","BW","BW","A","W","94-91",0.22558726115521,0.486141474245039,0.789142831518436,0.798221354022513,0.201778645977487,66.3,"played",NA,NA,NA,200,"Q3"
"3103",3103,"Cal PolyCal St. Fullerton12-4",2025-12-04,"conf","Cal St. Fullerton","Cal Poly","BW","BW","H","L","91-94",0.486141474245039,0.22558726115521,0.87694452176131,0.960729012486904,-0.960729012486904,12.3,"played",NA,NA,NA,257,"Q4"
"3104",3104,"Cal St. BakersfieldCal St. Northridge12-4",2025-12-04,"conf","Cal St. Bakersfield","Cal St. Northridge","BW","BW","A","L","66-87",0.159533932612316,0.543814122124777,0.789142831518436,0.758424134649901,-0.758424134649901,12.5,"played",NA,NA,NA,209,"Q3"
"3105",3105,"Cal St. BakersfieldCal St. Northridge12-4",2025-12-04,"conf","Cal St. Northridge","Cal St. Bakersfield","BW","BW","H","W","87-66",0.543814122124777,0.159533932612316,0.87694452176131,0.974055493161456,0.0259445068385435,61.4,"played",NA,NA,NA,301,"Q4"
"3106",3106,"Long Beach St.UC Santa Barbara12-4",2025-12-04,"conf","Long Beach St.","UC Santa Barbara","BW","BW","A","L","77-84",0.276270766068189,0.641009132198243,0.789142831518436,0.677000142650276,-0.677000142650276,49.6,"played",NA,NA,NA,145,"Q3"
"3107",3107,"Long Beach St.UC Santa Barbara12-4",2025-12-04,"conf","UC Santa Barbara","Long Beach St.","BW","BW","H","W","84-77",0.641009132198243,0.276270766068189,0.87694452176131,0.949157607123227,0.0508423928767727,40.9,"played",NA,NA,NA,240,"Q4"
"3108",3108,"RiderMerrimack12-4",2025-12-04,"conf","Merrimack","Rider","MAAC","MAAC","H","W","68-66",0.494941213645724,0.0692807104895986,0.87694452176131,0.989662640329338,0.010337359670662,10,"played",NA,NA,NA,357,"Q4"
"3109",3109,"RiderMerrimack12-4",2025-12-04,"conf","Rider","Merrimack","MAAC","MAAC","A","L","66-68",0.0692807104895986,0.494941213645724,0.789142831518436,0.792490301797105,-0.792490301797105,39.7,"played",NA,NA,NA,217,"Q3"
"3110",3110,"Robert MorrisGreen Bay12-4",2025-12-04,"conf","Green Bay","Robert Morris","Horz","Horz","H","L","78-80",0.503482144436143,0.360345110834765,0.87694452176131,0.926741135334995,-0.926741135334995,35.5,"played",NA,NA,NA,186,"Q4"
"3111",3111,"Robert MorrisGreen Bay12-4",2025-12-04,"conf","Robert Morris","Green Bay","Horz","Horz","A","W","80-78",0.360345110834765,0.503482144436143,0.789142831518436,0.786815794214538,0.213184205785462,50.9,"played",NA,NA,NA,230,"Q3"
"3112",3112,"The CitadelDavidson12-4",2025-12-04,"nc","Davidson","The Citadel","A10","SC","H","W","79-63",0.692626171471865,0.0788521555269136,0.87694452176131,0.988130636578795,0.0118693634212048,49.7,"played",NA,NA,NA,350,"Q4"
"3113",3113,"The CitadelDavidson12-4",2025-12-04,"nc","The Citadel","Davidson","SC","A10","A","L","63-79",0.0788521555269136,0.692626171471865,0.789142831518436,0.624182848539627,-0.624182848539627,16.3,"played",NA,NA,NA,119,"Q2"
"3114",3114,"UC DavisHawaii12-4",2025-12-04,"conf","Hawaii","UC Davis","BW","BW","H","W","75-69",0.782563869210565,0.410152855593226,0.87694452176131,0.911100116157902,0.0888998838420977,70.9,"played",NA,NA,NA,176,"Q4"
"3115",3115,"UC DavisHawaii12-4",2025-12-04,"conf","UC Davis","Hawaii","BW","BW","A","L","69-75",0.410152855593226,0.782563869210565,0.789142831518436,0.50977274777129,-0.50977274777129,50.7,"played",NA,NA,NA,97,"Q2"
"3116",3116,"UC RiversideUC Irvine12-4",2025-12-04,"conf","UC Irvine","UC Riverside","BW","BW","H","W","73-60",0.71694009377673,0.201552689174799,0.87694452176131,0.965789939307561,0.0342100606924388,80.6,"played",NA,NA,NA,283,"Q4"
"3117",3117,"UC RiversideUC Irvine12-4",2025-12-04,"conf","UC Riverside","UC Irvine","BW","BW","A","L","60-73",0.201552689174799,0.71694009377673,0.789142831518436,0.596386841218079,-0.596386841218079,13.4,"played",NA,NA,NA,128,"Q2"
"3118",3118,"Utah St.South Florida12-4",2025-12-04,"nc","South Florida","Utah St.","Amer","MWC","H","W","74-61",0.827671121247399,0.849238029418344,0.87694452176131,0.558523317336614,0.441476682663386,99.4,"played",NA,NA,NA,25,"Q1"
"3119",3119,"Utah St.South Florida12-4",2025-12-04,"nc","Utah St.","South Florida","MWC","Amer","A","L","61-74",0.849238029418344,0.827671121247399,0.789142831518436,0.437960160751415,-0.437960160751415,14.3,"played",NA,NA,NA,66,"Q1"
"3120",3120,"ManorFairleigh Dickinson12-4",2025-12-04,"nond1","Fairleigh Dickinson","Manor","NEC",NA,"H","W","38-86",NA,NA,NA,NA,0,NA,"played",NA,NA,NA,NA,NA
"3121",3121,"Warren WilsonCharleston Southern12-4",2025-12-04,"nond1","Charleston Southern","Warren Wilson","BSth",NA,"H","W","63-124",NA,NA,NA,NA,0,NA,"played",NA,NA,NA,NA,NA
"3122",3122,"BryantBrown12-5",2025-12-05,"nc","Brown","Bryant","Ivy","AE","H","W","75-56",0.361296853591693,0.0698036017290083,0.87694452176131,0.989579639055569,0.0104203609444309,69.9,"played",NA,NA,NA,345,"Q4"
"3123",3123,"BryantBrown12-5",2025-12-05,"nc","Bryant","Brown","AE","Ivy","A","L","56-75",0.0698036017290083,0.361296853591693,0.789142831518436,0.868699218992873,-0.868699218992873,1.8,"played",NA,NA,NA,275,"Q4"
"3124",3124,"CanisiusSaint Peter's12-5",2025-12-05,"conf","Canisius","Saint Peter's","MAAC","MAAC","A","L","57-69",0.0962828763969484,0.464125461254959,0.789142831518436,0.812069164133623,-0.812069164133623,11.3,"played",NA,NA,NA,223,"Q3"
"3125",3125,"CanisiusSaint Peter's12-5",2025-12-05,"conf","Saint Peter's","Canisius","MAAC","MAAC","H","W","69-57",0.464125461254959,0.0962828763969484,0.87694452176131,0.985270070495874,0.0147299295041264,42.1,"played",NA,NA,NA,342,"Q4"
"3126",3126,"CincinnatiXavier12-5",2025-12-05,"nc","Cincinnati","Xavier","B12","BE","A","L","74-79",0.78379278013368,0.780139218822579,0.789142831518436,0.513318973154326,-0.513318973154326,60.2,"played",NA,NA,NA,94,"Q2"
"3127",3127,"CincinnatiXavier12-5",2025-12-05,"nc","Xavier","Cincinnati","BE","B12","H","W","79-74",0.780139218822579,0.78379278013368,0.87694452176131,0.662823243260027,0.337176756739973,89.5,"played",NA,NA,NA,72,"Q2"
"3128",3128,"East Texas A&MConnecticut12-5",2025-12-05,"nc","Connecticut","East Texas A&M","BE","Slnd","H","W","83-59",0.972195245967499,0.215264103557443,0.87694452176131,0.962934186645948,0.0370658133540517,88.4,"played",NA,NA,NA,277,"Q4"
"3129",3129,"East Texas A&MConnecticut12-5",2025-12-05,"nc","East Texas A&M","Connecticut","Slnd","BE","A","L","59-83",0.215264103557443,0.972195245967499,0.789142831518436,0.0966876003580351,-0.0966876003580351,55.8,"played",NA,NA,NA,8,"Q1"
"3130",3130,"FairfieldManhattan12-5",2025-12-05,"conf","Fairfield","Manhattan","MAAC","MAAC","A","L","66-70",0.22489171654641,0.199140354213253,0.789142831518436,0.937698454634616,-0.937698454634616,8.3,"played",NA,NA,NA,330,"Q4"
"3131",3131,"FairfieldManhattan12-5",2025-12-05,"conf","Manhattan","Fairfield","MAAC","MAAC","H","W","70-66",0.199140354213253,0.22489171654641,0.87694452176131,0.960879115225298,0.0391208847747024,44.4,"played",NA,NA,NA,248,"Q4"
"3132",3132,"GonzagaKentucky12-5",2025-12-05,"nc","Gonzaga","Kentucky","WCC","SEC","N","W","94-59",0.953797375405029,0.8605178362432,0.837778001870703,0.4556641969718,0.5443358030282,99.9,"played",NA,NA,NA,31,"Q1"
"3133",3133,"GonzagaKentucky12-5",2025-12-05,"nc","Kentucky","Gonzaga","SEC","WCC","N","L","59-94",0.8605178362432,0.953797375405029,0.837778001870703,0.200106758650461,-0.200106758650461,14.4,"played",NA,NA,NA,4,"Q1"
"3134",3134,"MercyhurstLafayette12-5",2025-12-05,"nc","Lafayette","Mercyhurst","Pat","NEC","H","W","79-71",0.247759908493423,0.197715059489074,0.87694452176131,0.966574696119011,0.0334253038809886,37.8,"played",NA,NA,NA,290,"Q4"
"3135",3135,"MercyhurstLafayette12-5",2025-12-05,"nc","Mercyhurst","Lafayette","NEC","Pat","A","L","71-79",0.197715059489074,0.247759908493423,0.789142831518436,0.919113429490502,-0.919113429490502,11.8,"played",NA,NA,NA,328,"Q4"
"3136",3136,"Mount St. Mary'sMarist12-5",2025-12-05,"conf","Marist","Mount St. Mary's","MAAC","MAAC","H","W","64-56",0.603367224365608,0.171353269912124,0.87694452176131,0.97180128755884,0.0281987124411597,36,"played",NA,NA,NA,304,"Q4"
"3137",3137,"Mount St. Mary'sMarist12-5",2025-12-05,"conf","Mount St. Mary's","Marist","MAAC","MAAC","A","L","56-64",0.171353269912124,0.603367224365608,0.789142831518436,0.71100112209817,-0.71100112209817,35.9,"played",NA,NA,NA,150,"Q3"
"3138",3138,"NiagaraSiena12-5",2025-12-05,"conf","Niagara","Siena","MAAC","MAAC","A","L","54-83",0.0710982537629475,0.54942727469335,0.789142831518436,0.75425005854782,-0.75425005854782,0.8,"played",NA,NA,NA,172,"Q3"
"3139",3139,"NiagaraSiena12-5",2025-12-05,"conf","Siena","Niagara","MAAC","MAAC","H","W","83-54",0.54942727469335,0.0710982537629475,0.87694452176131,0.989373790127263,0.0106262098727368,92.1,"played",NA,NA,NA,355,"Q4"
"3140",3140,"NJITHigh Point12-5",2025-12-05,"nc","High Point","NJIT","BSth","AE","H","W","89-72",0.756790844012223,0.108362596707915,0.87694452176131,0.983232201292529,0.0167677987074712,61.3,"played",NA,NA,NA,332,"Q4"
"3141",3141,"NJITHigh Point12-5",2025-12-05,"nc","NJIT","High Point","AE","BSth","A","L","72-89",0.108362596707915,0.756790844012223,0.789142831518436,0.546019695713936,-0.546019695713936,19.3,"played",NA,NA,NA,90,"Q2"
"3142",3142,"Northwestern St.McNeese St.12-5",2025-12-05,"conf","McNeese St.","Northwestern St.","Slnd","Slnd","H","W","92-54",0.804042842508263,0.172988629015108,0.87694452176131,0.971485151015013,0.028514848984987,98.3,"played",NA,NA,NA,306,"Q4"
"3143",3143,"Northwestern St.McNeese St.12-5",2025-12-05,"conf","Northwestern St.","McNeese St.","Slnd","Slnd","A","L","54-92",0.172988629015108,0.804042842508263,0.789142831518436,0.477018666749508,-0.477018666749508,1.4,"played",NA,NA,NA,57,"Q1"
"3144",3144,"Notre DameTCU12-5",2025-12-05,"nc","Notre Dame","TCU","ACC","B12","A","W","87-85",0.645182423439833,0.865296099885822,0.789142831518436,0.368134924888612,0.631865075111388,86.1,"played",NA,NA,NA,46,"Q1"
"3145",3145,"Notre DameTCU12-5",2025-12-05,"nc","TCU","Notre Dame","B12","ACC","H","L","85-87",0.865296099885822,0.645182423439833,0.87694452176131,0.796713547399044,-0.796713547399044,65.4,"played",NA,NA,NA,81,"Q3"
"3146",3146,"QuinnipiacIona12-5",2025-12-05,"conf","Iona","Quinnipiac","MAAC","MAAC","H","L","68-89",0.437173937533644,0.407246884569133,0.87694452176131,0.912069287849074,-0.912069287849074,6.8,"played",NA,NA,NA,184,"Q4"
"3147",3147,"QuinnipiacIona12-5",2025-12-05,"conf","Quinnipiac","Iona","MAAC","MAAC","A","W","89-68",0.407246884569133,0.437173937533644,0.789142831518436,0.828126310189698,0.171873689810302,88,"played",NA,NA,NA,218,"Q3"
"3148",3148,"SamfordVCU12-5",2025-12-05,"nc","Samford","VCU","SC","A10","A","L","57-83",0.172321727445834,0.832009910410597,0.789142831518436,0.430411360912575,-0.430411360912575,28.1,"played",NA,NA,NA,55,"Q1"
"3149",3149,"SamfordVCU12-5",2025-12-05,"nc","VCU","Samford","A10","SC","H","W","83-57",0.832009910410597,0.172321727445834,0.87694452176131,0.971614197909055,0.0283858020909451,72.5,"played",NA,NA,NA,269,"Q4"
"3150",3150,"San DiegoSan Jose St.12-5",2025-12-05,"nc","San Diego","San Jose St.","WCC","MWC","A","L","69-86",0.386813607349022,0.426462166380668,0.789142831518436,0.834251951782731,-0.834251951782731,2.1,"played",NA,NA,NA,259,"Q4"
"3151",3151,"San DiegoSan Jose St.12-5",2025-12-05,"nc","San Jose St.","San Diego","MWC","WCC","H","W","86-69",0.426462166380668,0.386813607349022,0.87694452176131,0.918679146869904,0.081320853130096,95.7,"played",NA,NA,NA,208,"Q4"
"3152",3152,"South AlabamaEast Tennessee St.12-5",2025-12-05,"nc","East Tennessee St.","South Alabama","SC","SB","H","W","91-65",0.607991931766003,0.306238592181222,0.87694452176131,0.941671849852463,0.0583281501475374,74.8,"played",NA,NA,NA,197,"Q4"
"3153",3153,"South AlabamaEast Tennessee St.12-5",2025-12-05,"nc","South Alabama","East Tennessee St.","SB","SC","A","L","65-91",0.306238592181222,0.607991931766003,0.789142831518436,0.707006029827842,-0.707006029827842,18.7,"played",NA,NA,NA,129,"Q2"
"3154",3154,"South Carolina St.Bethune Cookman12-5",2025-12-05,"nc","Bethune Cookman","South Carolina St.","SWAC","MEAC","H","W","80-59",0.390499707456399,0.0507325033248179,0.87694452176131,0.992556422425133,0.00744357757486747,57.8,"played",NA,NA,NA,360,"Q4"
"3155",3155,"South Carolina St.Bethune Cookman12-5",2025-12-05,"nc","South Carolina St.","Bethune Cookman","MEAC","SWAC","A","L","59-80",0.0507325033248179,0.390499707456399,0.789142831518436,0.853832094366351,-0.853832094366351,2.4,"played",NA,NA,NA,268,"Q4"
"3156",3156,"UABDrake12-5",2025-12-05,"nc","Drake","UAB","MVC","Amer","H","L","69-74",0.53888123509143,0.524998488358512,0.87694452176131,0.865731238499826,-0.865731238499826,36.9,"played",NA,NA,NA,122,"Q3"
"3157",3157,"UABDrake12-5",2025-12-05,"nc","UAB","Drake","Amer","MVC","A","W","74-69",0.524998488358512,0.53888123509143,0.789142831518436,0.762045499978807,0.237954500021193,68.8,"played",NA,NA,NA,166,"Q3"
"3158",3158,"ChristendomVMI12-5",2025-12-05,"nond1","VMI","Christendom","SC",NA,"H","W","36-89",NA,NA,NA,NA,0,NA,"played",NA,NA,NA,NA,NA
"3159",3159,"Lewis & ClarkPortland12-5",2025-12-05,"nond1","Portland","Lewis & Clark","WCC",NA,"H","W","87-104",NA,NA,NA,NA,0,NA,"played",NA,NA,NA,NA,NA
"3160",3160,"ClearyEastern Michigan12-5",2025-12-05,"nond1","Eastern Michigan","Cleary","MAC",NA,"H","W","48-86",NA,NA,NA,NA,0,NA,"played",NA,NA,NA,NA,NA
"3161",3161,"AkronTulane12-6",2025-12-06,"nc","Akron","Tulane","MAC","Amer","A","W","88-71",0.745581397618812,0.499347286934666,0.789142831518436,0.789576940282949,0.210423059717051,88.5,"played",NA,NA,NA,202,"Q3"
"3162",3162,"AkronTulane12-6",2025-12-06,"nc","Tulane","Akron","Amer","MAC","H","L","71-88",0.499347286934666,0.745581397618812,0.87694452176131,0.708606354394313,-0.708606354394313,27.6,"played",NA,NA,NA,54,"Q2"
"3163",3163,"AlbanyColumbia12-6",2025-12-06,"nc","Albany","Columbia","AE","Ivy","A","L","65-93",0.187386733437233,0.567588970085062,0.789142831518436,0.740341726214311,-0.740341726214311,7.9,"played",NA,NA,NA,151,"Q3"
"3164",3164,"AlbanyColumbia12-6",2025-12-06,"nc","Columbia","Albany","Ivy","AE","H","W","93-65",0.567588970085062,0.187386733437233,0.87694452176131,0.968656075522331,0.0313439244776691,77.9,"played",NA,NA,NA,309,"Q4"
"3165",3165,"Arizona St.Oklahoma12-6",2025-12-06,"nc","Arizona St.","Oklahoma","B12","SEC","N","W","86-70",0.701699555932265,0.738464648903224,0.837778001870703,0.646521461792157,0.353478538207843,98.6,"played",NA,NA,NA,76,"Q2"
"3166",3166,"Arizona St.Oklahoma12-6",2025-12-06,"nc","Oklahoma","Arizona St.","SEC","B12","N","L","70-86",0.738464648903224,0.701699555932265,0.837778001870703,0.687054216277166,-0.687054216277166,8.9,"played",NA,NA,NA,93,"Q2"
"3167",3167,"Arkansas Pine BluffDePaul12-6",2025-12-06,"nc","Arkansas Pine Bluff","DePaul","SWAC","BE","A","L","72-76",0.210499397365107,0.723148523927946,0.789142831518436,0.588951567067976,-0.588951567067976,67.3,"played",NA,NA,NA,113,"Q2"
"3168",3168,"Arkansas Pine BluffDePaul12-6",2025-12-06,"nc","DePaul","Arkansas Pine Bluff","BE","SWAC","H","W","76-72",0.723148523927946,0.210499397365107,0.87694452176131,0.963935877536827,0.0360641224631731,25.3,"played",NA,NA,NA,311,"Q4"
"3169",3169,"Arkansas St.Little Rock12-6",2025-12-06,"nc","Arkansas St.","Little Rock","SB","OVC","A","W","90-78",0.486958310027856,0.216987170533557,0.789142831518436,0.931059361043289,0.0689406389567112,59.3,"played",NA,NA,NA,302,"Q4"
"3170",3170,"Arkansas St.Little Rock12-6",2025-12-06,"nc","Little Rock","Arkansas St.","OVC","SB","H","L","78-90",0.216987170533557,0.486958310027856,0.87694452176131,0.882465421492392,-0.882465421492392,15.3,"played",NA,NA,NA,141,"Q3"
"3171",3171,"AuburnArizona12-6",2025-12-06,"nc","Arizona","Auburn","B12","SEC","H","W","97-68",0.977752465301565,0.84883999378349,0.87694452176131,0.559288913239661,0.440711086760339,99.4,"played",NA,NA,NA,34,"Q2"
"3172",3172,"AuburnArizona12-6",2025-12-06,"nc","Auburn","Arizona","SEC","B12","A","L","68-97",0.84883999378349,0.977752465301565,0.789142831518436,0.0784743366007909,-0.0784743366007909,58.5,"played",NA,NA,NA,3,"Q1"
"3173",3173,"BaylorMemphis12-6",2025-12-06,"nc","Baylor","Memphis","B12","Amer","A","L","71-78",0.740905781509242,0.777847739912943,0.789142831518436,0.516643488894951,-0.516643488894951,61.2,"played",NA,NA,NA,112,"Q2"
"3174",3174,"BaylorMemphis12-6",2025-12-06,"nc","Memphis","Baylor","Amer","B12","H","W","78-71",0.777847739912943,0.740905781509242,0.87694452176131,0.713639564464455,0.286360435535545,86.4,"played",NA,NA,NA,53,"Q2"
"3175",3175,"BellarmineMurray St.12-6",2025-12-06,"nc","Bellarmine","Murray St.","ASun","MVC","A","L","68-81",0.146521869965627,0.768671365816874,0.789142831518436,0.52970054022595,-0.52970054022595,18.5,"played",NA,NA,NA,74,"Q1"
"3176",3176,"BellarmineMurray St.12-6",2025-12-06,"nc","Murray St.","Bellarmine","MVC","ASun","H","W","81-68",0.768671365816874,0.146521869965627,0.87694452176131,0.976476566376086,0.0235234336239143,71.6,"played",NA,NA,NA,291,"Q4"
"3177",3177,"Boise St.Butler12-6",2025-12-06,"nc","Boise St.","Butler","MWC","BE","A","W","77-68",0.719435859842334,0.858613464070704,0.789142831518436,0.381295065510961,0.618704934489039,93.6,"played",NA,NA,NA,48,"Q1"
"3178",3178,"Boise St.Butler12-6",2025-12-06,"nc","Butler","Boise St.","BE","MWC","H","L","68-77",0.858613464070704,0.719435859842334,0.87694452176131,0.735389901479989,-0.735389901479989,51.7,"played",NA,NA,NA,71,"Q2"
"3179",3179,"Boston UniversityNew Hampshire12-6",2025-12-06,"nc","Boston University","New Hampshire","Pat","AE","A","L","82-88",0.173160301084916,0.294034884198752,0.789142831518436,0.899856735898056,-0.899856735898056,30,"played",NA,NA,NA,323,"Q4"
"3180",3180,"Boston UniversityNew Hampshire12-6",2025-12-06,"nc","New Hampshire","Boston University","AE","Pat","H","W","88-82",0.294034884198752,0.173160301084916,0.87694452176131,0.97145190396275,0.0285480960372501,16.9,"played",NA,NA,NA,292,"Q4"
"3181",3181,"Cal BaptistUtah12-6",2025-12-06,"nc","Cal Baptist","Utah","WAC","B12","A","L","85-91",0.540609234029639,0.735923022179889,0.789142831518436,0.573190776567456,-0.573190776567456,53.2,"played",NA,NA,NA,117,"Q2"
"3182",3182,"Cal BaptistUtah12-6",2025-12-06,"nc","Utah","Cal Baptist","B12","WAC","H","W","91-85",0.735923022179889,0.540609234029639,0.87694452176131,0.858272191250011,0.141727808749989,74.3,"played",NA,NA,NA,120,"Q3"
"3183",3183,"Cal St. BakersfieldUC Santa Barbara12-6",2025-12-06,"conf","Cal St. Bakersfield","UC Santa Barbara","BW","BW","A","L","84-109",0.159533932612316,0.641009132198243,0.789142831518436,0.677000142650276,-0.677000142650276,11.2,"played",NA,NA,NA,145,"Q3"
"3184",3184,"Cal St. BakersfieldUC Santa Barbara12-6",2025-12-06,"conf","UC Santa Barbara","Cal St. Bakersfield","BW","BW","H","W","109-84",0.641009132198243,0.159533932612316,0.87694452176131,0.974055493161456,0.0259445068385435,72.9,"played",NA,NA,NA,301,"Q4"
"3185",3185,"Cal St. FullertonHawaii12-6",2025-12-06,"conf","Cal St. Fullerton","Hawaii","BW","BW","A","L","59-69",0.331925225797259,0.782563869210565,0.789142831518436,0.50977274777129,-0.50977274777129,26.3,"played",NA,NA,NA,97,"Q2"
"3186",3186,"Cal St. FullertonHawaii12-6",2025-12-06,"conf","Hawaii","Cal St. Fullerton","BW","BW","H","W","69-59",0.782563869210565,0.331925225797259,0.87694452176131,0.934825940311833,0.0651740596881669,83.3,"played",NA,NA,NA,200,"Q4"
"3187",3187,"Cal St. NorthridgeUC Irvine12-6",2025-12-06,"conf","Cal St. Northridge","UC Irvine","BW","BW","A","L","71-85",0.385010418560885,0.71694009377673,0.789142831518436,0.596386841218079,-0.596386841218079,49.9,"played",NA,NA,NA,128,"Q2"
"3188",3188,"Cal St. NorthridgeUC Irvine12-6",2025-12-06,"conf","UC Irvine","Cal St. Northridge","BW","BW","H","W","85-71",0.71694009377673,0.385010418560885,0.87694452176131,0.91924578431368,0.0807542156863204,61.4,"played",NA,NA,NA,209,"Q4"
"3189",3189,"Chicago St.Illinois St.12-6",2025-12-06,"nc","Chicago St.","Illinois St.","NEC","MVC","A","L","53-95",0.0739186417080468,0.816126473444108,0.789142831518436,0.457464356306282,-0.457464356306282,0.5,"played",NA,NA,NA,79,"Q2"
"3190",3190,"Chicago St.Illinois St.12-6",2025-12-06,"nc","Illinois St.","Chicago St.","MVC","NEC","H","W","95-53",0.816126473444108,0.0739186417080468,0.87694452176131,0.988923656012592,0.011076343987408,98.5,"played",NA,NA,NA,352,"Q4"
"3191",3191,"Coastal CarolinaWinthrop12-6",2025-12-06,"nc","Coastal Carolina","Winthrop","SB","BSth","A","W","88-84",0.252170326443001,0.589293391463423,0.789142831518436,0.72286571295832,0.27713428704168,62.7,"played",NA,NA,NA,130,"Q2"
"3192",3192,"Coastal CarolinaWinthrop12-6",2025-12-06,"nc","Winthrop","Coastal Carolina","BSth","SB","H","L","84-88",0.589293391463423,0.252170326443001,0.87694452176131,0.954820456841901,-0.954820456841901,22.4,"played",NA,NA,NA,235,"Q4"
"3193",3193,"ColoradoColorado St.12-6",2025-12-06,"nc","Colorado","Colorado St.","B12","MWC","A","L","86-91",0.640434349812151,0.761948848530048,0.789142831518436,0.539013660019678,-0.539013660019678,59.5,"played",NA,NA,NA,92,"Q2"
"3194",3194,"ColoradoColorado St.12-6",2025-12-06,"nc","Colorado St.","Colorado","MWC","B12","H","W","91-86",0.761948848530048,0.640434349812151,0.87694452176131,0.800042273749593,0.199957726250407,79.5,"played",NA,NA,NA,78,"Q3"
"3195",3195,"Coppin St.Liberty12-6",2025-12-06,"nc","Coppin St.","Liberty","MEAC","CUSA","A","L","50-92",0.0259808577725411,0.754201371304044,0.789142831518436,0.549492294681649,-0.549492294681649,0.1,"played",NA,NA,NA,84,"Q2"
"3196",3196,"Coppin St.Liberty12-6",2025-12-06,"nc","Liberty","Coppin St.","CUSA","MEAC","H","W","92-50",0.754201371304044,0.0259808577725411,0.87694452176131,0.996271000581672,0.00372899941832849,98.4,"played",NA,NA,NA,364,"Q4"
"3197",3197,"DartmouthWyoming12-6",2025-12-06,"nc","Dartmouth","Wyoming","Ivy","MWC","A","L","80-93",0.313883565357004,0.76314542480965,0.789142831518436,0.53737119837597,-0.53737119837597,58.8,"played",NA,NA,NA,100,"Q2"
"3198",3198,"DartmouthWyoming12-6",2025-12-06,"nc","Wyoming","Dartmouth","MWC","Ivy","H","W","93-80",0.76314542480965,0.313883565357004,0.87694452176131,0.939677619552002,0.060322380447998,50.9,"played",NA,NA,NA,222,"Q4"
"3199",3199,"DaytonVirginia12-6",2025-12-06,"nc","Dayton","Virginia","A10","ACC","N","L","73-86",0.751274819261844,0.956944349895441,0.837778001870703,0.188549261090899,-0.188549261090899,81.1,"played",NA,NA,NA,13,"Q1"
"3200",3200,"DaytonVirginia12-6",2025-12-06,"nc","Virginia","Dayton","ACC","A10","N","W","86-73",0.956944349895441,0.751274819261844,0.837778001870703,0.630966295734684,0.369033704265316,94,"played",NA,NA,NA,80,"Q2"
"3201",3201,"DelawareDelaware St.12-6",2025-12-06,"nc","Delaware","Delaware St.","CUSA","MEAC","A","L","72-75",0.176954731417496,0.090666985933371,0.789142831518436,0.974049833381381,-0.974049833381381,6.2,"played",NA,NA,NA,358,"Q4"
"3202",3202,"DelawareDelaware St.12-6",2025-12-06,"nc","Delaware St.","Delaware","MEAC","CUSA","H","W","75-72",0.090666985933371,0.176954731417496,0.87694452176131,0.970714096550497,0.0292859034495031,24.3,"played",NA,NA,NA,300,"Q4"
"3203",3203,"DenverIdaho St.12-6",2025-12-06,"nc","Denver","Idaho St.","Sum","BSky","A","L","79-93",0.263838573314094,0.482382067045718,0.789142831518436,0.800634908501729,-0.800634908501729,17.1,"played",NA,NA,NA,174,"Q3"
"3204",3204,"DenverIdaho St.12-6",2025-12-06,"nc","Idaho St.","Denver","BSky","Sum","H","W","93-79",0.482382067045718,0.263838573314094,0.87694452176131,0.952116681640977,0.0478833183590227,61.9,"played",NA,NA,NA,251,"Q4"
"3205",3205,"Detroit MercyCleveland St.12-6",2025-12-06,"conf","Cleveland St.","Detroit Mercy","Horz","Horz","H","L","59-71",0.281782786451229,0.268076298487336,0.87694452176131,0.951117264043805,-0.951117264043805,6.8,"played",NA,NA,NA,273,"Q4"
"3206",3206,"Detroit MercyCleveland St.12-6",2025-12-06,"conf","Detroit Mercy","Cleveland St.","Horz","Horz","A","W","71-59",0.268076298487336,0.281782786451229,0.789142831518436,0.905115473700407,0.0948845262995927,66.5,"played",NA,NA,NA,321,"Q4"
"3207",3207,"DrexelLa Salle12-6",2025-12-06,"nc","Drexel","La Salle","CAA","A10","N","L","64-69",0.426930265873987,0.423362408108524,0.837778001870703,0.875530883888704,-0.875530883888704,12.9,"played",NA,NA,NA,227,"Q4"
"3208",3208,"DrexelLa Salle12-6",2025-12-06,"nc","La Salle","Drexel","A10","CAA","N","W","69-64",0.423362408108524,0.426930265873987,0.837778001870703,0.873931227771818,0.126068772228182,78.8,"played",NA,NA,NA,211,"Q4"
"3209",3209,"DukeMichigan St.12-6",2025-12-06,"nc","Duke","Michigan St.","ACC","B10","A","W","66-60",0.939287290689777,0.96316998011938,0.789142831518436,0.125192612565118,0.874807387434882,97.8,"played",NA,NA,NA,11,"Q1"
"3210",3210,"DukeMichigan St.12-6",2025-12-06,"nc","Michigan St.","Duke","B10","ACC","H","L","60-66",0.96316998011938,0.939287290689777,0.87694452176131,0.315363975570193,-0.315363975570193,90,"played",NA,NA,NA,2,"Q1"
"3211",3211,"ElonWofford12-6",2025-12-06,"nc","Elon","Wofford","CAA","SC","A","W","73-52",0.417238728194965,0.427054957226168,0.789142831518436,0.833916616644165,0.166083383355835,99.3,"played",NA,NA,NA,225,"Q3"
"3212",3212,"ElonWofford12-6",2025-12-06,"nc","Wofford","Elon","SC","CAA","H","L","52-73",0.427054957226168,0.417238728194965,0.87694452176131,0.908705250541613,-0.908705250541613,0.4,"played",NA,NA,NA,168,"Q4"
"3213",3213,"EvansvilleWestern Kentucky12-6",2025-12-06,"nc","Evansville","Western Kentucky","MVC","CUSA","A","L","79-80",0.195465563513328,0.539993818540962,0.789142831518436,0.761232506402088,-0.761232506402088,43.2,"played",NA,NA,NA,167,"Q3"
"3214",3214,"EvansvilleWestern Kentucky12-6",2025-12-06,"nc","Western Kentucky","Evansville","CUSA","MVC","H","W","80-79",0.539993818540962,0.195465563513328,0.87694452176131,0.967031802152611,0.0329681978473889,27.2,"played",NA,NA,NA,284,"Q4"
"3215",3215,"Florida St.Houston12-6",2025-12-06,"nc","Florida St.","Houston","ACC","B12","N","L","67-82",0.644319384138006,0.971060988167615,0.837778001870703,0.133378507162459,-0.133378507162459,77,"played",NA,NA,NA,10,"Q1"
"3216",3216,"Florida St.Houston12-6",2025-12-06,"nc","Houston","Florida St.","B12","ACC","N","W","82-67",0.971060988167615,0.644319384138006,0.837778001870703,0.74031877235898,0.25968122764102,94.8,"played",NA,NA,NA,115,"Q3"
"3217",3217,"Fresno St.Arkansas12-6",2025-12-06,"nc","Arkansas","Fresno St.","SEC","MWC","H","W","82-58",0.944779447184236,0.481922792123584,0.87694452176131,0.884540532188665,0.115459467811335,97.4,"played",NA,NA,NA,139,"Q3"
"3218",3218,"Fresno St.Arkansas12-6",2025-12-06,"nc","Fresno St.","Arkansas","MWC","SEC","A","L","58-82",0.481922792123584,0.944779447184236,0.789142831518436,0.17948361785422,-0.17948361785422,30.1,"played",NA,NA,NA,20,"Q1"
"3219",3219,"George MasonVirginia Tech12-6",2025-12-06,"nc","George Mason","Virginia Tech","A10","ACC","A","L","62-73",0.622989999921908,0.853893151640768,0.789142831518436,0.39038325210195,-0.39038325210195,34.9,"played",NA,NA,NA,51,"Q1"
"3220",3220,"George MasonVirginia Tech12-6",2025-12-06,"nc","Virginia Tech","George Mason","ACC","A10","H","W","73-62",0.853893151640768,0.622989999921908,0.87694452176131,0.811769579931046,0.188230420068954,94.7,"played",NA,NA,NA,63,"Q2"
"3221",3221,"Georgia SouthernGardner Webb12-6",2025-12-06,"nc","Gardner Webb","Georgia Southern","BSth","SB","H","L","84-88",0.0575179811498203,0.25951963690932,0.87694452176131,0.953125607727472,-0.953125607727472,17.1,"played",NA,NA,NA,243,"Q4"
"3222",3222,"Georgia SouthernGardner Webb12-6",2025-12-06,"nc","Georgia Southern","Gardner Webb","SB","BSth","A","W","88-84",0.25951963690932,0.0575179811498203,0.789142831518436,0.983955042501081,0.016044957498919,9.4,"played",NA,NA,NA,363,"Q4"
"3223",3223,"Georgia St.Kennesaw St.12-6",2025-12-06,"nc","Georgia St.","Kennesaw St.","SB","CUSA","A","L","69-92",0.207313157197796,0.57740333990607,0.789142831518436,0.732558726349593,-0.732558726349593,4.3,"played",NA,NA,NA,159,"Q3"
"3224",3224,"Georgia St.Kennesaw St.12-6",2025-12-06,"nc","Kennesaw St.","Georgia St.","CUSA","SB","H","W","92-69",0.57740333990607,0.207313157197796,0.87694452176131,0.964600153744441,0.0353998462555593,88.9,"played",NA,NA,NA,261,"Q4"
"3225",3225,"Grand CanyonOklahoma St.12-6",2025-12-06,"nc","Grand Canyon","Oklahoma St.","MWC","B12","N","L","78-84",0.796468568007754,0.766721407257752,0.837778001870703,0.611090239221988,-0.611090239221988,62.2,"played",NA,NA,NA,73,"Q2"
"3226",3226,"Grand CanyonOklahoma St.12-6",2025-12-06,"nc","Oklahoma St.","Grand Canyon","B12","MWC","N","W","84-78",0.766721407257752,0.796468568007754,0.837778001870703,0.568913633345435,0.431086366654565,88.7,"played",NA,NA,NA,86,"Q2"
"3227",3227,"HarvardFurman12-6",2025-12-06,"nc","Furman","Harvard","SC","Ivy","H","W","79-69",0.548536258475982,0.3540000459956,0.87694452176131,0.928595399712616,0.0714046002873839,75.4,"played",NA,NA,NA,182,"Q4"
"3228",3228,"HarvardFurman12-6",2025-12-06,"nc","Harvard","Furman","Ivy","SC","A","L","69-79",0.3540000459956,0.548536258475982,0.789142831518436,0.754916473669213,-0.754916473669213,17.8,"played",NA,NA,NA,189,"Q3"
"3229",3229,"Holy CrossFordham12-6",2025-12-06,"nc","Fordham","Holy Cross","A10","Pat","H","L","69-70",0.520630114053518,0.118107022625567,0.87694452176131,0.981553972347959,-0.981553972347959,17.6,"played",NA,NA,NA,314,"Q4"
"3230",3230,"Holy CrossFordham12-6",2025-12-06,"nc","Holy Cross","Fordham","Pat","A10","A","W","70-69",0.118107022625567,0.520630114053518,0.789142831518436,0.775076087478428,0.224923912521572,40.4,"played",NA,NA,NA,226,"Q3"
"3231",3231,"Houston ChristianNew Orleans12-6",2025-12-06,"conf","Houston Christian","New Orleans","Slnd","Slnd","A","W","85-76",0.166904500846973,0.48536423289852,0.789142831518436,0.798722038499175,0.201277961500825,72.7,"played",NA,NA,NA,231,"Q3"
"3232",3232,"Houston ChristianNew Orleans12-6",2025-12-06,"conf","New Orleans","Houston Christian","Slnd","Slnd","H","L","76-85",0.48536423289852,0.166904500846973,0.87694452176131,0.972656041762217,-0.972656041762217,6.6,"played",NA,NA,NA,297,"Q4"
"3233",3233,"IdahoSouth Dakota St.12-6",2025-12-06,"nc","Idaho","South Dakota St.","BSky","Sum","A","W","84-81",0.431116462873849,0.53567472683946,0.789142831518436,0.764376370522328,0.235623629477672,56.3,"played",NA,NA,NA,180,"Q3"
"3234",3234,"IdahoSouth Dakota St.12-6",2025-12-06,"nc","South Dakota St.","Idaho","Sum","BSky","H","L","81-84",0.53567472683946,0.431116462873849,0.87694452176131,0.903880582257921,-0.903880582257921,40.4,"played",NA,NA,NA,158,"Q3"
"3235",3235,"IllinoisTennessee12-6",2025-12-06,"nc","Illinois","Tennessee","B10","SEC","N","W","75-62",0.9592102609895,0.933763782452285,0.837778001870703,0.268114746780033,0.731885253219967,98.4,"played",NA,NA,NA,26,"Q1"
"3236",3236,"IllinoisTennessee12-6",2025-12-06,"nc","Tennessee","Illinois","SEC","B10","N","L","62-75",0.933763782452285,0.9592102609895,0.837778001870703,0.180067188210226,-0.180067188210226,84.4,"played",NA,NA,NA,9,"Q1"
"3237",3237,"Incarnate WordNicholls St.12-6",2025-12-06,"conf","Incarnate Word","Nicholls St.","Slnd","Slnd","A","L","67-74",0.261903553465073,0.447990911854504,0.789142831518436,0.821795222623473,-0.821795222623473,23.9,"played",NA,NA,NA,214,"Q3"
"3238",3238,"Incarnate WordNicholls St.12-6",2025-12-06,"conf","Nicholls St.","Incarnate Word","Slnd","Slnd","H","W","74-67",0.447990911854504,0.261903553465073,0.87694452176131,0.95256990795582,0.0474300920441801,47.9,"played",NA,NA,NA,246,"Q4"
"3239",3239,"IndianaLouisville12-6",2025-12-06,"nc","Indiana","Louisville","B10","ACC","N","L","78-87",0.904697973680555,0.946656802749613,0.837778001870703,0.225411767170161,-0.225411767170161,70,"played",NA,NA,NA,15,"Q1"
"3240",3240,"IndianaLouisville12-6",2025-12-06,"nc","Louisville","Indiana","ACC","B10","N","W","87-78",0.946656802749613,0.904697973680555,0.837778001870703,0.352341496898701,0.647658503101299,98.6,"played",NA,NA,NA,38,"Q1"
"3241",3241,"Iowa St.Purdue12-6",2025-12-06,"nc","Iowa St.","Purdue","B12","B10","A","W","81-58",0.932186105100022,0.968858276411217,0.789142831518436,0.107378422298164,0.892621577701836,99.7,"played",NA,NA,NA,5,"Q1"
"3242",3242,"Iowa St.Purdue12-6",2025-12-06,"nc","Purdue","Iowa St.","B10","B12","H","L","58-81",0.968858276411217,0.932186105100022,0.87694452176131,0.341423525966652,-0.341423525966652,52,"played",NA,NA,NA,6,"Q1"
"3243",3243,"JacksonvilleFIU12-6",2025-12-06,"nc","FIU","Jacksonville","CUSA","ASun","H","W","88-65",0.568091309363212,0.161966016954007,0.87694452176131,0.973595990398377,0.0264040096016227,89.1,"played",NA,NA,NA,293,"Q4"
"3244",3244,"JacksonvilleFIU12-6",2025-12-06,"nc","Jacksonville","FIU","ASun","CUSA","A","L","65-88",0.161966016954007,0.568091309363212,0.789142831518436,0.739948017865934,-0.739948017865934,3,"played",NA,NA,NA,198,"Q3"
"3245",3245,"Le MoyneBinghamton12-6",2025-12-06,"nc","Binghamton","Le Moyne","AE","NEC","H","L","63-78",0.0832959988038982,0.233859733605385,0.87694452176131,0.958926535914673,-0.958926535914673,2.4,"played",NA,NA,NA,263,"Q4"
"3246",3246,"Le MoyneBinghamton12-6",2025-12-06,"nc","Le Moyne","Binghamton","NEC","AE","A","W","78-63",0.233859733605385,0.0832959988038982,0.789142831518436,0.976296658657706,0.0237033413422945,52.8,"played",NA,NA,NA,362,"Q4"
"3247",3247,"LindenwoodEastern Illinois12-6",2025-12-06,"conf","Eastern Illinois","Lindenwood","OVC","OVC","H","L","74-82",0.254464105144106,0.294360678016868,0.87694452176131,0.944700645022092,-0.944700645022092,21.1,"played",NA,NA,NA,224,"Q4"
"3248",3248,"LindenwoodEastern Illinois12-6",2025-12-06,"conf","Lindenwood","Eastern Illinois","OVC","OVC","A","W","82-74",0.294360678016868,0.254464105144106,0.789142831518436,0.916423012707536,0.0835769872924635,34.8,"played",NA,NA,NA,305,"Q4"
"3249",3249,"LIULehigh12-6",2025-12-06,"nc","Lehigh","LIU","Pat","NEC","H","L","82-87",0.26032083125622,0.325501227881235,0.87694452176131,0.936577409173886,-0.936577409173886,13.9,"played",NA,NA,NA,201,"Q4"
"3250",3250,"LIULehigh12-6",2025-12-06,"nc","LIU","Lehigh","NEC","Pat","A","W","87-82",0.325501227881235,0.26032083125622,0.789142831518436,0.914045954914765,0.0859540450852349,51.4,"played",NA,NA,NA,298,"Q4"
"3251",3251,"LongwoodMorgan St.12-6",2025-12-06,"nc","Longwood","Morgan St.","BSth","MEAC","A","W","84-80",0.192892523448795,0.0769875851717531,0.789142831518436,0.978199161594347,0.0218008384056526,10.5,"played",NA,NA,NA,361,"Q4"
"3252",3252,"LongwoodMorgan St.12-6",2025-12-06,"nc","Morgan St.","Longwood","MEAC","BSth","H","L","80-84",0.0769875851717531,0.192892523448795,0.87694452176131,0.967552055004814,-0.967552055004814,14.5,"played",NA,NA,NA,271,"Q4"
"3253",3253,"MaineMiami OH12-6",2025-12-06,"nc","Maine","Miami OH","AE","MAC","A","L","61-93",0.0653376419463159,0.813854927875804,0.789142831518436,0.461205767573537,-0.461205767573537,4.4,"played",NA,NA,NA,49,"Q1"
"3254",3254,"MaineMiami OH12-6",2025-12-06,"nc","Miami OH","Maine","MAC","AE","H","W","93-61",0.813854927875804,0.0653376419463159,0.87694452176131,0.990285998285382,0.00971400171461845,86.9,"played",NA,NA,NA,343,"Q4"
"3255",3255,"MarquetteWisconsin12-6",2025-12-06,"nc","Marquette","Wisconsin","BE","B10","A","L","76-96",0.526647022481542,0.913235229454143,0.789142831518436,0.262304234633571,-0.262304234633571,46.2,"played",NA,NA,NA,36,"Q1"
"3256",3256,"MarquetteWisconsin12-6",2025-12-06,"nc","Wisconsin","Marquette","B10","BE","H","W","96-76",0.913235229454143,0.526647022481542,0.87694452176131,0.864960820902639,0.135039179097361,93.2,"played",NA,NA,NA,142,"Q3"
"3257",3257,"MarshallOhio12-6",2025-12-06,"nc","Marshall","Ohio","SB","MAC","A","L","81-88",0.405108655210775,0.450162132915252,0.789142831518436,0.820506375236532,-0.820506375236532,20.4,"played",NA,NA,NA,216,"Q3"
"3258",3258,"MarshallOhio12-6",2025-12-06,"nc","Ohio","Marshall","MAC","SB","H","W","88-81",0.450162132915252,0.405108655210775,0.87694452176131,0.912777664866289,0.087222335133711,68.6,"played",NA,NA,NA,138,"Q3"
"3259",3259,"Maryland Eastern ShoreAmerican12-6",2025-12-06,"nc","American","Maryland Eastern Shore","Pat","MEAC","H","W","78-60",0.508095570002426,0.112768939573491,0.87694452176131,0.98247717744524,0.0175228225547599,67.1,"played",NA,NA,NA,325,"Q4"
"3260",3260,"Maryland Eastern ShoreAmerican12-6",2025-12-06,"nc","Maryland Eastern Shore","American","MEAC","Pat","A","L","60-78",0.112768939573491,0.508095570002426,0.789142831518436,0.783703607940069,-0.783703607940069,6,"played",NA,NA,NA,228,"Q3"
"3261",3261,"MarylandIowa12-6",2025-12-06,"conf","Iowa","Maryland","B10","B10","H","W","83-64",0.951016965997977,0.573049543206266,0.87694452176131,0.841509712207793,0.158490287792207,97.5,"played",NA,NA,NA,152,"Q3"
"3262",3262,"MarylandIowa12-6",2025-12-06,"conf","Maryland","Iowa","B10","B10","A","L","64-83",0.573049543206266,0.951016965997977,0.789142831518436,0.161610786773865,-0.161610786773865,39.6,"played",NA,NA,NA,21,"Q1"
"3263",3263,"MississippiSt. John's12-6",2025-12-06,"nc","Mississippi","St. John's","SEC","BE","A","L","58-63",0.654298907124239,0.941505441293299,0.789142831518436,0.188653986484811,-0.188653986484811,76.3,"played",NA,NA,NA,23,"Q1"
"3264",3264,"MississippiSt. John's12-6",2025-12-06,"nc","St. John's","Mississippi","BE","SEC","H","W","63-58",0.941505441293299,0.654298907124239,0.87694452176131,0.790148149620637,0.209851850379363,90.4,"played",NA,NA,NA,87,"Q3"
"3265",3265,"Missouri St.Tulsa12-6",2025-12-06,"nc","Missouri St.","Tulsa","CUSA","Amer","A","L","74-98",0.459710378911034,0.855650066325967,0.789142831518436,0.387020296107445,-0.387020296107445,24.3,"played",NA,NA,NA,47,"Q1"
"3266",3266,"Missouri St.Tulsa12-6",2025-12-06,"nc","Tulsa","Missouri St.","Amer","CUSA","H","W","98-74",0.855650066325967,0.459710378911034,0.87694452176131,0.893339623025375,0.106660376974625,94,"played",NA,NA,NA,191,"Q4"
"3267",3267,"MonmouthGeorgia Tech12-6",2025-12-06,"nc","Georgia Tech","Monmouth","ACC","CAA","H","W","79-67",0.649662104684215,0.318339421823734,0.87694452176131,0.938498639231933,0.0615013607680674,60.3,"played",NA,NA,NA,204,"Q4"
"3268",3268,"MonmouthGeorgia Tech12-6",2025-12-06,"nc","Monmouth","Georgia Tech","CAA","ACC","A","L","67-79",0.318339421823734,0.649662104684215,0.789142831518436,0.668678034087465,-0.668678034087465,36.3,"played",NA,NA,NA,146,"Q3"
"3269",3269,"Montana St.Oral Roberts12-6",2025-12-06,"nc","Montana St.","Oral Roberts","BSky","Sum","A","L","68-72",0.518194021185584,0.246336680636335,0.789142831518436,0.919680424700408,-0.919680424700408,27,"played",NA,NA,NA,317,"Q4"
"3270",3270,"Montana St.Oral Roberts12-6",2025-12-06,"nc","Oral Roberts","Montana St.","Sum","BSky","H","W","72-68",0.246336680636335,0.518194021185584,0.87694452176131,0.868869531125587,0.131130468874413,48.8,"played",NA,NA,NA,134,"Q3"
"3271",3271,"MontanaNorth Dakota12-6",2025-12-06,"nc","Montana","North Dakota","BSky","Sum","A","W","79-75",0.47565609222007,0.343317996272495,0.789142831518436,0.877429380407867,0.122570619592133,39.2,"played",NA,NA,NA,282,"Q4"
"3272",3272,"MontanaNorth Dakota12-6",2025-12-06,"nc","North Dakota","Montana","Sum","BSky","H","L","75-79",0.343317996272495,0.47565609222007,0.87694452176131,0.887080556167823,-0.887080556167823,42.4,"played",NA,NA,NA,163,"Q4"
"3273",3273,"Morehead St.Presbyterian12-6",2025-12-06,"nc","Morehead St.","Presbyterian","OVC","BSth","A","L","72-80",0.163264947729151,0.33833969804482,0.789142831518436,0.879792664762907,-0.879792664762907,16.9,"played",NA,NA,NA,258,"Q4"
"3274",3274,"Morehead St.Presbyterian12-6",2025-12-06,"nc","Presbyterian","Morehead St.","BSth","OVC","H","W","80-72",0.33833969804482,0.163264947729151,0.87694452176131,0.973349662894276,0.0266503371057238,32.9,"played",NA,NA,NA,286,"Q4"
"3275",3275,"Nebraska OmahaPortland St.12-6",2025-12-06,"nc","Nebraska Omaha","Portland St.","Sum","BSky","A","W","60-55",0.245482919288472,0.588461091868302,0.789142831518436,0.723553887104282,0.276446112895718,74.4,"played",NA,NA,NA,137,"Q3"
"3276",3276,"Nebraska OmahaPortland St.12-6",2025-12-06,"nc","Portland St.","Nebraska Omaha","BSky","Sum","H","L","55-60",0.588461091868302,0.245482919288472,0.87694452176131,0.956339074498325,-0.956339074498325,13.8,"played",NA,NA,NA,281,"Q4"
"3277",3277,"New HavenBoston College12-6",2025-12-06,"nc","Boston College","New Haven","ACC","NEC","H","W","67-63",0.611273164360049,0.109352159726003,0.87694452176131,0.983063190078944,0.0169368099210561,12,"played",NA,NA,NA,326,"Q4"
"3278",3278,"New HavenBoston College12-6",2025-12-06,"nc","New Haven","Boston College","NEC","ACC","A","L","63-67",0.109352159726003,0.611273164360049,0.789142831518436,0.704141763062635,-0.704141763062635,58.7,"played",NA,NA,NA,157,"Q3"
"3279",3279,"New Mexico St.Abilene Christian12-6",2025-12-06,"nc","Abilene Christian","New Mexico St.","WAC","CUSA","H","W","77-69",0.395357780875213,0.516577137332239,0.87694452176131,0.869605543564459,0.130394456435541,79.4,"played",NA,NA,NA,140,"Q3"
"3280",3280,"New Mexico St.Abilene Christian12-6",2025-12-06,"nc","New Mexico St.","Abilene Christian","CUSA","WAC","A","L","69-77",0.516577137332239,0.395357780875213,0.789142831518436,0.851271945390759,-0.851271945390759,15.4,"played",NA,NA,NA,241,"Q4"
"3281",3281,"Norfolk St.James Madison12-6",2025-12-06,"nc","James Madison","Norfolk St.","SB","MEAC","H","W","68-67",0.385748212158963,0.12516166540671,0.87694452176131,0.980319327860556,0.019680672139444,23.4,"played",NA,NA,NA,303,"Q4"
"3282",3282,"Norfolk St.James Madison12-6",2025-12-06,"nc","Norfolk St.","James Madison","MEAC","SB","A","L","67-68",0.12516166540671,0.385748212158963,0.789142831518436,0.85631149644305,-0.85631149644305,22.7,"played",NA,NA,NA,244,"Q4"
"3283",3283,"North Carolina A&TNorth Carolina Central12-6",2025-12-06,"nc","North Carolina A&T","North Carolina Central","CAA","MEAC","A","W","69-54",0.167266946360123,0.146611416892688,0.789142831518436,0.956110386825677,0.0438896131743233,34.3,"played",NA,NA,NA,344,"Q4"
"3284",3284,"North Carolina A&TNorth Carolina Central12-6",2025-12-06,"nc","North Carolina Central","North Carolina A&T","MEAC","CAA","H","L","54-69",0.146611416892688,0.167266946360123,0.87694452176131,0.97258668982768,-0.97258668982768,6.2,"played",NA,NA,NA,270,"Q4"
"3285",3285,"Northern ArizonaNorth Dakota St.12-6",2025-12-06,"nc","North Dakota St.","Northern Arizona","Sum","BSky","H","W","69-68",0.678074728815918,0.144289047802944,0.87694452176131,0.976885797919125,0.0231142020808752,18.6,"played",NA,NA,NA,318,"Q4"
"3286",3286,"Northern ArizonaNorth Dakota St.12-6",2025-12-06,"nc","Northern Arizona","North Dakota St.","BSky","Sum","A","L","68-69",0.144289047802944,0.678074728815918,0.789142831518436,0.639876531050688,-0.639876531050688,60.8,"played",NA,NA,NA,132,"Q2"
"3287",3287,"Northern IllinoisBradley12-6",2025-12-06,"nc","Bradley","Northern Illinois","MVC","MAC","H","W","84-55",0.630393603174275,0.136539414444762,0.87694452176131,0.978292340323179,0.0217076596768214,87.2,"played",NA,NA,NA,312,"Q4"
"3288",3288,"Northern IllinoisBradley12-6",2025-12-06,"nc","Northern Illinois","Bradley","MAC","MVC","A","L","55-84",0.136539414444762,0.630393603174275,0.789142831518436,0.686941833214128,-0.686941833214128,3.8,"played",NA,NA,NA,124,"Q2"
"3289",3289,"Northern KentuckyPurdue Fort Wayne12-6",2025-12-06,"conf","Northern Kentucky","Purdue Fort Wayne","Horz","Horz","A","L","77-79",0.406379079596688,0.440919826703015,0.789142831518436,0.825950654976162,-0.825950654976162,44.2,"played",NA,NA,NA,210,"Q3"
"3290",3290,"Northern KentuckyPurdue Fort Wayne12-6",2025-12-06,"conf","Purdue Fort Wayne","Northern Kentucky","Horz","Horz","H","W","79-77",0.440919826703015,0.406379079596688,0.87694452176131,0.91235726676444,0.0876427332355595,40.5,"played",NA,NA,NA,177,"Q4"
"3291",3291,"Ohio St.Northwestern12-6",2025-12-06,"conf","Northwestern","Ohio St.","B10","B10","H","L","82-86",0.848307220201776,0.817900794713915,0.87694452176131,0.613398179056679,-0.613398179056679,77.6,"played",NA,NA,NA,35,"Q2"
"3292",3292,"Ohio St.Northwestern12-6",2025-12-06,"conf","Ohio St.","Northwestern","B10","B10","A","W","86-82",0.817900794713915,0.848307220201776,0.789142831518436,0.400923368847485,0.599076631152515,87.9,"played",NA,NA,NA,69,"Q1"
"3293",3293,"Old DominionRichmond12-6",2025-12-06,"nc","Old Dominion","Richmond","SB","A10","A","L","77-86",0.270343466440864,0.660447080764919,0.789142831518436,0.658019120873694,-0.658019120873694,40.7,"played",NA,NA,NA,126,"Q2"
"3294",3294,"Old DominionRichmond12-6",2025-12-06,"nc","Richmond","Old Dominion","A10","SB","H","W","86-77",0.660447080764919,0.270343466440864,0.87694452176131,0.950578683851748,0.0494213161482524,51.3,"played",NA,NA,NA,250,"Q4"
"3295",3295,"OregonUCLA12-6",2025-12-06,"conf","Oregon","UCLA","B10","B10","A","L","63-74",0.695409733355037,0.883383237146971,0.789142831518436,0.330682521038581,-0.330682521038581,49.9,"played",NA,NA,NA,40,"Q1"
"3296",3296,"OregonUCLA12-6",2025-12-06,"conf","UCLA","Oregon","B10","B10","H","W","74-63",0.883383237146971,0.695409733355037,0.87694452176131,0.757362731797896,0.242637268202104,94.6,"played",NA,NA,NA,104,"Q3"
"3297",3297,"PacificCalifornia12-6",2025-12-06,"nc","California","Pacific","ACC","WCC","H","W","67-61",0.828977030903702,0.522643024911776,0.87694452176131,0.866825148339616,0.133174851660384,88.4,"played",NA,NA,NA,110,"Q3"
"3298",3298,"PacificCalifornia12-6",2025-12-06,"nc","Pacific","California","WCC","ACC","A","L","61-67",0.522643024911776,0.828977030903702,0.789142831518436,0.435700951290163,-0.435700951290163,41.1,"played",NA,NA,NA,60,"Q1"
"3299",3299,"PennVillanova12-6",2025-12-06,"nc","Penn","Villanova","Ivy","BE","N","L","63-90",0.474374101953071,0.885126507728777,0.837778001870703,0.401285495716006,-0.401285495716006,22.4,"played",NA,NA,NA,33,"Q1"
"3300",3300,"PennVillanova12-6",2025-12-06,"nc","Villanova","Penn","BE","Ivy","N","W","90-63",0.885126507728777,0.474374101953071,0.837778001870703,0.851242664095033,0.148757335904967,96,"played",NA,NA,NA,178,"Q3"
"3301",3301,"PrincetonLoyola Chicago12-6",2025-12-06,"nc","Loyola Chicago","Princeton","A10","Ivy","H","W","73-68",0.28923647413666,0.302269000525834,0.87694452176131,0.942693369093223,0.0573066309067766,37.5,"played",NA,NA,NA,239,"Q4"
"3302",3302,"PrincetonLoyola Chicago12-6",2025-12-06,"nc","Princeton","Loyola Chicago","Ivy","A10","A","L","68-73",0.302269000525834,0.28923647413666,0.789142831518436,0.901930542270354,-0.901930542270354,22.7,"played",NA,NA,NA,315,"Q4"
"3303",3303,"Rhode IslandProvidence12-6",2025-12-06,"nc","Providence","Rhode Island","BE","A10","H","W","90-71",0.803485279294478,0.501095551708488,0.87694452176131,0.876470842985361,0.123529157014639,84,"played",NA,NA,NA,133,"Q3"
"3304",3304,"Rhode IslandProvidence12-6",2025-12-06,"nc","Rhode Island","Providence","A10","BE","A","L","71-90",0.501095551708488,0.803485279294478,0.789142831518436,0.477900616033965,-0.477900616033965,43.9,"played",NA,NA,NA,89,"Q2"
"3305",3305,"Robert MorrisMilwaukee12-6",2025-12-06,"conf","Milwaukee","Robert Morris","Horz","Horz","H","W","74-72",0.384994055716157,0.360345110834765,0.87694452176131,0.926741135334995,0.0732588646650051,38.1,"played",NA,NA,NA,186,"Q4"
"3306",3306,"Robert MorrisMilwaukee12-6",2025-12-06,"conf","Robert Morris","Milwaukee","Horz","Horz","A","L","72-74",0.360345110834765,0.384994055716157,0.789142831518436,0.856702814984429,-0.856702814984429,36.4,"played",NA,NA,NA,233,"Q3"
"3307",3307,"RutgersMichigan12-6",2025-12-06,"conf","Michigan","Rutgers","B10","B10","H","W","101-60",0.98755383780862,0.434313559219032,0.87694452176131,0.902743058079771,0.0972569419202294,99.1,"played",NA,NA,NA,153,"Q3"
"3308",3308,"RutgersMichigan12-6",2025-12-06,"conf","Rutgers","Michigan","B10","B10","A","L","60-101",0.434313559219032,0.98755383780862,0.789142831518436,0.0450428444038855,-0.0450428444038855,36.2,"played",NA,NA,NA,1,"Q1"
"3309",3309,"Saint Joseph'sTemple12-6",2025-12-06,"nc","Saint Joseph's","Temple","A10","Amer","N","W","70-69",0.52159597974988,0.562336936676978,0.837778001870703,0.800773464724957,0.199226535275043,65,"played",NA,NA,NA,154,"Q3"
"3310",3310,"Saint Joseph'sTemple12-6",2025-12-06,"nc","Temple","Saint Joseph's","Amer","A10","N","L","69-70",0.562336936676978,0.52159597974988,0.837778001870703,0.825685051923204,-0.825685051923204,43,"played",NA,NA,NA,192,"Q3"
"3311",3311,"Sam Houston St.Texas Southern12-6",2025-12-06,"nc","Sam Houston St.","Texas Southern","CUSA","SWAC","A","W","82-70",0.562519903891757,0.218447040616154,0.789142831518436,0.930507135168519,0.0694928648314806,56.7,"played",NA,NA,NA,348,"Q4"
"3312",3312,"Sam Houston St.Texas Southern12-6",2025-12-06,"nc","Texas Southern","Sam Houston St.","SWAC","CUSA","H","L","70-82",0.218447040616154,0.562519903891757,0.87694452176131,0.847149015990964,-0.847149015990964,21.5,"played",NA,NA,NA,105,"Q3"
"3313",3313,"Santa ClaraNew Mexico12-6",2025-12-06,"nc","New Mexico","Santa Clara","MWC","WCC","H","W","98-71",0.889177912187195,0.832662968850565,0.87694452176131,0.588844197277155,0.411155802722845,98.6,"played",NA,NA,NA,44,"Q2"
"3314",3314,"Santa ClaraNew Mexico12-6",2025-12-06,"nc","Santa Clara","New Mexico","WCC","MWC","A","L","71-98",0.832662968850565,0.889177912187195,0.789142831518436,0.318080985198017,-0.318080985198017,35.9,"played",NA,NA,NA,42,"Q1"
"3315",3315,"Seton HallKansas St.12-6",2025-12-06,"nc","Kansas St.","Seton Hall","B12","BE","H","L","67-78",0.787642451679584,0.784391079417502,0.87694452176131,0.662032950990562,-0.662032950990562,37.4,"played",NA,NA,NA,45,"Q2"
"3316",3316,"Seton HallKansas St.12-6",2025-12-06,"nc","Seton Hall","Kansas St.","BE","B12","A","W","78-67",0.784391079417502,0.787642451679584,0.789142831518436,0.502248363029673,0.497751636970327,95.8,"played",NA,NA,NA,82,"Q2"
"3317",3317,"South DakotaNorthern Colorado12-6",2025-12-06,"nc","Northern Colorado","South Dakota","BSky","Sum","H","W","89-87",0.60052552003834,0.214647067407385,0.87694452176131,0.963064474227078,0.036935525772922,29.9,"played",NA,NA,NA,272,"Q4"
"3318",3318,"South DakotaNorthern Colorado12-6",2025-12-06,"nc","South Dakota","Northern Colorado","Sum","BSky","A","L","87-89",0.214647067407385,0.60052552003834,0.789142831518436,0.713431964782188,-0.713431964782188,49.1,"played",NA,NA,NA,164,"Q3"
"3319",3319,"Southeast Missouri St.Chattanooga12-6",2025-12-06,"nc","Chattanooga","Southeast Missouri St.","SC","OVC","H","L","70-74",0.31417384513742,0.215113414869716,0.87694452176131,0.962966020309848,-0.962966020309848,18,"played",NA,NA,NA,242,"Q4"
"3320",3320,"Southeast Missouri St.Chattanooga12-6",2025-12-06,"nc","Southeast Missouri St.","Chattanooga","OVC","SC","A","W","74-70",0.215113414869716,0.31417384513742,0.789142831518436,0.890946330891946,0.109053669108054,36.4,"played",NA,NA,NA,280,"Q4"
"3321",3321,"Southern MissMiami FL12-6",2025-12-06,"nc","Miami FL","Southern Miss","ACC","SB","H","W","88-64",0.882624997146115,0.288887976904287,0.87694452176131,0.946068457441536,0.0539315425584639,75.2,"played",NA,NA,NA,236,"Q4"
"3322",3322,"Southern MissMiami FL12-6",2025-12-06,"nc","Southern Miss","Miami FL","SB","ACC","A","L","64-88",0.288887976904287,0.882624997146115,0.789142831518436,0.332309029138053,-0.332309029138053,50.1,"played",NA,NA,NA,37,"Q1"
"3323",3323,"Southern UtahOregon St.12-6",2025-12-06,"nc","Oregon St.","Southern Utah","WCC","WAC","H","W","81-70",0.48746862199899,0.206808186371712,0.87694452176131,0.964705025156547,0.0352949748434535,72,"played",NA,NA,NA,294,"Q4"
"3324",3324,"Southern UtahOregon St.12-6",2025-12-06,"nc","Southern Utah","Oregon St.","WAC","WCC","A","L","70-81",0.206808186371712,0.48746862199899,0.789142831518436,0.797364378973173,-0.797364378973173,8.8,"played",NA,NA,NA,213,"Q3"
"3325",3325,"St. BonaventureBuffalo12-6",2025-12-06,"nc","Buffalo","St. Bonaventure","MAC","A10","H","L","69-77",0.546556873185776,0.42887918075561,0.87694452176131,0.904670714557104,-0.904670714557104,14.2,"played",NA,NA,NA,144,"Q3"
"3326",3326,"St. BonaventureBuffalo12-6",2025-12-06,"nc","St. Bonaventure","Buffalo","A10","MAC","A","W","77-69",0.42887918075561,0.546556873185776,0.789142831518436,0.756391714958197,0.243608285041803,84.6,"played",NA,NA,NA,165,"Q3"
"3327",3327,"StetsonSouth Carolina12-6",2025-12-06,"nc","South Carolina","Stetson","SEC","ASun","H","W","82-51",0.817726977948728,0.131178587745499,0.87694452176131,0.979252959192397,0.020747040807603,89.9,"played",NA,NA,NA,327,"Q4"
"3328",3328,"StetsonSouth Carolina12-6",2025-12-06,"nc","Stetson","South Carolina","ASun","SEC","A","L","51-82",0.131178587745499,0.817726977948728,0.789142831518436,0.454809537531623,-0.454809537531623,7.1,"played",NA,NA,NA,85,"Q2"
"3329",3329,"Stony BrookDuquesne12-6",2025-12-06,"nc","Duquesne","Stony Brook","A10","CAA","H","W","84-75",0.664548733997581,0.309545341676412,0.87694452176131,0.940813650809901,0.0591863491900992,69,"played",NA,NA,NA,234,"Q4"
"3330",3330,"Stony BrookDuquesne12-6",2025-12-06,"nc","Stony Brook","Duquesne","CAA","A10","A","L","75-84",0.309545341676412,0.664548733997581,0.789142831518436,0.653879211488026,-0.653879211488026,28.6,"played",NA,NA,NA,155,"Q3"
"3331",3331,"Tennessee TechWest Georgia12-6",2025-12-06,"nc","Tennessee Tech","West Georgia","OVC","ASun","A","W","87-59",0.08709095231161,0.213011210585839,0.789142831518436,0.932556250535378,0.0674437494646216,82.1,"played",NA,NA,NA,322,"Q4"
"3332",3332,"Tennessee TechWest Georgia12-6",2025-12-06,"nc","West Georgia","Tennessee Tech","ASun","OVC","H","L","59-87",0.213011210585839,0.08709095231161,0.87694452176131,0.986790111553305,-0.986790111553305,0.6,"played",NA,NA,NA,331,"Q4"
"3333",3333,"Texas A&M Corpus ChrisLamar12-6",2025-12-06,"conf","Lamar","Texas A&M Corpus Chris","Slnd","Slnd","H","L","49-57",0.437571853477538,0.415344559057257,0.87694452176131,0.909349881209777,-0.909349881209777,22.8,"played",NA,NA,NA,181,"Q4"
"3334",3334,"Texas A&M Corpus ChrisLamar12-6",2025-12-06,"conf","Texas A&M Corpus Chris","Lamar","Slnd","Slnd","A","W","57-49",0.415344559057257,0.437571853477538,0.789142831518436,0.827896030713947,0.172103969286053,65.2,"played",NA,NA,NA,220,"Q3"
"3335",3335,"ToledoOakland12-6",2025-12-06,"nc","Oakland","Toledo","Horz","MAC","H","W","98-97",0.639939911872445,0.405578446649967,0.87694452176131,0.912622369732399,0.0873776302676009,40.5,"played",NA,NA,NA,169,"Q4"
"3336",3336,"ToledoOakland12-6",2025-12-06,"nc","Toledo","Oakland","MAC","Horz","A","L","97-98",0.405578446649967,0.639939911872445,0.789142831518436,0.678014683260013,-0.678014683260013,64,"played",NA,NA,NA,135,"Q2"
"3337",3337,"UC RiversideCal Poly12-6",2025-12-06,"conf","Cal Poly","UC Riverside","BW","BW","H","L","84-88",0.356782664805302,0.201552689174799,0.87694452176131,0.965789939307561,-0.965789939307561,8.2,"played",NA,NA,NA,283,"Q4"
"3338",3338,"UC RiversideCal Poly12-6",2025-12-06,"conf","UC Riverside","Cal Poly","BW","BW","A","W","88-84",0.201552689174799,0.356782664805302,0.789142831518436,0.870920500600285,0.129079499399715,61,"played",NA,NA,NA,257,"Q4"
"3339",3339,"UC San DiegoLong Beach St.12-6",2025-12-06,"conf","Long Beach St.","UC San Diego","BW","BW","H","L","74-80",0.420920977464503,0.591942410772934,0.87694452176131,0.830870239432055,-0.830870239432055,35.5,"played",NA,NA,NA,98,"Q3"
"3340",3340,"UC San DiegoLong Beach St.12-6",2025-12-06,"conf","UC San Diego","Long Beach St.","BW","BW","A","W","80-74",0.591942410772934,0.420920977464503,0.789142831518436,0.837366165744844,0.162633834255156,65.7,"played",NA,NA,NA,240,"Q3"
"3341",3341,"UMass LowellMassachusetts12-6",2025-12-06,"nc","Massachusetts","UMass Lowell","MAC","AE","H","W","80-60",0.572880082018046,0.165007692678497,0.87694452176131,0.973018164018987,0.0269818359810133,70.3,"played",NA,NA,NA,319,"Q4"
"3342",3342,"UMass LowellMassachusetts12-6",2025-12-06,"nc","UMass Lowell","Massachusetts","AE","MAC","A","L","60-80",0.165007692678497,0.572880082018046,0.789142831518436,0.736169735795053,-0.736169735795053,10.1,"played",NA,NA,NA,195,"Q3"
"3343",3343,"UMBCBucknell12-6",2025-12-06,"nc","Bucknell","UMBC","Pat","AE","H","L","66-73",0.217206619977822,0.209748829553563,0.87694452176131,0.96409275773184,-0.96409275773184,13,"played",NA,NA,NA,274,"Q4"
"3344",3344,"UMBCBucknell12-6",2025-12-06,"nc","UMBC","Bucknell","AE","Pat","A","W","73-66",0.209748829553563,0.217206619977822,0.789142831518436,0.930976439518599,0.0690235604814007,33.1,"played",NA,NA,NA,333,"Q4"
"3345",3345,"UMKCEastern Washington12-6",2025-12-06,"nc","Eastern Washington","UMKC","BSky","Sum","H","W","90-66",0.461978641835474,0.0841485058607757,0.87694452176131,0.987271223453189,0.0127287765468107,74.3,"played",NA,NA,NA,346,"Q4"
"3346",3346,"UMKCEastern Washington12-6",2025-12-06,"nc","UMKC","Eastern Washington","Sum","BSky","A","L","66-90",0.0841485058607757,0.461978641835474,0.789142831518436,0.81338334131993,-0.81338334131993,2.7,"played",NA,NA,NA,254,"Q4"
"3347",3347,"UNC AshevilleN.C. State12-6",2025-12-06,"nc","N.C. State","UNC Asheville","ACC","BSth","H","W","75-63",0.928506150979041,0.274453641199316,0.87694452176131,0.949595279565646,0.0504047204343535,60.2,"played",NA,NA,NA,232,"Q4"
"3348",3348,"UNC AshevilleN.C. State12-6",2025-12-06,"nc","UNC Asheville","N.C. State","BSth","ACC","A","L","63-75",0.274453641199316,0.928506150979041,0.789142831518436,0.223705894573487,-0.223705894573487,76.5,"played",NA,NA,NA,29,"Q1"
"3349",3349,"UNC GreensboroEast Carolina12-6",2025-12-06,"nc","East Carolina","UNC Greensboro","Amer","SC","H","L","78-82",0.262679066039086,0.170845743130604,0.87694452176131,0.971899187342243,-0.971899187342243,10.8,"played",NA,NA,NA,295,"Q4"
"3350",3350,"UNC GreensboroEast Carolina12-6",2025-12-06,"nc","UNC Greensboro","East Carolina","SC","Amer","A","W","82-78",0.170845743130604,0.262679066039086,0.789142831518436,0.913081687465795,0.0869183125342055,37.6,"played",NA,NA,NA,299,"Q4"
"3351",3351,"UNC WilmingtonLouisiana12-6",2025-12-06,"nc","Louisiana","UNC Wilmington","SB","CAA","H","L","63-70",0.233108569263396,0.45266192968586,0.87694452176131,0.896016774005065,-0.896016774005065,23.8,"played",NA,NA,NA,109,"Q3"
"3352",3352,"UNC WilmingtonLouisiana12-6",2025-12-06,"nc","UNC Wilmington","Louisiana","CAA","SB","A","W","70-63",0.45266192968586,0.233108569263396,0.789142831518436,0.924882092909863,0.0751179070901371,44.6,"played",NA,NA,NA,334,"Q4"
"3353",3353,"Utah ValleyBowling Green12-6",2025-12-06,"nc","Bowling Green","Utah Valley","MAC","WAC","H","L","71-82",0.717673284740088,0.65875856803625,0.87694452176131,0.786850012957824,-0.786850012957824,23.4,"played",NA,NA,NA,96,"Q3"
"3354",3354,"Utah ValleyBowling Green12-6",2025-12-06,"nc","Utah Valley","Bowling Green","WAC","MAC","A","W","82-71",0.65875856803625,0.717673284740088,0.789142831518436,0.595516196130015,0.404483803869985,94.1,"played",NA,NA,NA,101,"Q2"
"3355",3355,"VermontPepperdine12-6",2025-12-06,"nc","Pepperdine","Vermont","WCC","AE","H","L","56-65",0.346226240798316,0.297392585715157,0.87694452176131,0.943935425917984,-0.943935425917984,15.3,"played",NA,NA,NA,207,"Q4"
"3356",3356,"VermontPepperdine12-6",2025-12-06,"nc","Vermont","Pepperdine","AE","WCC","A","W","65-56",0.297392585715157,0.346226240798316,0.789142831518436,0.876038094973127,0.123961905026873,55.3,"played",NA,NA,NA,267,"Q4"
"3357",3357,"Wake ForestWest Virginia12-6",2025-12-06,"nc","Wake Forest","West Virginia","ACC","B12","N","W","75-66",0.779875656096264,0.830601331485169,0.837778001870703,0.512970185381226,0.487029814618774,95.6,"played",NA,NA,NA,59,"Q2"
"3358",3358,"Wake ForestWest Virginia12-6",2025-12-06,"nc","West Virginia","Wake Forest","B12","ACC","N","L","66-75",0.830601331485169,0.779875656096264,0.837778001870703,0.593112048675545,-0.593112048675545,44.3,"played",NA,NA,NA,67,"Q2"
"3359",3359,"WashingtonUSC12-6",2025-12-06,"conf","USC","Washington","B10","B10","H","L","76-84",0.850928400566256,0.749226742667862,0.87694452176131,0.704603340179548,-0.704603340179548,74.9,"played",NA,NA,NA,62,"Q2"
"3360",3360,"WashingtonUSC12-6",2025-12-06,"conf","Washington","USC","B10","B10","A","W","84-76",0.749226742667862,0.850928400566256,0.789142831518436,0.396005997866024,0.603994002133976,85.1,"played",NA,NA,NA,56,"Q1"
"3361",3361,"Western CarolinaUSC Upstate12-6",2025-12-06,"nc","USC Upstate","Western Carolina","BSth","SC","H","W","78-67",0.283031250289585,0.189337564487005,0.87694452176131,0.968266322969144,0.0317336770308555,48.1,"played",NA,NA,NA,289,"Q4"
"3362",3362,"Western CarolinaUSC Upstate12-6",2025-12-06,"nc","Western Carolina","USC Upstate","SC","BSth","A","L","67-78",0.189337564487005,0.283031250289585,0.789142831518436,0.904585070554709,-0.904585070554709,9,"played",NA,NA,NA,285,"Q4"
"3363",3363,"Western MichiganSIU Edwardsville12-6",2025-12-06,"nc","SIU Edwardsville","Western Michigan","OVC","MAC","H","L","73-83",0.352740157956621,0.256976620663072,0.87694452176131,0.953715171476899,-0.953715171476899,6.2,"played",NA,NA,NA,256,"Q4"
"3364",3364,"Western MichiganSIU Edwardsville12-6",2025-12-06,"nc","Western Michigan","SIU Edwardsville","MAC","OVC","A","W","83-73",0.256976620663072,0.352740157956621,0.789142831518436,0.872892862348331,0.127107137651669,74,"played",NA,NA,NA,255,"Q4"
"3365",3365,"Wichita St.Northern Iowa12-6",2025-12-06,"nc","Northern Iowa","Wichita St.","MVC","Amer","H","L","69-74",0.757436564872932,0.597783953153128,0.87694452176131,0.82743668853645,-0.82743668853645,42.4,"played",NA,NA,NA,95,"Q3"
"3366",3366,"Wichita St.Northern Iowa12-6",2025-12-06,"nc","Wichita St.","Northern Iowa","Amer","MVC","A","W","74-69",0.597783953153128,0.757436564872932,0.789142831518436,0.545149141228804,0.454850858771196,86.3,"played",NA,NA,NA,102,"Q2"
"3367",3367,"William & MaryGeorge Washington12-6",2025-12-06,"nc","George Washington","William & Mary","A10","CAA","H","W","99-86",0.805846857394486,0.532570409595156,0.87694452176131,0.862159378953457,0.137840621046543,76.8,"played",NA,NA,NA,108,"Q3"
"3368",3368,"William & MaryGeorge Washington12-6",2025-12-06,"nc","William & Mary","George Washington","CAA","A10","A","L","86-99",0.532570409595156,0.805846857394486,0.789142831518436,0.474153029460988,-0.474153029460988,58.8,"played",NA,NA,NA,75,"Q1"
"3369",3369,"Youngstown St.IU Indy12-6",2025-12-06,"conf","IU Indy","Youngstown St.","Horz","Horz","H","L","55-78",0.293111925980727,0.38787784894262,0.87694452176131,0.918343480785251,-0.918343480785251,1.6,"played",NA,NA,NA,221,"Q4"
"3370",3370,"Youngstown St.IU Indy12-6",2025-12-06,"conf","Youngstown St.","IU Indy","Horz","Horz","A","W","78-55",0.38787784894262,0.293111925980727,0.789142831518436,0.900257068363485,0.0997429316365148,94.2,"played",NA,NA,NA,310,"Q4"
"3371",3371,"Ind.-EastEastern Kentucky12-6",2025-12-06,"nond1","Eastern Kentucky","Ind.-East","ASun",NA,"H","W","67-122",NA,NA,NA,NA,0,NA,"played",NA,NA,NA,NA,NA
"3372",3372,"Champion Chris.Prairie View A&M12-6",2025-12-06,"nond1","Prairie View A&M","Champion Chris.","SWAC",NA,"H","W","62-124",NA,NA,NA,NA,0,NA,"played",NA,NA,NA,NA,NA
"3373",3373,"Hannibal-La GrangeWestern Illinois12-6",2025-12-06,"nond1","Western Illinois","Hannibal-La Grange","OVC",NA,"H","W","47-78",NA,NA,NA,NA,0,NA,"played",NA,NA,NA,NA,NA
"3374",3374,"ElmsBrown12-6",2025-12-06,"nond1","Brown","Elms","Ivy",NA,"H","W","34-115",NA,NA,NA,NA,0,NA,"played",NA,NA,NA,NA,NA
"3375",3375,"Roberts WesleyanKent St.12-6",2025-12-06,"nond1","Kent St.","Roberts Wesleyan","MAC",NA,"H","W","68-111",NA,NA,NA,NA,0,NA,"played",NA,NA,NA,NA,NA
"3376",3376,"St. John FisherColgate12-6",2025-12-06,"nond1","Colgate","St. John Fisher","Pat",NA,"H","W","50-94",NA,NA,NA,NA,0,NA,"played",NA,NA,NA,NA,NA
"3377",3377,"Bry. & Strat. (Alb.)Wagner12-6",2025-12-06,"nond1","Wagner","Bry. & Strat. (Alb.)","NEC",NA,"H","W","36-92",NA,NA,NA,NA,0,NA,"played",NA,NA,NA,NA,NA
"3378",3378,"Calumet Col.Valparaiso12-6",2025-12-06,"nond1","Valparaiso","Calumet Col.","MVC",NA,"H","W","58-98",NA,NA,NA,NA,0,NA,"played",NA,NA,NA,NA,NA
"3379",3379,"LaGrangeTroy12-6",2025-12-06,"nond1","Troy","LaGrange","SB",NA,"H","W","47-101",NA,NA,NA,NA,0,NA,"played",NA,NA,NA,NA,NA
"3380",3380,"Bowie St.Howard12-6",2025-12-06,"nond1","Howard","Bowie St.","MEAC",NA,"H","W","69-85",NA,NA,NA,NA,0,NA,"played",NA,NA,NA,NA,NA
"3381",3381,"Fla. MemorialFlorida A&M12-6",2025-12-06,"nond1","Florida A&M","Fla. Memorial","SWAC",NA,"N","W","58-60",NA,NA,NA,NA,0,NA,"played",NA,NA,NA,NA,NA
"3382",3382,"Air ForceNavy12-7",2025-12-07,"nc","Air Force","Navy","MWC","Pat","A","L","56-61",0.105682919431014,0.465453988539404,0.789142831518436,0.811252761824176,-0.811252761824176,36.4,"played",NA,NA,NA,193,"Q3"
"3383",3383,"Air ForceNavy12-7",2025-12-07,"nc","Navy","Air Force","Pat","MWC","H","W","61-56",0.465453988539404,0.105682919431014,0.87694452176131,0.983688285585496,0.0163117144145042,15.2,"played",NA,NA,NA,336,"Q4"
"3384",3384,"Alabama A&MLipscomb12-7",2025-12-07,"nc","Alabama A&M","Lipscomb","SWAC","ASun","A","L","58-92",0.159091874905061,0.559428391801076,0.789142831518436,0.74666876697657,-0.74666876697657,3.3,"played",NA,NA,NA,160,"Q3"
"3385",3385,"Alabama A&MLipscomb12-7",2025-12-07,"nc","Lipscomb","Alabama A&M","ASun","SWAC","H","W","92-58",0.559428391801076,0.159091874905061,0.87694452176131,0.974138773713817,0.025861226286183,87.4,"played",NA,NA,NA,308,"Q4"
"3386",3386,"Alabama St.Tennessee Martin12-7",2025-12-07,"nc","Alabama St.","Tennessee Martin","SWAC","OVC","A","L","64-74",0.161273195651384,0.371890241689694,0.789142831518436,0.863407239429369,-0.863407239429369,22.9,"played",NA,NA,NA,187,"Q3"
"3387",3387,"Alabama St.Tennessee Martin12-7",2025-12-07,"nc","Tennessee Martin","Alabama St.","OVC","SWAC","H","W","74-64",0.371890241689694,0.161273195651384,0.87694452176131,0.973727114931155,0.026272885068845,27.7,"played",NA,NA,NA,313,"Q4"
"3388",3388,"Austin PeayUT Rio Grande Valley12-7",2025-12-07,"nc","Austin Peay","UT Rio Grande Valley","ASun","Slnd","A","L","50-63",0.467994966707812,0.55726232666861,0.789142831518436,0.748326675227506,-0.748326675227506,27.7,"played",NA,NA,NA,194,"Q3"
"3389",3389,"Austin PeayUT Rio Grande Valley12-7",2025-12-07,"nc","UT Rio Grande Valley","Austin Peay","Slnd","ASun","H","W","63-50",0.55726232666861,0.467994966707812,0.87694452176131,0.890123562109543,0.109876437890457,74.3,"played",NA,NA,NA,149,"Q3"
"3390",3390,"BelmontMiddle Tennessee12-7",2025-12-07,"nc","Belmont","Middle Tennessee","MVC","CUSA","A","W","83-62",0.686175756192134,0.754494348969183,0.789142831518436,0.54910087733936,0.45089912266064,97,"played",NA,NA,NA,111,"Q2"
"3391",3391,"BelmontMiddle Tennessee12-7",2025-12-07,"nc","Middle Tennessee","Belmont","CUSA","MVC","H","L","62-83",0.754494348969183,0.686175756192134,0.87694452176131,0.76521878965505,-0.76521878965505,17.1,"played",NA,NA,NA,64,"Q2"
"3392",3392,"CanisiusSiena12-7",2025-12-07,"conf","Canisius","Siena","MAAC","MAAC","A","L","52-74",0.0962828763969484,0.54942727469335,0.789142831518436,0.75425005854782,-0.75425005854782,2.9,"played",NA,NA,NA,172,"Q3"
"3393",3393,"CanisiusSiena12-7",2025-12-07,"conf","Siena","Canisius","MAAC","MAAC","H","W","74-52",0.54942727469335,0.0962828763969484,0.87694452176131,0.985270070495874,0.0147299295041264,81.1,"played",NA,NA,NA,342,"Q4"
"3394",3394,"Central ArkansasEast Texas A&M12-7",2025-12-07,"nc","Central Arkansas","East Texas A&M","ASun","Slnd","A","L","68-75",0.418552667589624,0.343115860118082,0.789142831518436,0.877525786598482,-0.877525786598482,21.4,"played",NA,NA,NA,277,"Q4"
"3395",3395,"Central ArkansasEast Texas A&M12-7",2025-12-07,"nc","East Texas A&M","Central Arkansas","Slnd","ASun","H","W","75-68",0.343115860118082,0.418552667589624,0.87694452176131,0.908256159397106,0.0917438406028938,58,"played",NA,NA,NA,206,"Q4"
"3396",3396,"Central ConnecticutNortheastern12-7",2025-12-07,"nc","Central Connecticut","Northeastern","NEC","CAA","A","L","56-73",0.185254014996825,0.389208555122323,0.789142831518436,0.854508227313528,-0.854508227313528,2.3,"played",NA,NA,NA,249,"Q4"
"3397",3397,"Central ConnecticutNortheastern12-7",2025-12-07,"nc","Northeastern","Central Connecticut","CAA","NEC","H","W","73-56",0.389208555122323,0.185254014996825,0.87694452176131,0.969080387831991,0.0309196121680093,85.9,"played",NA,NA,NA,247,"Q4"
"3398",3398,"Central MichiganSaint Louis12-7",2025-12-07,"nc","Central Michigan","Saint Louis","MAC","A10","A","L","65-107",0.143586134959525,0.934398970437872,0.789142831518436,0.20807868025584,-0.20807868025584,9.8,"played",NA,NA,NA,22,"Q1"
"3399",3399,"Central MichiganSaint Louis12-7",2025-12-07,"nc","Saint Louis","Central Michigan","A10","MAC","H","W","107-65",0.934398970437872,0.143586134959525,0.87694452176131,0.977014256827904,0.0229857431720957,95.6,"played",NA,NA,NA,329,"Q4"
"3400",3400,"CornellSamford12-7",2025-12-07,"nc","Cornell","Samford","Ivy","SC","A","L","90-93",0.377743777487108,0.283895640638759,0.789142831518436,0.904217121017145,-0.904217121017145,27.6,"played",NA,NA,NA,269,"Q4"
"3401",3401,"CornellSamford12-7",2025-12-07,"nc","Samford","Cornell","SC","Ivy","H","W","93-90",0.283895640638759,0.377743777487108,0.87694452176131,0.921502900364643,0.0784970996353572,38.7,"played",NA,NA,NA,188,"Q4"
"3402",3402,"CreightonNebraska12-7",2025-12-07,"nc","Creighton","Nebraska","BE","B10","A","L","50-71",0.754064342104998,0.960111303481749,0.789142831518436,0.134564422606148,-0.134564422606148,30.7,"played",NA,NA,NA,7,"Q1"
"3403",3403,"CreightonNebraska12-7",2025-12-07,"nc","Nebraska","Creighton","B10","BE","H","W","71-50",0.960111303481749,0.754064342104998,0.87694452176131,0.699180955753172,0.300819044246828,99.4,"played",NA,NA,NA,58,"Q2"
"3404",3404,"FairfieldMerrimack12-7",2025-12-07,"conf","Fairfield","Merrimack","MAAC","MAAC","A","L","63-74",0.22489171654641,0.494941213645724,0.789142831518436,0.792490301797105,-0.792490301797105,8.3,"played",NA,NA,NA,217,"Q3"
"3405",3405,"FairfieldMerrimack12-7",2025-12-07,"conf","Merrimack","Fairfield","MAAC","MAAC","H","W","74-63",0.494941213645724,0.22489171654641,0.87694452176131,0.960879115225298,0.0391208847747024,76,"played",NA,NA,NA,248,"Q4"
"3406",3406,"Florida AtlanticFlorida Gulf Coast12-7",2025-12-07,"nc","Florida Atlantic","Florida Gulf Coast","Amer","ASun","A","W","81-76",0.669116075241684,0.459203789369559,0.789142831518436,0.81507273605116,0.18492726394884,53.1,"played",NA,NA,NA,237,"Q3"
"3407",3407,"Florida AtlanticFlorida Gulf Coast12-7",2025-12-07,"nc","Florida Gulf Coast","Florida Atlantic","ASun","Amer","H","L","76-81",0.459203789369559,0.669116075241684,0.87694452176131,0.778960430736667,-0.778960430736667,60.3,"played",NA,NA,NA,91,"Q3"
"3408",3408,"GeorgetownNorth Carolina12-7",2025-12-07,"nc","Georgetown","North Carolina","BE","ACC","A","L","61-81",0.594254951891872,0.914942599410585,0.789142831518436,0.258118902076419,-0.258118902076419,51.3,"played",NA,NA,NA,27,"Q1"
"3409",3409,"GeorgetownNorth Carolina12-7",2025-12-07,"nc","North Carolina","Georgetown","ACC","BE","H","W","81-61",0.914942599410585,0.594254951891872,0.87694452176131,0.829519401147896,0.170480598852104,93.7,"played",NA,NA,NA,118,"Q3"
"3410",3410,"Green BayWright St.12-7",2025-12-07,"conf","Green Bay","Wright St.","Horz","Horz","A","L","58-86",0.347484853107807,0.717548418206008,0.789142831518436,0.595664611268505,-0.595664611268505,8.5,"played",NA,NA,NA,136,"Q3"
"3411",3411,"Green BayWright St.12-7",2025-12-07,"conf","Wright St.","Green Bay","Horz","Horz","H","W","86-58",0.717548418206008,0.347484853107807,0.87694452176131,0.93046936539492,0.0695306346050797,93.5,"played",NA,NA,NA,230,"Q4"
"3412",3412,"HofstraPittsburgh12-7",2025-12-07,"nc","Hofstra","Pittsburgh","CAA","ACC","A","W","80-73",0.550605304781333,0.730765128903465,0.789142831518436,0.579630896823016,0.420369103176984,91.8,"played",NA,NA,NA,121,"Q2"
"3413",3413,"HofstraPittsburgh12-7",2025-12-07,"nc","Pittsburgh","Hofstra","ACC","CAA","H","L","73-80",0.730765128903465,0.550605304781333,0.87694452176131,0.853296277500354,-0.853296277500354,22.8,"played",NA,NA,NA,106,"Q3"
"3414",3414,"Illinois ChicagoYale12-7",2025-12-07,"nc","Illinois Chicago","Yale","MVC","Ivy","A","L","66-80",0.500741447619587,0.814418788081781,0.789142831518436,0.460279928688857,-0.460279928688857,48.9,"played",NA,NA,NA,61,"Q1"
"3415",3415,"Illinois ChicagoYale12-7",2025-12-07,"nc","Yale","Illinois Chicago","Ivy","MVC","H","W","80-66",0.814418788081781,0.500741447619587,0.87694452176131,0.876624116731868,0.123375883268132,82.1,"played",NA,NA,NA,161,"Q4"
"3416",3416,"IonaSacred Heart12-7",2025-12-07,"conf","Iona","Sacred Heart","MAAC","MAAC","A","W","81-69",0.289732912826144,0.302151169708424,0.789142831518436,0.896306351960381,0.103693648039619,62.6,"played",NA,NA,NA,287,"Q4"
"3417",3417,"IonaSacred Heart12-7",2025-12-07,"conf","Sacred Heart","Iona","MAAC","MAAC","H","L","69-81",0.302151169708424,0.289732912826144,0.87694452176131,0.945858398301721,-0.945858398301721,9.6,"played",NA,NA,NA,218,"Q4"
"3418",3418,"Louisiana MonroeStephen F. Austin12-7",2025-12-07,"nc","Louisiana Monroe","Stephen F. Austin","SB","Slnd","A","L","76-96",0.0612505362259951,0.815047683515057,0.789142831518436,0.459245063096948,-0.459245063096948,28.3,"played",NA,NA,NA,88,"Q2"
"3419",3419,"Louisiana MonroeStephen F. Austin12-7",2025-12-07,"nc","Stephen F. Austin","Louisiana Monroe","Slnd","SB","H","W","96-76",0.815047683515057,0.0612505362259951,0.87694452176131,0.990927418635129,0.0090725813648711,42.2,"played",NA,NA,NA,359,"Q4"
"3420",3420,"LSUTexas Tech12-7",2025-12-07,"nc","LSU","Texas Tech","SEC","B12","N","L","58-82",0.828941697055762,0.936280189362831,0.837778001870703,0.260064783295892,-0.260064783295892,18.3,"played",NA,NA,NA,17,"Q1"
"3421",3421,"LSUTexas Tech12-7",2025-12-07,"nc","Texas Tech","LSU","B12","SEC","N","W","82-58",0.936280189362831,0.828941697055762,0.837778001870703,0.515905137732589,0.484094862267411,99.7,"played",NA,NA,NA,50,"Q1"
"3422",3422,"ManhattanMarist12-7",2025-12-07,"conf","Manhattan","Marist","MAAC","MAAC","A","L","68-80",0.115503480599443,0.603367224365608,0.789142831518436,0.71100112209817,-0.71100112209817,30.8,"played",NA,NA,NA,150,"Q3"
"3423",3423,"ManhattanMarist12-7",2025-12-07,"conf","Marist","Manhattan","MAAC","MAAC","H","W","80-68",0.603367224365608,0.115503480599443,0.87694452176131,0.982005422167543,0.0179945778324567,30.8,"played",NA,NA,NA,330,"Q4"
"3424",3424,"Mississippi St.San Francisco12-7",2025-12-07,"nc","Mississippi St.","San Francisco","SEC","WCC","N","L","62-65",0.707923938247837,0.673005735174101,0.837778001870703,0.715037251321477,-0.715037251321477,41,"played",NA,NA,NA,107,"Q3"
"3425",3425,"Mississippi St.San Francisco12-7",2025-12-07,"nc","San Francisco","Mississippi St.","WCC","SEC","N","W","65-62",0.673005735174101,0.707923938247837,0.837778001870703,0.680585753947928,0.319414246052072,87.8,"played",NA,NA,NA,99,"Q2"
"3426",3426,"MissouriKansas12-7",2025-12-07,"nc","Kansas","Missouri","B12","SEC","H","W","80-60",0.958273819187545,0.730398132959743,0.87694452176131,0.724554054905934,0.275445945094066,97.3,"played",NA,NA,NA,70,"Q2"
"3427",3427,"MissouriKansas12-7",2025-12-07,"nc","Missouri","Kansas","SEC","B12","A","L","60-80",0.730398132959743,0.958273819187545,0.789142831518436,0.140126652159027,-0.140126652159027,62.9,"played",NA,NA,NA,18,"Q1"
"3428",3428,"NevadaWashington St.12-7",2025-12-07,"nc","Nevada","Washington St.","MWC","WCC","A","W","78-64",0.739452783455418,0.640213899600399,0.789142831518436,0.67775499260287,0.32224500739713,89.6,"played",NA,NA,NA,156,"Q3"
"3429",3429,"NevadaWashington St.12-7",2025-12-07,"nc","Washington St.","Nevada","WCC","MWC","H","L","64-78",0.640213899600399,0.739452783455418,0.87694452176131,0.715181068389696,-0.715181068389696,37.1,"played",NA,NA,NA,65,"Q2"
"3430",3430,"NiagaraSaint Peter's12-7",2025-12-07,"conf","Niagara","Saint Peter's","MAAC","MAAC","A","L","43-71",0.0710982537629475,0.464125461254959,0.789142831518436,0.812069164133623,-0.812069164133623,0.7,"played",NA,NA,NA,223,"Q3"
"3431",3431,"NiagaraSaint Peter's12-7",2025-12-07,"conf","Saint Peter's","Niagara","MAAC","MAAC","H","W","71-43",0.464125461254959,0.0710982537629475,0.87694452176131,0.989373790127263,0.0106262098727368,90.8,"played",NA,NA,NA,355,"Q4"
"3432",3432,"North FloridaGonzaga12-7",2025-12-07,"nc","Gonzaga","North Florida","WCC","ASun","H","W","109-58",0.966086351861385,0.130909333469256,0.87694452176131,0.979300944347944,0.0206990556520561,97.8,"played",NA,NA,NA,341,"Q4"
"3433",3433,"North FloridaGonzaga12-7",2025-12-07,"nc","North Florida","Gonzaga","ASun","WCC","A","L","58-109",0.130909333469256,0.966086351861385,0.789142831518436,0.116122856905454,-0.116122856905454,8.9,"played",NA,NA,NA,4,"Q1"
"3434",3434,"Northwestern St.Southeastern Louisiana12-7",2025-12-07,"conf","Northwestern St.","Southeastern Louisiana","Slnd","Slnd","A","W","76-68",0.172988629015108,0.33709012828235,0.789142831518436,0.880382261833675,0.119617738166325,41.3,"played",NA,NA,NA,288,"Q4"
"3435",3435,"Northwestern St.Southeastern Louisiana12-7",2025-12-07,"conf","Southeastern Louisiana","Northwestern St.","Slnd","Slnd","H","L","68-76",0.33709012828235,0.172988629015108,0.87694452176131,0.971485151015013,-0.971485151015013,13.1,"played",NA,NA,NA,306,"Q4"
"3436",3436,"RiderQuinnipiac12-7",2025-12-07,"conf","Quinnipiac","Rider","MAAC","MAAC","H","W","72-58",0.56676972583644,0.0692807104895986,0.87694452176131,0.989662640329338,0.010337359670662,69.9,"played",NA,NA,NA,357,"Q4"
"3437",3437,"RiderQuinnipiac12-7",2025-12-07,"conf","Rider","Quinnipiac","MAAC","MAAC","A","L","58-72",0.0692807104895986,0.56676972583644,0.789142831518436,0.740982745235832,-0.740982745235832,4,"played",NA,NA,NA,184,"Q3"
"3438",3438,"Saint FrancisRadford12-7",2025-12-07,"nc","Radford","Saint Francis","BSth","NEC","H","W","89-56",0.361659659316487,0.0661980827384546,0.87694452176131,0.990150353814344,0.00984964618565609,84.5,"played",NA,NA,NA,354,"Q4"
"3439",3439,"Saint FrancisRadford12-7",2025-12-07,"nc","Saint Francis","Radford","NEC","BSth","A","L","56-89",0.0661980827384546,0.361659659316487,0.789142831518436,0.868519826317415,-0.868519826317415,0.7,"played",NA,NA,NA,260,"Q4"
"3440",3440,"Saint Mary'sDavidson12-7",2025-12-07,"nc","Davidson","Saint Mary's","A10","WCC","H","L","61-70",0.692626171471865,0.839624194120796,0.87694452176131,0.576488293922997,-0.576488293922997,70.1,"played",NA,NA,NA,28,"Q1"
"3441",3441,"Saint Mary'sDavidson12-7",2025-12-07,"nc","Saint Mary's","Davidson","WCC","A10","A","W","70-61",0.839624194120796,0.692626171471865,0.789142831518436,0.624182848539627,0.375817151460373,83.4,"played",NA,NA,NA,119,"Q2"
"3442",3442,"SMUTexas A&M12-7",2025-12-07,"nc","SMU","Texas A&M","ACC","SEC","N","W","93-80",0.888452786871636,0.887089432433771,0.837778001870703,0.396621483095894,0.603378516904106,97,"played",NA,NA,NA,41,"Q1"
"3443",3443,"SMUTexas A&M12-7",2025-12-07,"nc","Texas A&M","SMU","SEC","ACC","N","L","80-93",0.887089432433771,0.888452786871636,0.837778001870703,0.393351441811885,-0.393351441811885,66,"played",NA,NA,NA,30,"Q1"
"3444",3444,"Southern IndianaIndiana St.12-7",2025-12-07,"nc","Indiana St.","Southern Indiana","MVC","OVC","H","W","77-55",0.52112194682298,0.0957595304080808,0.87694452176131,0.985357317458812,0.0146426825411878,68.6,"played",NA,NA,NA,338,"Q4"
"3445",3445,"Southern IndianaIndiana St.12-7",2025-12-07,"nc","Southern Indiana","Indiana St.","OVC","MVC","A","L","55-77",0.0957595304080808,0.52112194682298,0.789142831518436,0.774732331268569,-0.774732331268569,5,"played",NA,NA,NA,205,"Q3"
"3446",3446,"TCUNorth Texas12-7",2025-12-07,"nc","North Texas","TCU","Amer","B12","H","L","55-65",0.61394540023339,0.771350152968443,0.87694452176131,0.678711743570353,-0.678711743570353,53.1,"played",NA,NA,NA,46,"Q2"
"3447",3447,"TCUNorth Texas12-7",2025-12-07,"nc","TCU","North Texas","B12","Amer","A","W","65-55",0.771350152968443,0.61394540023339,0.789142831518436,0.701790604371229,0.298209395628771,82.6,"played",NA,NA,NA,147,"Q3"
"3448",3448,"TowsonUCF12-7",2025-12-07,"nc","Towson","UCF","CAA","B12","A","L","61-86",0.35134538872408,0.866736847529921,0.789142831518436,0.365251362941497,-0.365251362941497,12.2,"played",NA,NA,NA,39,"Q1"
"3449",3449,"TowsonUCF12-7",2025-12-07,"nc","UCF","Towson","B12","CAA","H","W","86-61",0.866736847529921,0.35134538872408,0.87694452176131,0.929362589848566,0.0706374101514337,96.2,"played",NA,NA,NA,162,"Q4"
"3450",3450,"UNLVStanford12-7",2025-12-07,"nc","Stanford","UNLV","ACC","MWC","H","L","74-75",0.825268926203313,0.560876007034628,0.87694452176131,0.848011636054,-0.848011636054,58,"played",NA,NA,NA,127,"Q3"
"3451",3451,"UNLVStanford12-7",2025-12-07,"nc","UNLV","Stanford","MWC","ACC","A","W","75-74",0.560876007034628,0.825268926203313,0.789142831518436,0.442087360782368,0.557912639217632,81.4,"played",NA,NA,NA,68,"Q1"
"3452",3452,"Utah St.Charlotte12-7",2025-12-07,"nc","Charlotte","Utah St.","Amer","MWC","H","L","53-79",0.567723178537992,0.849238029418344,0.87694452176131,0.558523317336614,-0.558523317336614,16.4,"played",NA,NA,NA,25,"Q1"
"3453",3453,"Utah St.Charlotte12-7",2025-12-07,"nc","Utah St.","Charlotte","MWC","Amer","A","W","79-53",0.849238029418344,0.567723178537992,0.789142831518436,0.740236588946491,0.259763411053509,97.4,"played",NA,NA,NA,173,"Q3"
"3454",3454,"UTEPSeattle12-7",2025-12-07,"nc","Seattle","UTEP","WCC","CUSA","H","W","75-68",0.74544303723052,0.217959569432829,0.87694452176131,0.962363042817825,0.0376369571821751,34.1,"played",NA,NA,NA,276,"Q4"
"3455",3455,"UTEPSeattle12-7",2025-12-07,"nc","UTEP","Seattle","CUSA","WCC","A","L","68-75",0.217959569432829,0.74544303723052,0.789142831518436,0.561022355526039,-0.561022355526039,61.2,"played",NA,NA,NA,114,"Q2"
"3456",3456,"UTSAAlabama12-7",2025-12-07,"nc","Alabama","UTSA","SEC","Amer","H","W","97-55",0.954434190116709,0.0659428297410237,0.87694452176131,0.990190615450233,0.00980938454976721,96.8,"played",NA,NA,NA,349,"Q4"
"3457",3457,"UTSAAlabama12-7",2025-12-07,"nc","UTSA","Alabama","Amer","SEC","A","L","55-97",0.0659428297410237,0.954434190116709,0.789142831518436,0.151588690123373,-0.151588690123373,4.6,"played",NA,NA,NA,19,"Q1"
"3458",3458,"Weber St.St. Thomas12-7",2025-12-07,"nc","St. Thomas","Weber St.","Sum","BSky","H","W","88-65",0.711266776860035,0.362300900236987,0.87694452176131,0.926163657167391,0.073836342832609,96.6,"played",NA,NA,NA,190,"Q4"
"3459",3459,"Weber St.St. Thomas12-7",2025-12-07,"nc","Weber St.","St. Thomas","BSky","Sum","A","L","65-88",0.362300900236987,0.711266776860035,0.789142831518436,0.603057697731894,-0.603057697731894,4.7,"played",NA,NA,NA,116,"Q2"
"3460",3460,"AUMJacksonville St.12-7",2025-12-07,"nond1","Jacksonville St.","AUM","CUSA",NA,"H","W","39-66",NA,NA,NA,NA,0,NA,"played",NA,NA,NA,NA,NA
"3461",3461,"GallaudetArmy12-7",2025-12-07,"nond1","Army","Gallaudet","Pat",NA,"H","W","53-111",NA,NA,NA,NA,0,NA,"played",NA,NA,NA,NA,NA
"3462",3462,"CameronTarleton St.12-7",2025-12-07,"nond1","Tarleton St.","Cameron","WAC",NA,"H","W","63-93",NA,NA,NA,NA,0,NA,"played",NA,NA,NA,NA,NA
"3463",3463,"Bethany (WV)Mercyhurst12-7",2025-12-07,"nond1","Mercyhurst","Bethany (WV)","NEC",NA,"H","W","51-80",NA,NA,NA,NA,0,NA,"played",NA,NA,NA,NA,NA
"3464",3464,"AquinasBowling Green12-7",2025-12-07,"nond1","Bowling Green","Aquinas","MAC",NA,"H","W","50-131",NA,NA,NA,NA,0,NA,"played",NA,NA,NA,NA,NA
"3465",3465,"TusculumEast Tennessee St.12-7",2025-12-07,"nond1","East Tennessee St.","Tusculum","SC",NA,"H","W","62-78",NA,NA,NA,NA,0,NA,"played",NA,NA,NA,NA,NA
"3466",3466,"OglethorpeMercer12-7",2025-12-07,"nond1","Mercer","Oglethorpe","SC",NA,"H","W","50-100",NA,NA,NA,NA,0,NA,"played",NA,NA,NA,NA,NA
"3467",3467,"EcclesiaLouisiana Tech12-7",2025-12-07,"nond1","Louisiana Tech","Ecclesia","CUSA",NA,"H","W","37-89",NA,NA,NA,NA,0,NA,"played",NA,NA,NA,NA,NA
"3468",3468,"Virginia-LynchburgCampbell12-7",2025-12-07,"nond1","Campbell","Virginia-Lynchburg","CAA",NA,"H","W","62-149",NA,NA,NA,NA,0,NA,"played",NA,NA,NA,NA,NA
"3469",3469,"Grambling St.Southern Miss12-8",2025-12-08,"nc","Grambling St.","Southern Miss","SWAC","SB","A","L","60-68",0.233559697555641,0.436163066612626,0.789142831518436,0.828710427563868,-0.828710427563868,30.3,"played",NA,NA,NA,236,"Q3"
"3470",3470,"Grambling St.Southern Miss12-8",2025-12-08,"nc","Southern Miss","Grambling St.","SB","SWAC","H","W","68-60",0.436163066612626,0.233559697555641,0.87694452176131,0.958992470941088,0.0410075290589117,35.2,"played",NA,NA,NA,266,"Q4"
"3471",3471,"Incarnate WordNew Orleans12-8",2025-12-08,"conf","Incarnate Word","New Orleans","Slnd","Slnd","A","L","83-84",0.261903553465073,0.48536423289852,0.789142831518436,0.798722038499175,-0.798722038499175,24.1,"played",NA,NA,NA,231,"Q3"
"3472",3472,"Incarnate WordNew Orleans12-8",2025-12-08,"conf","New Orleans","Incarnate Word","Slnd","Slnd","H","W","84-83",0.48536423289852,0.261903553465073,0.87694452176131,0.95256990795582,0.0474300920441801,51.3,"played",NA,NA,NA,246,"Q4"
"3473",3473,"LafayettePenn12-8",2025-12-08,"nc","Lafayette","Penn","Pat","Ivy","A","L","72-74",0.147463233359836,0.554637837343646,0.789142831518436,0.750323581088423,-0.750323581088423,31.9,"played",NA,NA,NA,178,"Q3"
"3474",3474,"LafayettePenn12-8",2025-12-08,"nc","Penn","Lafayette","Ivy","Pat","H","W","74-72",0.554637837343646,0.147463233359836,0.87694452176131,0.976303494184094,0.023696505815906,31.5,"played",NA,NA,NA,328,"Q4"
"3475",3475,"Mississippi Valley St.Kansas St.12-8",2025-12-08,"nc","Kansas St.","Mississippi Valley St.","B12","SWAC","H","W","108-49",0.787642451679584,0.0200041175334786,0.87694452176131,0.997143844867186,0.00285615513281423,97,"played",NA,NA,NA,365,"Q4"
"3476",3476,"Mississippi Valley St.Kansas St.12-8",2025-12-08,"nc","Mississippi Valley St.","Kansas St.","SWAC","B12","A","L","49-108",0.0200041175334786,0.787642451679584,0.789142831518436,0.502248363029673,-0.502248363029673,0.2,"played",NA,NA,NA,82,"Q2"
"3477",3477,"South Carolina St.Charleston Southern12-8",2025-12-08,"nc","Charleston Southern","South Carolina St.","BSth","MEAC","H","W","84-44",0.455058138848351,0.0507325033248179,0.87694452176131,0.992556422425133,0.00744357757486747,84.8,"played",NA,NA,NA,360,"Q4"
"3478",3478,"South Carolina St.Charleston Southern12-8",2025-12-08,"nc","South Carolina St.","Charleston Southern","MEAC","BSth","A","L","44-84",0.0507325033248179,0.455058138848351,0.789142831518436,0.817577500727398,-0.817577500727398,0.8,"played",NA,NA,NA,219,"Q3"
"3479",3479,"SouthernTexas12-8",2025-12-08,"nc","Southern","Texas","SWAC","SEC","A","L","69-95",0.265907681407748,0.887271095950039,0.789142831518436,0.322261464403328,-0.322261464403328,21.1,"played",NA,NA,NA,43,"Q1"
"3480",3480,"SouthernTexas12-8",2025-12-08,"nc","Texas","Southern","SEC","SWAC","H","W","95-69",0.887271095950039,0.265907681407748,0.87694452176131,0.951629886177392,0.0483701138226084,91.4,"played",NA,NA,NA,278,"Q4"
"3481",3481,"Southern WesleyanKennesaw St.12-8",2025-12-08,"nond1","Kennesaw St.","Southern Wesleyan","CUSA",NA,"H","W","66-121",NA,NA,NA,NA,0,NA,"played",NA,NA,NA,NA,NA
"3482",3482,"BrownProvidence12-9",2025-12-09,"nc","Brown","Providence","Ivy","BE","A","L","79-86",0.22903256495286,0.803485279294478,0.789142831518436,0.477900616033965,-0.477900616033965,56.3,"played",NA,NA,NA,89,"Q2"
"3483",3483,"BrownProvidence12-9",2025-12-09,"nc","Providence","Brown","BE","Ivy","H","W","86-79",0.803485279294478,0.22903256495286,0.87694452176131,0.959982199400525,0.0400178005994747,48.6,"played",NA,NA,NA,275,"Q4"
"3484",3484,"BucknellRider12-9",2025-12-09,"nc","Bucknell","Rider","Pat","MAAC","A","W","51-38",0.127187121287998,0.124145130175934,0.789142831518436,0.963508975356504,0.0364910246434962,78.1,"played",NA,NA,NA,357,"Q4"
"3485",3485,"BucknellRider12-9",2025-12-09,"nc","Rider","Bucknell","MAAC","Pat","H","L","38-51",0.124145130175934,0.127187121287998,0.87694452176131,0.979961742807954,-0.979961742807954,0.6,"played",NA,NA,NA,333,"Q4"
"3486",3486,"BuffaloUMBC12-9",2025-12-09,"nc","Buffalo","UMBC","MAC","AE","A","W","83-79",0.387632809783295,0.335726306960335,0.789142831518436,0.881024132869604,0.118975867130396,37.5,"played",NA,NA,NA,274,"Q4"
"3487",3487,"BuffaloUMBC12-9",2025-12-09,"nc","UMBC","Buffalo","AE","MAC","H","L","79-83",0.335726306960335,0.387632809783295,0.87694452176131,0.918420848754699,-0.918420848754699,34.8,"played",NA,NA,NA,165,"Q4"
"3488",3488,"BYUClemson12-9",2025-12-09,"nc","BYU","Clemson","B12","ACC","N","W","67-64",0.923341616444686,0.915806795624262,0.837778001870703,0.321932746384448,0.678067253615552,89.9,"played",NA,NA,NA,32,"Q1"
"3489",3489,"BYUClemson12-9",2025-12-09,"nc","Clemson","BYU","ACC","B12","N","L","64-67",0.915806795624262,0.923341616444686,0.837778001870703,0.300093447405032,-0.300093447405032,93.6,"played",NA,NA,NA,12,"Q1"
"3490",3490,"ColumbiaStony Brook12-9",2025-12-09,"nc","Columbia","Stony Brook","Ivy","CAA","A","L","73-77",0.408052728218098,0.460531374139957,0.789142831518436,0.814265765425597,-0.814265765425597,15.3,"played",NA,NA,NA,234,"Q3"
"3491",3491,"ColumbiaStony Brook12-9",2025-12-09,"nc","Stony Brook","Columbia","CAA","Ivy","H","W","77-73",0.460531374139957,0.408052728218098,0.87694452176131,0.911801277983662,0.0881987220163379,76.5,"played",NA,NA,NA,151,"Q3"
"3492",3492,"ConnecticutFlorida12-9",2025-12-09,"nc","Connecticut","Florida","BE","SEC","N","W","77-73",0.962032898025926,0.956063022904127,0.837778001870703,0.191811815252024,0.808188184747976,97.5,"played",NA,NA,NA,14,"Q1"
"3493",3493,"ConnecticutFlorida12-9",2025-12-09,"nc","Florida","Connecticut","SEC","BE","N","L","73-77",0.956063022904127,0.962032898025926,0.837778001870703,0.169307766779117,-0.169307766779117,93.3,"played",NA,NA,NA,8,"Q1"
"3494",3494,"Coppin St.Saint Joseph's12-9",2025-12-09,"nc","Coppin St.","Saint Joseph's","MEAC","A10","A","L","65-87",0.0259808577725411,0.600718255311877,0.789142831518436,0.713267667429442,-0.713267667429442,5.9,"played",NA,NA,NA,192,"Q3"
"3495",3495,"Coppin St.Saint Joseph's12-9",2025-12-09,"nc","Saint Joseph's","Coppin St.","A10","MEAC","H","W","87-65",0.600718255311877,0.0259808577725411,0.87694452176131,0.996271000581672,0.00372899941832849,39.2,"played",NA,NA,NA,364,"Q4"
"3496",3496,"DartmouthColorado St.12-9",2025-12-09,"nc","Colorado St.","Dartmouth","MWC","Ivy","H","W","76-55",0.761948848530048,0.313883565357004,0.87694452176131,0.939677619552002,0.060322380447998,90,"played",NA,NA,NA,222,"Q4"
"3497",3497,"DartmouthColorado St.12-9",2025-12-09,"nc","Dartmouth","Colorado St.","Ivy","MWC","A","L","55-76",0.313883565357004,0.761948848530048,0.789142831518436,0.539013660019678,-0.539013660019678,14,"played",NA,NA,NA,92,"Q2"
"3498",3498,"HowardNorth Carolina A&T12-9",2025-12-09,"nc","Howard","North Carolina A&T","MEAC","CAA","N","W","73-69",0.295827063501703,0.217022815270932,0.837778001870703,0.949063138156892,0.0509368618431082,52.9,"played",NA,NA,NA,270,"Q4"
"3499",3499,"HowardNorth Carolina A&T12-9",2025-12-09,"nc","North Carolina A&T","Howard","CAA","MEAC","N","L","69-73",0.217022815270932,0.295827063501703,0.837778001870703,0.924772877423033,-0.924772877423033,9.4,"played",NA,NA,NA,252,"Q4"
"3500",3500,"IllinoisOhio St.12-9",2025-12-09,"conf","Illinois","Ohio St.","B10","B10","A","W","88-80",0.944572611131982,0.895316100144004,0.789142831518436,0.304393013328042,0.695606986671958,95.7,"played",NA,NA,NA,35,"Q1"
"3501",3501,"IllinoisOhio St.12-9",2025-12-09,"conf","Ohio St.","Illinois","B10","B10","H","L","80-88",0.895316100144004,0.944572611131982,0.87694452176131,0.294869444924917,-0.294869444924917,86.7,"played",NA,NA,NA,9,"Q1"
"3502",3502,"Little RockWest Virginia12-9",2025-12-09,"nc","Little Rock","West Virginia","OVC","B12","A","L","58-90",0.127043860244037,0.87123425331909,0.789142831518436,0.356141766264973,-0.356141766264973,4.7,"played",NA,NA,NA,59,"Q1"
"3503",3503,"Little RockWest Virginia12-9",2025-12-09,"nc","West Virginia","Little Rock","B12","OVC","H","W","90-58",0.87123425331909,0.127043860244037,0.87694452176131,0.979987080838008,0.0200129191619924,95.2,"played",NA,NA,NA,302,"Q4"
"3504",3504,"Long Beach St.San Jose St.12-9",2025-12-09,"nc","Long Beach St.","San Jose St.","BW","MWC","A","L","83-89",0.276270766068189,0.426462166380668,0.789142831518436,0.834251951782731,-0.834251951782731,31.7,"played",NA,NA,NA,259,"Q4"
"3505",3505,"Long Beach St.San Jose St.12-9",2025-12-09,"nc","San Jose St.","Long Beach St.","MWC","BW","H","W","89-83",0.426462166380668,0.276270766068189,0.87694452176131,0.949157607123227,0.0508423928767727,38,"played",NA,NA,NA,240,"Q4"
"3506",3506,"Loyola MDVMI12-9",2025-12-09,"nc","Loyola MD","VMI","Pat","SC","A","L","70-86",0.0922603677365822,0.144010141026281,0.789142831518436,0.956980979604427,-0.956980979604427,0.8,"played",NA,NA,NA,353,"Q4"
"3507",3507,"Loyola MDVMI12-9",2025-12-09,"nc","VMI","Loyola MD","SC","Pat","H","W","86-70",0.144010141026281,0.0922603677365822,0.87694452176131,0.985938471534303,0.0140615284656967,67,"played",NA,NA,NA,340,"Q4"
"3508",3508,"Maryland Eastern ShoreVirginia12-9",2025-12-09,"nc","Maryland Eastern Shore","Virginia","MEAC","ACC","A","L","60-84",0.112768939573491,0.96842400434267,0.789142831518436,0.108756479072216,-0.108756479072216,43.8,"played",NA,NA,NA,13,"Q1"
"3509",3509,"Maryland Eastern ShoreVirginia12-9",2025-12-09,"nc","Virginia","Maryland Eastern Shore","ACC","MEAC","H","W","84-60",0.96842400434267,0.112768939573491,0.87694452176131,0.98247717744524,0.0175228225547599,83.3,"played",NA,NA,NA,325,"Q4"
"3510",3510,"McNeese St.Rhode Island12-9",2025-12-09,"nc","McNeese St.","Rhode Island","Slnd","A10","A","W","66-64",0.683026270437139,0.656655293009964,0.789142831518436,0.661803604151082,0.338196395848918,74.9,"played",NA,NA,NA,133,"Q2"
"3511",3511,"McNeese St.Rhode Island12-9",2025-12-09,"nc","Rhode Island","McNeese St.","A10","Slnd","H","L","64-66",0.656655293009964,0.683026270437139,0.87694452176131,0.767829201135309,-0.767829201135309,58,"played",NA,NA,NA,57,"Q2"
"3512",3512,"Morgan St.DePaul12-9",2025-12-09,"nc","DePaul","Morgan St.","BE","MEAC","H","W","92-49",0.723148523927946,0.0419653130687214,0.87694452176131,0.99389090633261,0.00610909366739021,97.7,"played",NA,NA,NA,361,"Q4"
"3513",3513,"Morgan St.DePaul12-9",2025-12-09,"nc","Morgan St.","DePaul","MEAC","BE","A","L","49-92",0.0419653130687214,0.723148523927946,0.789142831518436,0.588951567067976,-0.588951567067976,0.3,"played",NA,NA,NA,113,"Q2"
"3514",3514,"North Carolina CentralKentucky12-9",2025-12-09,"nc","Kentucky","North Carolina Central","SEC","MEAC","H","W","103-67",0.894882969930619,0.082756424692227,0.87694452176131,0.987497925961696,0.0125020740383036,83.7,"played",NA,NA,NA,344,"Q4"
"3515",3515,"North Carolina CentralKentucky12-9",2025-12-09,"nc","North Carolina Central","Kentucky","MEAC","SEC","A","L","67-103",0.082756424692227,0.894882969930619,0.789142831518436,0.305370611040222,-0.305370611040222,13,"played",NA,NA,NA,31,"Q1"
"3516",3516,"Northern ArizonaArizona St.12-9",2025-12-09,"nc","Arizona St.","Northern Arizona","B12","BSky","H","W","73-48",0.764484530115745,0.144289047802944,0.87694452176131,0.976885797919125,0.0231142020808752,88.7,"played",NA,NA,NA,318,"Q4"
"3517",3517,"Northern ArizonaArizona St.12-9",2025-12-09,"nc","Northern Arizona","Arizona St.","BSky","B12","A","L","48-73",0.144289047802944,0.764484530115745,0.789142831518436,0.535525330246126,-0.535525330246126,6.5,"played",NA,NA,NA,93,"Q2"
"3518",3518,"Penn St.Indiana12-9",2025-12-09,"conf","Indiana","Penn St.","B10","B10","H","W","113-72",0.929075305570624,0.48720277375858,0.87694452176131,0.882363892431686,0.117636107568314,99.3,"played",NA,NA,NA,131,"Q3"
"3519",3519,"Penn St.Indiana12-9",2025-12-09,"conf","Penn St.","Indiana","B10","B10","A","L","72-113",0.48720277375858,0.929075305570624,0.789142831518436,0.222214997574681,-0.222214997574681,8.1,"played",NA,NA,NA,38,"Q1"
"3520",3520,"South Dakota St.Ball St.12-9",2025-12-09,"nc","Ball St.","South Dakota St.","MAC","Sum","H","L","64-68",0.288514481287383,0.37728213329656,0.87694452176131,0.921644883236383,-0.921644883236383,30.7,"played",NA,NA,NA,180,"Q4"
"3521",3521,"South Dakota St.Ball St.12-9",2025-12-09,"nc","South Dakota St.","Ball St.","Sum","MAC","A","W","68-64",0.37728213329656,0.288514481287383,0.789142831518436,0.902240976851439,0.097759023148561,35.7,"played",NA,NA,NA,316,"Q4"
"3522",3522,"South DakotaWyoming12-9",2025-12-09,"nc","South Dakota","Wyoming","Sum","MWC","A","L","79-106",0.214647067407385,0.76314542480965,0.789142831518436,0.53737119837597,-0.53737119837597,14.3,"played",NA,NA,NA,100,"Q2"
"3523",3523,"South DakotaWyoming12-9",2025-12-09,"nc","Wyoming","South Dakota","MWC","Sum","H","W","106-79",0.76314542480965,0.214647067407385,0.87694452176131,0.963064474227078,0.036935525772922,84,"played",NA,NA,NA,272,"Q4"
"3524",3524,"USCSan Diego12-9",2025-12-09,"nc","San Diego","USC","WCC","B10","H","L","81-94",0.545701106777343,0.749858766690896,0.87694452176131,0.703902122457448,-0.703902122457448,46.5,"played",NA,NA,NA,56,"Q2"
"3525",3525,"USCSan Diego12-9",2025-12-09,"nc","USC","San Diego","B10","WCC","A","W","94-81",0.749858766690896,0.545701106777343,0.789142831518436,0.75702731189978,0.24297268810022,80.6,"played",NA,NA,NA,208,"Q3"
"3526",3526,"VillanovaMichigan12-9",2025-12-09,"nc","Michigan","Villanova","B10","BE","H","W","89-61",0.98755383780862,0.84811313237523,0.87694452176131,0.560681993494687,0.439318006505313,99.8,"played",NA,NA,NA,33,"Q2"
"3527",3527,"VillanovaMichigan12-9",2025-12-09,"nc","Villanova","Michigan","BE","B10","A","L","61-89",0.84811313237523,0.98755383780862,0.789142831518436,0.0450428444038855,-0.0450428444038855,40.9,"played",NA,NA,NA,1,"Q1"
"3528",3528,"DoaneNebraska Omaha12-9",2025-12-09,"nond1","Nebraska Omaha","Doane","Sum",NA,"H","W","70-79",NA,NA,NA,NA,0,NA,"played",NA,NA,NA,NA,NA
"3529",3529,"Bob JonesFurman12-9",2025-12-09,"nond1","Furman","Bob Jones","SC",NA,"H","W","57-105",NA,NA,NA,NA,0,NA,"played",NA,NA,NA,NA,NA
"3530",3530,"Toccoa FallsWinthrop12-9",2025-12-09,"nond1","Winthrop","Toccoa Falls","BSth",NA,"H","W","62-111",NA,NA,NA,NA,0,NA,"played",NA,NA,NA,NA,NA
"3531",3531,"OakwoodChattanooga12-9",2025-12-09,"nond1","Chattanooga","Oakwood","SC",NA,"H","W","46-103",NA,NA,NA,NA,0,NA,"played",NA,NA,NA,NA,NA
"3532",3532,"BresciaNorthern Kentucky12-9",2025-12-09,"nond1","Northern Kentucky","Brescia","Horz",NA,"H","W","53-92",NA,NA,NA,NA,0,NA,"played",NA,NA,NA,NA,NA
"3533",3533,"DominicanCalifornia12-9",2025-12-09,"nond1","California","Dominican","ACC",NA,"H","W","71-93",NA,NA,NA,NA,0,NA,"played",NA,NA,NA,NA,NA
"3534",3534,"Arkansas BaptistLouisiana Monroe12-9",2025-12-09,"nond1","Louisiana Monroe","Arkansas Baptist","SB",NA,"H","W","69-79",NA,NA,NA,NA,0,NA,"played",NA,NA,NA,NA,NA
"3535",3535,"Southern WesleyanThe Citadel12-9",2025-12-09,"nond1","The Citadel","Southern Wesleyan","SC",NA,"H","W","73-98",NA,NA,NA,NA,0,NA,"played",NA,NA,NA,NA,NA
"3536",3536,"Regis (MA)Holy Cross12-9",2025-12-09,"nond1","Holy Cross","Regis (MA)","Pat",NA,"H","W","47-69",NA,NA,NA,NA,0,NA,"played",NA,NA,NA,NA,NA
"3537",3537,"Colorado ChristianDenver12-9",2025-12-09,"nond1","Denver","Colorado Christian","Sum",NA,"H","W","59-95",NA,NA,NA,NA,0,NA,"played",NA,NA,NA,NA,NA
"3538",3538,"Georgian CourtTemple12-9",2025-12-09,"nond1","Temple","Georgian Court","Amer",NA,"H","W","57-103",NA,NA,NA,NA,0,NA,"played",NA,NA,NA,NA,NA
"3539",3539,"Culver StocktonLindenwood12-9",2025-12-09,"nond1","Lindenwood","Culver Stockton","OVC",NA,"H","W","44-110",NA,NA,NA,NA,0,NA,"played",NA,NA,NA,NA,NA
"3540",3540,"AlbanyYale12-10",2025-12-10,"nc","Albany","Yale","AE","Ivy","N","L","82-93",0.241392606446035,0.76078009046578,0.837778001870703,0.618886887141894,-0.618886887141894,45.2,"played",NA,NA,NA,61,"Q2"
"3541",3541,"AlbanyYale12-10",2025-12-10,"nc","Yale","Albany","Ivy","AE","N","W","93-82",0.76078009046578,0.241392606446035,0.837778001870703,0.941960913415312,0.0580390865846878,55.1,"played",NA,NA,NA,309,"Q4"
"3542",3542,"Arkansas Pine BluffTulsa12-10",2025-12-10,"nc","Arkansas Pine Bluff","Tulsa","SWAC","Amer","A","L","84-117",0.210499397365107,0.855650066325967,0.789142831518436,0.387020296107445,-0.387020296107445,27.1,"played",NA,NA,NA,47,"Q1"
"3543",3543,"Arkansas Pine BluffTulsa12-10",2025-12-10,"nc","Tulsa","Arkansas Pine Bluff","Amer","SWAC","H","W","117-84",0.855650066325967,0.210499397365107,0.87694452176131,0.963935877536827,0.0360641224631731,80.9,"played",NA,NA,NA,311,"Q4"
"3544",3544,"Boston CollegeMassachusetts12-10",2025-12-10,"nc","Boston College","Massachusetts","ACC","MAC","N","L","74-76",0.532615128073303,0.492898118125247,0.837778001870703,0.84160206237736,-0.84160206237736,37.4,"played",NA,NA,NA,195,"Q3"
"3545",3545,"Boston CollegeMassachusetts12-10",2025-12-10,"nc","Massachusetts","Boston College","MAC","ACC","N","W","76-74",0.492898118125247,0.532615128073303,0.837778001870703,0.819230296692392,0.180769703307608,65,"played",NA,NA,NA,157,"Q3"
"3546",3546,"BryantIona12-10",2025-12-10,"nc","Bryant","Iona","AE","MAAC","A","L","63-69",0.0698036017290083,0.437173937533644,0.789142831518436,0.828126310189698,-0.828126310189698,18.3,"played",NA,NA,NA,218,"Q3"
"3547",3547,"BryantIona12-10",2025-12-10,"nc","Iona","Bryant","MAAC","AE","H","W","69-63",0.437173937533644,0.0698036017290083,0.87694452176131,0.989579639055569,0.0104203609444309,20.7,"played",NA,NA,NA,345,"Q4"
"3548",3548,"CharlestonSouth Florida12-10",2025-12-10,"nc","Charleston","South Florida","CAA","Amer","A","L","75-81",0.363361259870032,0.827671121247399,0.789142831518436,0.437960160751415,-0.437960160751415,71.9,"played",NA,NA,NA,66,"Q1"
"3549",3549,"CharlestonSouth Florida12-10",2025-12-10,"nc","South Florida","Charleston","Amer","CAA","H","W","81-75",0.827671121247399,0.363361259870032,0.87694452176131,0.92584938839268,0.0741506116073203,51.7,"played",NA,NA,NA,175,"Q4"
"3550",3550,"ColgateSt. Bonaventure12-10",2025-12-10,"nc","Colgate","St. Bonaventure","Pat","A10","A","L","77-85",0.363069644263239,0.588463345654528,0.789142831518436,0.723552025588615,-0.723552025588615,51.2,"played",NA,NA,NA,144,"Q3"
"3551",3551,"ColgateSt. Bonaventure12-10",2025-12-10,"nc","St. Bonaventure","Colgate","A10","Pat","H","W","85-77",0.588463345654528,0.363069644263239,0.87694452176131,0.925935900293245,0.074064099706755,43.7,"played",NA,NA,NA,196,"Q4"
"3552",3552,"DelawareGeorge Washington12-10",2025-12-10,"nc","Delaware","George Washington","CUSA","A10","A","W","70-58",0.176954731417496,0.805846857394486,0.789142831518436,0.474153029460988,0.525846970539012,96.3,"played",NA,NA,NA,75,"Q1"
"3553",3553,"DelawareGeorge Washington12-10",2025-12-10,"nc","George Washington","Delaware","A10","CUSA","H","L","58-70",0.805846857394486,0.176954731417496,0.87694452176131,0.970714096550497,-0.970714096550497,3.3,"played",NA,NA,NA,300,"Q4"
"3554",3554,"DuquesneBoise St.12-10",2025-12-10,"nc","Boise St.","Duquesne","MWC","A10","H","W","86-64",0.83001126375618,0.509896069293123,0.87694452176131,0.872608167411856,0.127391832588144,95.9,"played",NA,NA,NA,155,"Q3"
"3555",3555,"DuquesneBoise St.12-10",2025-12-10,"nc","Duquesne","Boise St.","A10","MWC","A","L","64-86",0.509896069293123,0.83001126375618,0.789142831518436,0.433903907888668,-0.433903907888668,17.7,"played",NA,NA,NA,71,"Q1"
"3556",3556,"Eastern KentuckyEastern Illinois12-10",2025-12-10,"nc","Eastern Illinois","Eastern Kentucky","OVC","ASun","H","L","59-68",0.254464105144106,0.223192376556858,0.87694452176131,0.961244908789494,-0.961244908789494,5.9,"played",NA,NA,NA,262,"Q4"
"3557",3557,"Eastern KentuckyEastern Illinois12-10",2025-12-10,"nc","Eastern Kentucky","Eastern Illinois","ASun","OVC","A","W","68-59",0.223192376556858,0.254464105144106,0.789142831518436,0.916423012707536,0.0835769872924635,60.9,"played",NA,NA,NA,305,"Q4"
"3558",3558,"Eastern MichiganPurdue Fort Wayne12-10",2025-12-10,"nc","Eastern Michigan","Purdue Fort Wayne","MAC","Horz","A","L","65-80",0.375757933331981,0.440919826703015,0.789142831518436,0.825950654976162,-0.825950654976162,4.9,"played",NA,NA,NA,210,"Q3"
"3559",3559,"Eastern MichiganPurdue Fort Wayne12-10",2025-12-10,"nc","Purdue Fort Wayne","Eastern Michigan","Horz","MAC","H","W","80-65",0.440919826703015,0.375757933331981,0.87694452176131,0.922112482630347,0.0778875173696529,90.3,"played",NA,NA,NA,179,"Q4"
"3560",3560,"Fairleigh DickinsonFordham12-10",2025-12-10,"nc","Fairleigh Dickinson","Fordham","NEC","A10","A","L","54-75",0.105857899301199,0.520630114053518,0.789142831518436,0.775076087478428,-0.775076087478428,3.7,"played",NA,NA,NA,226,"Q3"
"3561",3561,"Fairleigh DickinsonFordham12-10",2025-12-10,"nc","Fordham","Fairleigh Dickinson","A10","NEC","H","W","75-54",0.520630114053518,0.105857899301199,0.87694452176131,0.983658574348393,0.0163414256516066,76.9,"played",NA,NA,NA,339,"Q4"
"3562",3562,"Fresno St.Cal St. Northridge12-10",2025-12-10,"nc","Cal St. Northridge","Fresno St.","BW","MWC","H","W","89-87",0.543814122124777,0.481922792123584,0.87694452176131,0.884540532188665,0.115459467811335,62.5,"played",NA,NA,NA,139,"Q3"
"3563",3563,"Fresno St.Cal St. Northridge12-10",2025-12-10,"nc","Fresno St.","Cal St. Northridge","MWC","BW","A","L","87-89",0.481922792123584,0.543814122124777,0.789142831518436,0.758424134649901,-0.758424134649901,39.9,"played",NA,NA,NA,209,"Q3"
"3564",3564,"Idaho St.Utah Valley12-10",2025-12-10,"nc","Idaho St.","Utah Valley","BSky","WAC","A","L","69-73",0.328595781865349,0.786139268528895,0.789142831518436,0.50448923133059,-0.50448923133059,74.6,"played",NA,NA,NA,96,"Q2"
"3565",3565,"Idaho St.Utah Valley12-10",2025-12-10,"nc","Utah Valley","Idaho St.","WAC","BSky","H","W","73-69",0.786139268528895,0.328595781865349,0.87694452176131,0.935737061162961,0.0642629388370387,38,"played",NA,NA,NA,174,"Q4"
"3566",3566,"IdahoNotre Dame12-10",2025-12-10,"nc","Idaho","Notre Dame","BSky","ACC","A","L","65-80",0.431116462873849,0.775906977662226,0.789142831518436,0.519438937310661,-0.519438937310661,38.6,"played",NA,NA,NA,81,"Q2"
"3567",3567,"IdahoNotre Dame12-10",2025-12-10,"nc","Notre Dame","Idaho","ACC","BSky","H","W","80-65",0.775906977662226,0.431116462873849,0.87694452176131,0.903880582257921,0.0961194177420787,80.7,"played",NA,NA,NA,158,"Q3"
"3568",3568,"Jackson St.Houston12-10",2025-12-10,"nc","Houston","Jackson St.","B12","SWAC","H","W","80-38",0.978859960512281,0.118376704856031,0.87694452176131,0.981507081310067,0.0184929186899327,99.1,"played",NA,NA,NA,347,"Q4"
"3569",3569,"Jackson St.Houston12-10",2025-12-10,"nc","Jackson St.","Houston","SWAC","B12","A","L","38-80",0.118376704856031,0.978859960512281,0.789142831518436,0.0747819159995559,-0.0747819159995559,5.1,"played",NA,NA,NA,10,"Q1"
"3570",3570,"LamarSan Diego St.12-10",2025-12-10,"nc","Lamar","San Diego St.","Slnd","MWC","A","L","71-89",0.29006579149575,0.88804009035819,0.789142831518436,0.320579556111625,-0.320579556111625,40,"played",NA,NA,NA,52,"Q1"
"3571",3571,"LamarSan Diego St.12-10",2025-12-10,"nc","San Diego St.","Lamar","MWC","Slnd","H","W","89-71",0.88804009035819,0.29006579149575,0.87694452176131,0.945775529853966,0.0542244701460342,82.9,"played",NA,NA,NA,220,"Q4"
"3572",3572,"LibertyN.C. State12-10",2025-12-10,"nc","Liberty","N.C. State","CUSA","ACC","A","L","45-85",0.617063960398147,0.928506150979041,0.789142831518436,0.223705894573487,-0.223705894573487,1.7,"played",NA,NA,NA,29,"Q1"
"3573",3573,"LibertyN.C. State12-10",2025-12-10,"nc","N.C. State","Liberty","ACC","CUSA","H","W","85-45",0.928506150979041,0.617063960398147,0.87694452176131,0.815583004897484,0.184416995102516,99.9,"played",NA,NA,NA,84,"Q3"
"3574",3574,"MaineBoston University12-10",2025-12-10,"nc","Boston University","Maine","Pat","AE","H","L","59-69",0.285090150805246,0.0653376419463159,0.87694452176131,0.990285998285382,-0.990285998285382,1.1,"played",NA,NA,NA,343,"Q4"
"3575",3575,"MaineBoston University12-10",2025-12-10,"nc","Maine","Boston University","AE","Pat","A","W","69-59",0.0653376419463159,0.285090150805246,0.789142831518436,0.903707677893,0.0962923221069998,71.5,"played",NA,NA,NA,292,"Q4"
"3576",3576,"MerrimackPrinceton12-10",2025-12-10,"nc","Merrimack","Princeton","MAAC","Ivy","A","W","59-56",0.339779292896384,0.452029450467109,0.789142831518436,0.819393021194762,0.180606978805238,61.8,"played",NA,NA,NA,239,"Q3"
"3577",3577,"MerrimackPrinceton12-10",2025-12-10,"nc","Princeton","Merrimack","Ivy","MAAC","H","L","56-59",0.452029450467109,0.339779292896384,0.87694452176131,0.932647440717921,-0.932647440717921,20.8,"played",NA,NA,NA,217,"Q4"
"3578",3578,"Miami OHUNC Asheville12-10",2025-12-10,"nc","Miami OH","UNC Asheville","MAC","BSth","A","W","90-87",0.696611503750518,0.418702865698982,0.789142831518436,0.838602545116366,0.161397454883634,64.9,"played",NA,NA,NA,232,"Q3"
"3579",3579,"Miami OHUNC Asheville12-10",2025-12-10,"nc","UNC Asheville","Miami OH","BSth","MAC","H","L","87-90",0.418702865698982,0.696611503750518,0.87694452176131,0.756317426282864,-0.756317426282864,47.2,"played",NA,NA,NA,49,"Q2"
"3580",3580,"MinnesotaPurdue12-10",2025-12-10,"conf","Minnesota","Purdue","B10","B10","A","L","57-85",0.730929552070615,0.968858276411217,0.789142831518436,0.107378422298164,-0.107378422298164,44.6,"played",NA,NA,NA,5,"Q1"
"3581",3581,"MinnesotaPurdue12-10",2025-12-10,"conf","Purdue","Minnesota","B10","B10","H","W","85-57",0.968858276411217,0.730929552070615,0.87694452176131,0.724014798467854,0.275985201532146,99.1,"played",NA,NA,NA,83,"Q3"
"3582",3582,"New HavenNJIT12-10",2025-12-10,"nc","New Haven","NJIT","NEC","AE","A","L","64-70",0.109352159726003,0.187927329168802,0.789142831518436,0.941766734177816,-0.941766734177816,6.8,"played",NA,NA,NA,332,"Q4"
"3583",3583,"New HavenNJIT12-10",2025-12-10,"nc","NJIT","New Haven","AE","NEC","H","W","70-64",0.187927329168802,0.109352159726003,0.87694452176131,0.983063190078944,0.0169368099210561,28,"played",NA,NA,NA,326,"Q4"
"3584",3584,"New MexicoVCU12-10",2025-12-10,"nc","New Mexico","VCU","MWC","A10","A","W","81-78",0.808195778802625,0.832009910410597,0.789142831518436,0.430411360912575,0.569588639087425,84.8,"played",NA,NA,NA,55,"Q1"
"3585",3585,"New MexicoVCU12-10",2025-12-10,"nc","VCU","New Mexico","A10","MWC","H","L","78-81",0.832009910410597,0.808195778802625,0.87694452176131,0.628428109075613,-0.628428109075613,78.9,"played",NA,NA,NA,42,"Q2"
"3586",3586,"Norfolk St.Baylor12-10",2025-12-10,"nc","Baylor","Norfolk St.","B12","MEAC","H","W","97-67",0.844844372317854,0.12516166540671,0.87694452176131,0.980319327860556,0.019680672139444,79,"played",NA,NA,NA,303,"Q4"
"3587",3587,"Norfolk St.Baylor12-10",2025-12-10,"nc","Norfolk St.","Baylor","MEAC","B12","A","L","67-97",0.12516166540671,0.844844372317854,0.789142831518436,0.407343680053834,-0.407343680053834,17.2,"played",NA,NA,NA,53,"Q1"
"3588",3588,"SouthernTexas St.12-10",2025-12-10,"nc","Southern","Texas St.","SWAC","SB","A","L","83-86",0.265907681407748,0.382567816926111,0.789142831518436,0.857957670648498,-0.857957670648498,35.9,"played",NA,NA,NA,265,"Q4"
"3589",3589,"SouthernTexas St.12-10",2025-12-10,"nc","Texas St.","Southern","SB","SWAC","H","W","86-83",0.382567816926111,0.265907681407748,0.87694452176131,0.951629886177392,0.0483701138226084,28.6,"played",NA,NA,NA,278,"Q4"
"3590",3590,"Tennessee MartinSouthern Illinois12-10",2025-12-10,"nc","Southern Illinois","Tennessee Martin","MVC","OVC","H","W","83-54",0.58926743721773,0.237188051713002,0.87694452176131,0.958192248853182,0.041807751146818,88.8,"played",NA,NA,NA,187,"Q4"
"3591",3591,"Tennessee MartinSouthern Illinois12-10",2025-12-10,"nc","Tennessee Martin","Southern Illinois","OVC","MVC","A","L","54-83",0.237188051713002,0.58926743721773,0.789142831518436,0.722887195145564,-0.722887195145564,5.3,"played",NA,NA,NA,143,"Q3"
"3592",3592,"Weber St.UMKC12-10",2025-12-10,"nc","UMKC","Weber St.","Sum","BSky","H","L","60-64",0.148903257972366,0.362300900236987,0.87694452176131,0.926163657167391,-0.926163657167391,19.6,"played",NA,NA,NA,190,"Q4"
"3593",3593,"Weber St.UMKC12-10",2025-12-10,"nc","Weber St.","UMKC","BSky","Sum","A","W","64-60",0.362300900236987,0.148903257972366,0.789142831518436,0.955340268216691,0.0446597317833091,29,"played",NA,NA,NA,346,"Q4"
"3594",3594,"Western KentuckyMarshall12-10",2025-12-10,"nc","Marshall","Western Kentucky","SB","CUSA","H","W","77-61",0.564591704093553,0.381373069076346,0.87694452176131,0.920380838248542,0.0796191617514583,78.8,"played",NA,NA,NA,167,"Q4"
"3595",3595,"Western KentuckyMarshall12-10",2025-12-10,"nc","Western Kentucky","Marshall","CUSA","SB","A","L","61-77",0.381373069076346,0.564591704093553,0.789142831518436,0.74268055731084,-0.74268055731084,17.7,"played",NA,NA,NA,138,"Q3"
"3596",3596,"WisconsinNebraska12-10",2025-12-10,"conf","Nebraska","Wisconsin","B10","B10","H","W","90-60",0.960111303481749,0.846803951575671,0.87694452176131,0.563174984065404,0.436825015934596,99.3,"played",NA,NA,NA,36,"Q2"
"3597",3597,"WisconsinNebraska12-10",2025-12-10,"conf","Wisconsin","Nebraska","B10","B10","A","L","60-90",0.846803951575671,0.960111303481749,0.789142831518436,0.134564422606148,-0.134564422606148,47.3,"played",NA,NA,NA,7,"Q1"
"3598",3598,"Crown MNNorth Dakota12-10",2025-12-10,"nond1","North Dakota","Crown MN","Sum",NA,"H","W","43-89",NA,NA,NA,NA,0,NA,"played",NA,NA,NA,NA,NA
"3599",3599,"TougalooTulane12-10",2025-12-10,"nond1","Tulane","Tougaloo","Amer",NA,"H","W","72-84",NA,NA,NA,NA,0,NA,"played",NA,NA,NA,NA,NA
"3600",3600,"Old WestburyHofstra12-10",2025-12-10,"nond1","Hofstra","Old Westbury","CAA",NA,"H","W","23-92",NA,NA,NA,NA,0,NA,"played",NA,NA,NA,NA,NA
"3601",3601,"Hawaii HiloHawaii12-10",2025-12-10,"nond1","Hawaii","Hawaii Hilo","BW",NA,"H","W","46-98",NA,NA,NA,NA,0,NA,"played",NA,NA,NA,NA,NA
"3602",3602,"Biblical Stud. (TX)Nicholls St.12-10",2025-12-10,"nond1","Nicholls St.","Biblical Stud. (TX)","Slnd",NA,"H","W","49-117",NA,NA,NA,NA,0,NA,"played",NA,NA,NA,NA,NA
"3603",3603,"Saint LeoFlorida Atlantic12-10",2025-12-10,"nond1","Florida Atlantic","Saint Leo","Amer",NA,"H","W","55-112",NA,NA,NA,NA,0,NA,"played",NA,NA,NA,NA,NA
"3604",3604,"FisherUMass Lowell12-10",2025-12-10,"nond1","UMass Lowell","Fisher","AE",NA,"H","W","73-122",NA,NA,NA,NA,0,NA,"played",NA,NA,NA,NA,NA
"3605",3605,"Salish-KootenaiMontana12-10",2025-12-10,"nond1","Montana","Salish-Kootenai","BSky",NA,"H","W","46-102",NA,NA,NA,NA,0,NA,"played",NA,NA,NA,NA,NA
"3606",3606,"Bethesda (CA)Cal St. Fullerton12-10",2025-12-10,"nond1","Cal St. Fullerton","Bethesda (CA)","BW",NA,"H","W","66-116",NA,NA,NA,NA,0,NA,"played",NA,NA,NA,NA,NA
"3607",3607,"Alabama St.Missouri12-11",2025-12-11,"nc","Alabama St.","Missouri","SWAC","SEC","A","L","77-85",0.161273195651384,0.837628198528992,0.789142831518436,0.42045174979891,-0.42045174979891,43.3,"played",NA,NA,NA,70,"Q1"
"3608",3608,"Alabama St.Missouri12-11",2025-12-11,"nc","Missouri","Alabama St.","SEC","SWAC","H","W","85-77",0.837628198528992,0.161273195651384,0.87694452176131,0.973727114931155,0.026272885068845,56.5,"played",NA,NA,NA,313,"Q4"
"3609",3609,"Appalachian St.East Carolina12-11",2025-12-11,"nc","Appalachian St.","East Carolina","SB","Amer","A","W","67-54",0.322413113123934,0.262679066039086,0.789142831518436,0.913081687465795,0.0869183125342055,82.4,"played",NA,NA,NA,299,"Q4"
"3610",3610,"Appalachian St.East Carolina12-11",2025-12-11,"nc","East Carolina","Appalachian St.","Amer","SB","H","L","54-67",0.262679066039086,0.322413113123934,0.87694452176131,0.937409842186305,-0.937409842186305,3.5,"played",NA,NA,NA,212,"Q4"
"3611",3611,"Green BayIU Indy12-11",2025-12-11,"conf","Green Bay","IU Indy","Horz","Horz","A","W","85-75",0.347484853107807,0.293111925980727,0.789142831518436,0.900257068363485,0.0997429316365148,47.1,"played",NA,NA,NA,310,"Q4"
"3612",3612,"Green BayIU Indy12-11",2025-12-11,"conf","IU Indy","Green Bay","Horz","Horz","H","L","75-85",0.293111925980727,0.347484853107807,0.87694452176131,0.93046936539492,-0.93046936539492,19.9,"played",NA,NA,NA,230,"Q4"
"3613",3613,"IowaIowa St.12-11",2025-12-11,"nc","Iowa","Iowa St.","B10","B12","A","L","62-66",0.910684041262198,0.963201567205515,0.789142831518436,0.125095084414269,-0.125095084414269,95.2,"played",NA,NA,NA,6,"Q1"
"3614",3614,"IowaIowa St.12-11",2025-12-11,"nc","Iowa St.","Iowa","B12","B10","H","W","66-62",0.963201567205515,0.910684041262198,0.87694452176131,0.411393574304387,0.588606425695613,93.1,"played",NA,NA,NA,21,"Q1"
"3615",3615,"North Dakota St.Cal St. Bakersfield12-11",2025-12-11,"nc","Cal St. Bakersfield","North Dakota St.","BW","Sum","H","L","69-80",0.265483872557692,0.525202618458169,0.87694452176131,0.865636057338206,-0.865636057338206,18.7,"played",NA,NA,NA,132,"Q3"
"3616",3616,"North Dakota St.Cal St. Bakersfield12-11",2025-12-11,"nc","North Dakota St.","Cal St. Bakersfield","Sum","BW","A","W","80-69",0.525202618458169,0.265483872557692,0.789142831518436,0.911929432395944,0.0880705676040564,63.4,"played",NA,NA,NA,301,"Q4"
"3617",3617,"Saint Joseph'sSyracuse12-11",2025-12-11,"nc","Saint Joseph's","Syracuse","A10","ACC","A","L","63-71",0.441375051805727,0.839475742553748,0.789142831518436,0.417130023189949,-0.417130023189949,66.7,"played",NA,NA,NA,77,"Q2"
"3618",3618,"Saint Joseph'sSyracuse12-11",2025-12-11,"nc","Syracuse","Saint Joseph's","ACC","A10","H","W","71-63",0.839475742553748,0.441375051805727,0.87694452176131,0.90019487903602,0.0998051209639798,67.4,"played",NA,NA,NA,192,"Q4"
"3619",3619,"UT ArlingtonUT Rio Grande Valley12-11",2025-12-11,"nc","UT Arlington","UT Rio Grande Valley","WAC","Slnd","A","W","58-50",0.429835729480134,0.55726232666861,0.789142831518436,0.748326675227506,0.251673324772494,73.3,"played",NA,NA,NA,194,"Q3"
"3620",3620,"UT ArlingtonUT Rio Grande Valley12-11",2025-12-11,"nc","UT Rio Grande Valley","UT Arlington","Slnd","WAC","H","L","50-58",0.55726232666861,0.429835729480134,0.87694452176131,0.90433348387365,-0.90433348387365,25.7,"played",NA,NA,NA,123,"Q3"
"3621",3621,"Western CarolinaVirginia Tech12-11",2025-12-11,"nc","Virginia Tech","Western Carolina","ACC","SC","H","W","96-74",0.853893151640768,0.189337564487005,0.87694452176131,0.968266322969144,0.0317336770308555,84.8,"played",NA,NA,NA,289,"Q4"
"3622",3622,"Western CarolinaVirginia Tech12-11",2025-12-11,"nc","Western Carolina","Virginia Tech","SC","ACC","A","L","74-96",0.189337564487005,0.853893151640768,0.789142831518436,0.39038325210195,-0.39038325210195,19.6,"played",NA,NA,NA,51,"Q1"
"3623",3623,"Saint John's (MN)St. Thomas12-11",2025-12-11,"nond1","St. Thomas","Saint John's (MN)","Sum",NA,"H","W","56-80",NA,NA,NA,NA,0,NA,"played",NA,NA,NA,NA,NA
"3624",3624,"Bloomfield Col.Wagner12-11",2025-12-11,"nond1","Wagner","Bloomfield Col.","NEC",NA,"H","W","93-95",NA,NA,NA,NA,0,NA,"played",NA,NA,NA,NA,NA
"3625",3625,"Trinity ChristianJacksonville12-11",2025-12-11,"nond1","Jacksonville","Trinity Christian","ASun",NA,"H","W","49-122",NA,NA,NA,NA,0,NA,"played",NA,NA,NA,NA,NA
"3626",3626,"Alas. AnchorageDenver12-11",2025-12-11,"nond1","Denver","Alas. Anchorage","Sum",NA,"H","W","61-97",NA,NA,NA,NA,0,NA,"played",NA,NA,NA,NA,NA
"3627",3627,"Coastal GeorgiaGeorgia Southern12-11",2025-12-11,"nond1","Georgia Southern","Coastal Georgia","SB",NA,"H","W","58-100",NA,NA,NA,NA,0,NA,"played",NA,NA,NA,NA,NA
"3628",3628,"ArmyUMBC12-12",2025-12-12,"nc","Army","UMBC","Pat","AE","A","W","63-60",0.121286957424866,0.335726306960335,0.789142831518436,0.881024132869604,0.118975867130396,58.6,"played",NA,NA,NA,274,"Q4"
"3629",3629,"ArmyUMBC12-12",2025-12-12,"nc","UMBC","Army","AE","Pat","H","L","60-63",0.335726306960335,0.121286957424866,0.87694452176131,0.980999516370392,-0.980999516370392,4.7,"played",NA,NA,NA,320,"Q4"
"3630",3630,"Cal BaptistEastern Washington12-12",2025-12-12,"nc","Cal Baptist","Eastern Washington","WAC","BSky","A","W","88-83",0.540609234029639,0.461978641835474,0.789142831518436,0.81338334131993,0.18661665868007,66.7,"played",NA,NA,NA,254,"Q4"
"3631",3631,"Cal BaptistEastern Washington12-12",2025-12-12,"nc","Eastern Washington","Cal Baptist","BSky","WAC","H","L","83-88",0.461978641835474,0.540609234029639,0.87694452176131,0.858272191250011,-0.858272191250011,33.6,"played",NA,NA,NA,120,"Q3"
"3632",3632,"East Tennessee St.Austin Peay12-12",2025-12-12,"nc","Austin Peay","East Tennessee St.","ASun","SC","H","W","76-75",0.626176067152334,0.448888433472161,0.87694452176131,0.897428314939119,0.102571685060881,68.2,"played",NA,NA,NA,129,"Q3"
"3633",3633,"East Tennessee St.Austin Peay12-12",2025-12-12,"nc","East Tennessee St.","Austin Peay","SC","ASun","A","L","75-76",0.448888433472161,0.626176067152334,0.789142831518436,0.690812314834955,-0.690812314834955,38.9,"played",NA,NA,NA,149,"Q3"
"3634",3634,"East Texas A&MMcNeese St.12-12",2025-12-12,"conf","East Texas A&M","McNeese St.","Slnd","Slnd","A","L","66-102",0.215264103557443,0.804042842508263,0.789142831518436,0.477018666749508,-0.477018666749508,3,"played",NA,NA,NA,57,"Q1"
"3635",3635,"East Texas A&MMcNeese St.12-12",2025-12-12,"conf","McNeese St.","East Texas A&M","Slnd","Slnd","H","W","102-66",0.804042842508263,0.215264103557443,0.87694452176131,0.962934186645948,0.0370658133540517,97.3,"played",NA,NA,NA,277,"Q4"
"3636",3636,"Maryland Eastern ShoreNorth Carolina A&T12-12",2025-12-12,"nc","Maryland Eastern Shore","North Carolina A&T","MEAC","CAA","A","L","79-82",0.112768939573491,0.276662006999724,0.789142831518436,0.907278273097433,-0.907278273097433,25.7,"played",NA,NA,NA,270,"Q4"
"3637",3637,"Maryland Eastern ShoreNorth Carolina A&T12-12",2025-12-12,"nc","North Carolina A&T","Maryland Eastern Shore","CAA","MEAC","H","W","82-79",0.276662006999724,0.112768939573491,0.87694452176131,0.98247717744524,0.0175228225547599,12.3,"played",NA,NA,NA,325,"Q4"
"3638",3638,"Missouri St.Xavier12-12",2025-12-12,"nc","Missouri St.","Xavier","CUSA","BE","A","L","57-75",0.459710378911034,0.780139218822579,0.789142831518436,0.513318973154326,-0.513318973154326,25.1,"played",NA,NA,NA,94,"Q2"
"3639",3639,"Missouri St.Xavier12-12",2025-12-12,"nc","Xavier","Missouri St.","BE","CUSA","H","W","75-57",0.780139218822579,0.459710378911034,0.87694452176131,0.893339623025375,0.106660376974625,90,"played",NA,NA,NA,191,"Q4"
"3640",3640,"South Carolina St.Queens12-12",2025-12-12,"nc","Queens","South Carolina St.","ASun","MEAC","H","W","102-78",0.515663678728228,0.0507325033248179,0.87694452176131,0.992556422425133,0.00744357757486747,61.4,"played",NA,NA,NA,360,"Q4"
"3641",3641,"South Carolina St.Queens12-12",2025-12-12,"nc","South Carolina St.","Queens","MEAC","ASun","A","L","78-102",0.0507325033248179,0.515663678728228,0.789142831518436,0.77852495592304,-0.77852495592304,3.5,"played",NA,NA,NA,183,"Q3"
"3642",3642,"TexasConnecticut12-12",2025-12-12,"nc","Connecticut","Texas","BE","SEC","H","W","71-63",0.972195245967499,0.805200835828333,0.87694452176131,0.632901780263016,0.367098219736984,95.5,"played",NA,NA,NA,43,"Q2"
"3643",3643,"TexasConnecticut12-12",2025-12-12,"nc","Texas","Connecticut","SEC","BE","A","L","63-71",0.805200835828333,0.972195245967499,0.789142831518436,0.0966876003580351,-0.0966876003580351,87.3,"played",NA,NA,NA,8,"Q1"
"3644",3644,"BrevardGardner Webb12-12",2025-12-12,"nond1","Gardner Webb","Brevard","BSth",NA,"H","W","63-77",NA,NA,NA,NA,0,NA,"played",NA,NA,NA,NA,NA
"3645",3645,"VTSU-JohnsonStonehill12-12",2025-12-12,"nond1","Stonehill","VTSU-Johnson","NEC",NA,"H","W","60-101",NA,NA,NA,NA,0,NA,"played",NA,NA,NA,NA,NA
"3646",3646,"William PeaceUNC Greensboro12-12",2025-12-12,"nond1","UNC Greensboro","William Peace","SC",NA,"H","W","62-90",NA,NA,NA,NA,0,NA,"played",NA,NA,NA,NA,NA
"3647",3647,"Dallas ChristianTexas A&M Corpus Chris12-12",2025-12-12,"nond1","Texas A&M Corpus Chris","Dallas Christian","Slnd",NA,"H","W","55-108",NA,NA,NA,NA,0,NA,"played",NA,NA,NA,NA,NA
"3648",3648,"Dakota WesleyanSouth Dakota St.12-12",2025-12-12,"nond1","South Dakota St.","Dakota Wesleyan","Sum",NA,"H","W","62-94",NA,NA,NA,NA,0,NA,"played",NA,NA,NA,NA,NA
"3649",3649,"AkronMurray St.12-13",2025-12-13,"nc","Akron","Murray St.","MAC","MVC","N","L","100-115",0.801739894580337,0.706574138306363,0.837778001870703,0.682001299672887,-0.682001299672887,36.8,"played",NA,NA,NA,74,"Q2"
"3650",3650,"AkronMurray St.12-13",2025-12-13,"nc","Murray St.","Akron","MVC","MAC","N","W","115-100",0.706574138306363,0.801739894580337,0.837778001870703,0.560842744928798,0.439157255071202,94.4,"played",NA,NA,NA,54,"Q2"
"3651",3651,"AlabamaArizona12-13",2025-12-13,"nc","Alabama","Arizona","SEC","B12","N","L","75-96",0.938193054731862,0.969557623062076,0.837778001870703,0.139527865567766,-0.139527865567766,83.3,"played",NA,NA,NA,3,"Q1"
"3652",3652,"AlabamaArizona12-13",2025-12-13,"nc","Arizona","Alabama","B12","SEC","N","W","96-75",0.969557623062076,0.938193054731862,0.837778001870703,0.253855777846417,0.746144222153583,99,"played",NA,NA,NA,19,"Q1"
"3653",3653,"AlbanyFlorida Atlantic12-13",2025-12-13,"nc","Albany","Florida Atlantic","AE","Amer","A","L","79-105",0.187386733437233,0.793840431015816,0.789142831518436,0.492884070110421,-0.492884070110421,9.7,"played",NA,NA,NA,91,"Q2"
"3654",3654,"AlbanyFlorida Atlantic12-13",2025-12-13,"nc","Florida Atlantic","Albany","Amer","AE","H","W","105-79",0.793840431015816,0.187386733437233,0.87694452176131,0.968656075522331,0.0313439244776691,89.3,"played",NA,NA,NA,309,"Q4"
"3655",3655,"Arizona St.Santa Clara12-13",2025-12-13,"nc","Arizona St.","Santa Clara","B12","WCC","N","W","82-79",0.701699555932265,0.872877060014961,0.837778001870703,0.42926448148856,0.57073551851144,85.2,"played",NA,NA,NA,44,"Q1"
"3656",3656,"Arizona St.Santa Clara12-13",2025-12-13,"nc","Santa Clara","Arizona St.","WCC","B12","N","L","79-82",0.872877060014961,0.701699555932265,0.837778001870703,0.687054216277166,-0.687054216277166,73.6,"played",NA,NA,NA,93,"Q2"
"3657",3657,"Arkansas St.Rice12-13",2025-12-13,"nc","Arkansas St.","Rice","SB","Amer","A","L","76-77",0.486958310027856,0.456337279232508,0.789142831518436,0.816807094698556,-0.816807094698556,55,"played",NA,NA,NA,253,"Q4"
"3658",3658,"Arkansas St.Rice12-13",2025-12-13,"nc","Rice","Arkansas St.","Amer","SB","H","W","77-76",0.456337279232508,0.486958310027856,0.87694452176131,0.882465421492392,0.117534578507608,39.5,"played",NA,NA,NA,141,"Q3"
"3659",3659,"ArkansasTexas Tech12-13",2025-12-13,"nc","Arkansas","Texas Tech","SEC","B12","N","W","93-86",0.925366144077061,0.936280189362831,0.837778001870703,0.260064783295892,0.739935216704108,95,"played",NA,NA,NA,17,"Q1"
"3660",3660,"ArkansasTexas Tech12-13",2025-12-13,"nc","Texas Tech","Arkansas","B12","SEC","N","L","86-93",0.936280189362831,0.925366144077061,0.837778001870703,0.294047246212928,-0.294047246212928,90.6,"played",NA,NA,NA,20,"Q1"
"3661",3661,"AuburnChattanooga12-13",2025-12-13,"nc","Auburn","Chattanooga","SEC","SC","N","W","92-78",0.885700111602542,0.249234573931518,0.837778001870703,0.939601190900804,0.0603988090991961,63.9,"played",NA,NA,NA,280,"Q4"
"3662",3662,"AuburnChattanooga12-13",2025-12-13,"nc","Chattanooga","Auburn","SC","SEC","N","L","78-92",0.249234573931518,0.885700111602542,0.837778001870703,0.399927925093432,-0.399927925093432,59.2,"played",NA,NA,NA,34,"Q1"
"3663",3663,"Boston UniversityDartmouth12-13",2025-12-13,"nc","Boston University","Dartmouth","Pat","Ivy","A","L","64-77",0.173160301084916,0.465558838117583,0.789142831518436,0.811188227275576,-0.811188227275576,9.2,"played",NA,NA,NA,222,"Q3"
"3664",3664,"Boston UniversityDartmouth12-13",2025-12-13,"nc","Dartmouth","Boston University","Ivy","Pat","H","W","77-64",0.465558838117583,0.173160301084916,0.87694452176131,0.97145190396275,0.0285480960372501,64.4,"played",NA,NA,NA,292,"Q4"
"3665",3665,"Cal St. FullertonDenver12-13",2025-12-13,"nc","Cal St. Fullerton","Denver","BW","Sum","A","W","105-86",0.331925225797259,0.405627761111882,0.789142831518436,0.845774407421677,0.154225592578323,92.6,"played",NA,NA,NA,251,"Q4"
"3666",3666,"Cal St. FullertonDenver12-13",2025-12-13,"nc","Denver","Cal St. Fullerton","Sum","BW","H","L","86-105",0.405627761111882,0.331925225797259,0.87694452176131,0.934825940311833,-0.934825940311833,2.6,"played",NA,NA,NA,200,"Q4"
"3667",3667,"Cal St. NorthridgeDelaware12-13",2025-12-13,"nc","Cal St. Northridge","Delaware","BW","CUSA","A","W","88-66",0.385010418560885,0.290475626387562,0.789142831518436,0.901396772388435,0.0986032276115646,93.9,"played",NA,NA,NA,300,"Q4"
"3668",3668,"Cal St. NorthridgeDelaware12-13",2025-12-13,"nc","Delaware","Cal St. Northridge","CUSA","BW","H","L","66-88",0.290475626387562,0.385010418560885,0.87694452176131,0.91924578431368,-0.91924578431368,1.6,"played",NA,NA,NA,209,"Q4"
"3669",3669,"CanisiusMaine12-13",2025-12-13,"nc","Canisius","Maine","MAAC","AE","A","W","70-43",0.0962828763969484,0.117473612685145,0.789142831518436,0.965654705788423,0.0343452942115771,95.9,"played",NA,NA,NA,343,"Q4"
"3670",3670,"CanisiusMaine12-13",2025-12-13,"nc","Maine","Canisius","AE","MAAC","H","L","43-70",0.117473612685145,0.0962828763969484,0.87694452176131,0.985270070495874,-0.985270070495874,0.1,"played",NA,NA,NA,342,"Q4"
"3671",3671,"Central ArkansasVanderbilt12-13",2025-12-13,"nc","Central Arkansas","Vanderbilt","ASun","SEC","A","L","72-83",0.418552667589624,0.960919519146125,0.789142831518436,0.132101847871506,-0.132101847871506,61.4,"played",NA,NA,NA,16,"Q1"
"3672",3672,"Central ArkansasVanderbilt12-13",2025-12-13,"nc","Vanderbilt","Central Arkansas","SEC","ASun","H","W","83-72",0.960919519146125,0.418552667589624,0.87694452176131,0.908256159397106,0.0917438406028938,91.8,"played",NA,NA,NA,206,"Q4"
"3673",3673,"Central ConnecticutBinghamton12-13",2025-12-13,"nc","Binghamton","Central Connecticut","AE","NEC","H","L","67-84",0.0832959988038982,0.185254014996825,0.87694452176131,0.969080387831991,-0.969080387831991,2.8,"played",NA,NA,NA,247,"Q4"
"3674",3674,"Central ConnecticutBinghamton12-13",2025-12-13,"nc","Central Connecticut","Binghamton","NEC","AE","A","W","84-67",0.185254014996825,0.0832959988038982,0.789142831518436,0.976296658657706,0.0237033413422945,42.2,"played",NA,NA,NA,362,"Q4"
"3675",3675,"Central MichiganStony Brook12-13",2025-12-13,"nc","Central Michigan","Stony Brook","MAC","CAA","A","L","55-78",0.143586134959525,0.460531374139957,0.789142831518436,0.814265765425597,-0.814265765425597,1.1,"played",NA,NA,NA,234,"Q3"
"3676",3676,"Central MichiganStony Brook12-13",2025-12-13,"nc","Stony Brook","Central Michigan","CAA","MAC","H","W","78-55",0.460531374139957,0.143586134959525,0.87694452176131,0.977014256827904,0.0229857431720957,92.6,"played",NA,NA,NA,329,"Q4"
"3677",3677,"CincinnatiGeorgia12-13",2025-12-13,"nc","Cincinnati","Georgia","B12","SEC","N","L","65-84",0.833401447570207,0.887682411226931,0.837778001870703,0.395202316730509,-0.395202316730509,68,"played",NA,NA,NA,24,"Q1"
"3678",3678,"CincinnatiGeorgia12-13",2025-12-13,"nc","Georgia","Cincinnati","SEC","B12","N","W","84-65",0.887682411226931,0.833401447570207,0.837778001870703,0.507964071398832,0.492035928601168,94.9,"played",NA,NA,NA,72,"Q2"
"3679",3679,"Coastal CarolinaGrand Canyon12-13",2025-12-13,"nc","Coastal Carolina","Grand Canyon","SB","MWC","A","L","61-82",0.252170326443001,0.843748589646882,0.789142831518436,0.409357541008259,-0.409357541008259,7.4,"played",NA,NA,NA,86,"Q2"
"3680",3680,"Coastal CarolinaGrand Canyon12-13",2025-12-13,"nc","Grand Canyon","Coastal Carolina","MWC","SB","H","W","82-61",0.843748589646882,0.252170326443001,0.87694452176131,0.954820456841901,0.0451795431580991,95.8,"played",NA,NA,NA,235,"Q4"
"3681",3681,"Delaware St.Longwood12-13",2025-12-13,"nc","Delaware St.","Longwood","MEAC","BSth","A","W","81-76",0.0497573037483458,0.312752660506419,0.789142831518436,0.891586317792624,0.108413682207376,53.8,"played",NA,NA,NA,271,"Q4"
"3682",3682,"Delaware St.Longwood12-13",2025-12-13,"nc","Longwood","Delaware St.","BSth","MEAC","H","L","76-81",0.312752660506419,0.0497573037483458,0.87694452176131,0.99270589963853,-0.99270589963853,2,"played",NA,NA,NA,358,"Q4"
"3683",3683,"DePaulWichita St.12-13",2025-12-13,"nc","DePaul","Wichita St.","BE","Amer","A","W","61-58",0.57837139577554,0.738904436061514,0.789142831518436,0.569419774868401,0.430580225131599,79.7,"played",NA,NA,NA,95,"Q2"
"3684",3684,"DePaulWichita St.12-13",2025-12-13,"nc","Wichita St.","DePaul","Amer","BE","H","L","58-61",0.738904436061514,0.57837139577554,0.87694452176131,0.838582265959197,-0.838582265959197,49.7,"played",NA,NA,NA,113,"Q3"
"3685",3685,"DuquesneNevada12-13",2025-12-13,"nc","Duquesne","Nevada","A10","MWC","A","L","75-78",0.509896069293123,0.843851415463164,0.789142831518436,0.409168925081937,-0.409168925081937,69,"played",NA,NA,NA,65,"Q1"
"3686",3686,"DuquesneNevada12-13",2025-12-13,"nc","Nevada","Duquesne","MWC","A10","H","W","78-75",0.843851415463164,0.509896069293123,0.87694452176131,0.872608167411856,0.127391832588144,71.7,"played",NA,NA,NA,155,"Q3"
"3687",3687,"EvansvilleNotre Dame12-13",2025-12-13,"nc","Evansville","Notre Dame","MVC","ACC","A","L","58-82",0.195465563513328,0.775906977662226,0.789142831518436,0.519438937310661,-0.519438937310661,13.3,"played",NA,NA,NA,81,"Q2"
"3688",3688,"EvansvilleNotre Dame12-13",2025-12-13,"nc","Notre Dame","Evansville","ACC","MVC","H","W","82-58",0.775906977662226,0.195465563513328,0.87694452176131,0.967031802152611,0.0329681978473889,84.5,"played",NA,NA,NA,284,"Q4"
"3689",3689,"Florida St.Massachusetts12-13",2025-12-13,"nc","Florida St.","Massachusetts","ACC","MAC","N","L","95-103",0.644319384138006,0.492898118125247,0.837778001870703,0.84160206237736,-0.84160206237736,28.9,"played",NA,NA,NA,195,"Q3"
"3690",3690,"Florida St.Massachusetts12-13",2025-12-13,"nc","Massachusetts","Florida St.","MAC","ACC","N","W","103-95",0.492898118125247,0.644319384138006,0.837778001870703,0.74031877235898,0.25968122764102,81.3,"played",NA,NA,NA,115,"Q3"
"3691",3691,"FloridaGeorge Washington12-13",2025-12-13,"nc","Florida","George Washington","SEC","A10","N","W","80-70",0.956063022904127,0.750489645507637,0.837778001870703,0.631943133406867,0.368056866593133,94.7,"played",NA,NA,NA,75,"Q2"
"3692",3692,"FloridaGeorge Washington12-13",2025-12-13,"nc","George Washington","Florida","A10","SEC","N","L","70-80",0.750489645507637,0.956063022904127,0.837778001870703,0.191811815252024,-0.191811815252024,78.4,"played",NA,NA,NA,14,"Q1"
"3693",3693,"Georgia SouthernWest Georgia12-13",2025-12-13,"nc","Georgia Southern","West Georgia","SB","ASun","A","W","91-85",0.25951963690932,0.213011210585839,0.789142831518436,0.932556250535378,0.0674437494646216,50.7,"played",NA,NA,NA,322,"Q4"
"3694",3694,"Georgia SouthernWest Georgia12-13",2025-12-13,"nc","West Georgia","Georgia Southern","ASun","SB","H","L","85-91",0.213011210585839,0.25951963690932,0.87694452176131,0.953125607727472,-0.953125607727472,8.4,"played",NA,NA,NA,243,"Q4"
"3695",3695,"GonzagaUCLA12-13",2025-12-13,"nc","Gonzaga","UCLA","WCC","B10","N","W","82-72",0.953797375405029,0.84590595046095,0.837778001870703,0.484740325106026,0.515259674893974,93.6,"played",NA,NA,NA,40,"Q1"
"3696",3696,"GonzagaUCLA12-13",2025-12-13,"nc","UCLA","Gonzaga","B10","WCC","N","L","72-82",0.84590595046095,0.953797375405029,0.837778001870703,0.200106758650461,-0.200106758650461,88.5,"played",NA,NA,NA,4,"Q1"
"3697",3697,"HamptonHoward12-13",2025-12-13,"nc","Hampton","Howard","CAA","MEAC","N","L","57-61",0.285888193374331,0.295827063501703,0.837778001870703,0.924772877423033,-0.924772877423033,15.6,"played",NA,NA,NA,252,"Q4"
"3698",3698,"HamptonHoward12-13",2025-12-13,"nc","Howard","Hampton","MEAC","CAA","N","W","61-57",0.295827063501703,0.285888193374331,0.837778001870703,0.928057475417574,0.0719425245824262,47.6,"played",NA,NA,NA,238,"Q4"
"3699",3699,"HofstraSyracuse12-13",2025-12-13,"nc","Hofstra","Syracuse","CAA","ACC","A","W","70-69",0.550605304781333,0.839475742553748,0.789142831518436,0.417130023189949,0.582869976810051,85.4,"played",NA,NA,NA,77,"Q2"
"3700",3700,"HofstraSyracuse12-13",2025-12-13,"nc","Syracuse","Hofstra","ACC","CAA","H","L","69-70",0.839475742553748,0.550605304781333,0.87694452176131,0.853296277500354,-0.853296277500354,52.2,"played",NA,NA,NA,106,"Q3"
"3701",3701,"Illinois ChicagoBelmont12-13",2025-12-13,"conf","Belmont","Illinois Chicago","MVC","MVC","H","W","87-84",0.80633083929574,0.500741447619587,0.87694452176131,0.876624116731868,0.123375883268132,51.3,"played",NA,NA,NA,161,"Q4"
"3702",3702,"Illinois ChicagoBelmont12-13",2025-12-13,"conf","Illinois Chicago","Belmont","MVC","MVC","A","L","84-87",0.500741447619587,0.80633083929574,0.789142831518436,0.473381084368494,-0.473381084368494,79.9,"played",NA,NA,NA,64,"Q1"
"3703",3703,"Illinois St.Utah St.12-13",2025-12-13,"nc","Illinois St.","Utah St.","MVC","MWC","N","L","78-83",0.762837618717621,0.886014120583521,0.837778001870703,0.399182884998463,-0.399182884998463,72.4,"played",NA,NA,NA,25,"Q1"
"3704",3704,"Illinois St.Utah St.12-13",2025-12-13,"nc","Utah St.","Illinois St.","MWC","MVC","N","W","83-78",0.886014120583521,0.762837618717621,0.837778001870703,0.616208812588455,0.383791187411545,90.5,"played",NA,NA,NA,79,"Q2"
"3705",3705,"IndianaKentucky12-13",2025-12-13,"nc","Indiana","Kentucky","B10","SEC","A","L","60-72",0.873086517947804,0.894882969930619,0.789142831518436,0.305370611040222,-0.305370611040222,77.3,"played",NA,NA,NA,31,"Q1"
"3706",3706,"IndianaKentucky12-13",2025-12-13,"nc","Kentucky","Indiana","SEC","B10","H","W","72-60",0.894882969930619,0.873086517947804,0.87694452176131,0.508818932948501,0.491181067051499,94.5,"played",NA,NA,NA,38,"Q2"
"3707",3707,"IonaSt. John's12-13",2025-12-13,"nc","Iona","St. John's","MAAC","BE","A","L","64-91",0.289732912826144,0.941505441293299,0.789142831518436,0.188653986484811,-0.188653986484811,52.2,"played",NA,NA,NA,23,"Q1"
"3708",3708,"IonaSt. John's12-13",2025-12-13,"nc","St. John's","Iona","BE","MAAC","H","W","91-64",0.941505441293299,0.289732912826144,0.87694452176131,0.945858398301721,0.054141601698279,85.7,"played",NA,NA,NA,218,"Q4"
"3709",3709,"Jackson St.Northwestern12-13",2025-12-13,"nc","Jackson St.","Northwestern","SWAC","B10","A","L","53-93",0.118376704856031,0.848307220201776,0.789142831518436,0.400923368847485,-0.400923368847485,5,"played",NA,NA,NA,69,"Q1"
"3710",3710,"Jackson St.Northwestern12-13",2025-12-13,"nc","Northwestern","Jackson St.","B10","SWAC","H","W","93-53",0.848307220201776,0.118376704856031,0.87694452176131,0.981507081310067,0.0184929186899327,93.5,"played",NA,NA,NA,347,"Q4"
"3711",3711,"Jacksonville St.Georgia St.12-13",2025-12-13,"nc","Georgia St.","Jacksonville St.","SB","CUSA","H","W","77-73",0.332443152619094,0.295930609897491,0.87694452176131,0.944305079945083,0.0556949200549175,51.7,"played",NA,NA,NA,245,"Q4"
"3712",3712,"Jacksonville St.Georgia St.12-13",2025-12-13,"nc","Jacksonville St.","Georgia St.","CUSA","SB","A","L","73-77",0.295930609897491,0.332443152619094,0.789142831518436,0.88256236526728,-0.88256236526728,16.3,"played",NA,NA,NA,261,"Q4"
"3713",3713,"Kansas St.Creighton12-13",2025-12-13,"nc","Creighton","Kansas St.","BE","B12","H","L","76-83",0.853766094479856,0.660770736289095,0.87694452176131,0.785342749205728,-0.785342749205728,31.8,"played",NA,NA,NA,82,"Q3"
"3714",3714,"Kansas St.Creighton12-13",2025-12-13,"nc","Kansas St.","Creighton","B12","BE","A","W","83-76",0.660770736289095,0.853766094479856,0.789142831518436,0.390625558612227,0.609374441387773,96.1,"played",NA,NA,NA,58,"Q1"
"3715",3715,"KansasN.C. State12-13",2025-12-13,"nc","Kansas","N.C. State","B12","ACC","A","W","77-76",0.923435166348524,0.928506150979041,0.789142831518436,0.223705894573487,0.776294105426513,93.6,"played",NA,NA,NA,29,"Q1"
"3716",3716,"KansasN.C. State12-13",2025-12-13,"nc","N.C. State","Kansas","ACC","B12","H","L","76-77",0.928506150979041,0.923435166348524,0.87694452176131,0.371414287559022,-0.371414287559022,91.4,"played",NA,NA,NA,18,"Q1"
"3717",3717,"La SalleLIU12-13",2025-12-13,"nc","La Salle","LIU","A10","NEC","A","L","60-70",0.347282363436385,0.478872202881425,0.789142831518436,0.802869762385744,-0.802869762385744,16.3,"played",NA,NA,NA,201,"Q3"
"3718",3718,"La SalleLIU12-13",2025-12-13,"nc","LIU","La Salle","NEC","A10","H","W","70-60",0.478872202881425,0.347282363436385,0.87694452176131,0.930527128014643,0.0694728719853572,71.6,"played",NA,NA,NA,227,"Q4"
"3719",3719,"Louisiana MonroeMiami FL12-13",2025-12-13,"nc","Louisiana Monroe","Miami FL","SB","ACC","A","L","79-104",0.0612505362259951,0.882624997146115,0.789142831518436,0.332309029138053,-0.332309029138053,34.5,"played",NA,NA,NA,37,"Q1"
"3720",3720,"Louisiana MonroeMiami FL12-13",2025-12-13,"nc","Miami FL","Louisiana Monroe","ACC","SB","H","W","104-79",0.882624997146115,0.0612505362259951,0.87694452176131,0.990927418635129,0.0090725813648711,48.2,"played",NA,NA,NA,359,"Q4"
"3721",3721,"LouisianaLouisiana Tech12-13",2025-12-13,"nc","Louisiana","Louisiana Tech","SB","CUSA","A","L","44-65",0.137657594317457,0.333416655235645,0.789142831518436,0.882107278744537,-0.882107278744537,0.9,"played",NA,NA,NA,264,"Q4"
"3722",3722,"LouisianaLouisiana Tech12-13",2025-12-13,"nc","Louisiana Tech","Louisiana","CUSA","SB","H","W","65-44",0.333416655235645,0.137657594317457,0.87694452176131,0.978090705272969,0.021909294727031,89.7,"played",NA,NA,NA,334,"Q4"
"3723",3723,"LSUSMU12-13",2025-12-13,"nc","LSU","SMU","SEC","ACC","N","W","89-77",0.828941697055762,0.888452786871636,0.837778001870703,0.393351441811885,0.606648558188115,97.6,"played",NA,NA,NA,30,"Q1"
"3724",3724,"LSUSMU12-13",2025-12-13,"nc","SMU","LSU","ACC","SEC","N","L","77-89",0.888452786871636,0.828941697055762,0.837778001870703,0.515905137732589,-0.515905137732589,48.5,"played",NA,NA,NA,50,"Q1"
"3725",3725,"ManhattanFordham12-13",2025-12-13,"nc","Fordham","Manhattan","A10","MAAC","H","W","82-53",0.520630114053518,0.115503480599443,0.87694452176131,0.982005422167543,0.0179945778324567,82,"played",NA,NA,NA,330,"Q4"
"3726",3726,"ManhattanFordham12-13",2025-12-13,"nc","Manhattan","Fordham","MAAC","A10","A","L","53-82",0.115503480599443,0.520630114053518,0.789142831518436,0.775076087478428,-0.775076087478428,3,"played",NA,NA,NA,226,"Q3"
"3727",3727,"MaristBryant12-13",2025-12-13,"nc","Bryant","Marist","AE","MAAC","H","L","74-82",0.125026481328206,0.444102896546951,0.87694452176131,0.899197121104733,-0.899197121104733,18.6,"played",NA,NA,NA,150,"Q3"
"3728",3728,"MaristBryant12-13",2025-12-13,"nc","Marist","Bryant","MAAC","AE","A","W","82-74",0.444102896546951,0.125026481328206,0.789142831518436,0.963223783162156,0.0367762168378437,33.3,"played",NA,NA,NA,345,"Q4"
"3729",3729,"MarquettePurdue12-13",2025-12-13,"nc","Marquette","Purdue","BE","B10","A","L","59-79",0.526647022481542,0.968858276411217,0.789142831518436,0.107378422298164,-0.107378422298164,47.2,"played",NA,NA,NA,5,"Q1"
"3730",3730,"MarquettePurdue12-13",2025-12-13,"nc","Purdue","Marquette","B10","BE","H","W","79-59",0.968858276411217,0.526647022481542,0.87694452176131,0.864960820902639,0.135039179097361,97.5,"played",NA,NA,NA,142,"Q3"
"3731",3731,"MemphisLouisville12-13",2025-12-13,"nc","Louisville","Memphis","ACC","Amer","H","W","99-73",0.960766906153242,0.647741340141445,0.87694452176131,0.794894141174265,0.205105858825735,98.1,"played",NA,NA,NA,112,"Q3"
"3732",3732,"MemphisLouisville12-13",2025-12-13,"nc","Memphis","Louisville","Amer","ACC","A","L","73-99",0.647741340141445,0.960766906153242,0.789142831518436,0.132567603493666,-0.132567603493666,46.5,"played",NA,NA,NA,15,"Q1"
"3733",3733,"MercerClemson12-13",2025-12-13,"nc","Clemson","Mercer","ACC","SC","H","W","70-63",0.937538780726441,0.497972452629038,0.87694452176131,0.877817047848107,0.122182952151893,63.1,"played",NA,NA,NA,125,"Q3"
"3734",3734,"MercerClemson12-13",2025-12-13,"nc","Mercer","Clemson","SC","ACC","A","L","63-70",0.497972452629038,0.937538780726441,0.789142831518436,0.199576091999099,-0.199576091999099,89.7,"played",NA,NA,NA,32,"Q1"
"3735",3735,"MercyhurstDavidson12-13",2025-12-13,"nc","Davidson","Mercyhurst","A10","NEC","H","W","80-47",0.692626171471865,0.197715059489074,0.87694452176131,0.966574696119011,0.0334253038809886,97.6,"played",NA,NA,NA,290,"Q4"
"3736",3736,"MercyhurstDavidson12-13",2025-12-13,"nc","Mercyhurst","Davidson","NEC","A10","A","L","47-80",0.197715059489074,0.692626171471865,0.789142831518436,0.624182848539627,-0.624182848539627,1.3,"played",NA,NA,NA,119,"Q2"
"3737",3737,"Miami OHEastern Kentucky12-13",2025-12-13,"nc","Eastern Kentucky","Miami OH","ASun","MAC","H","L","69-79",0.353630994291055,0.696611503750518,0.87694452176131,0.756317426282864,-0.756317426282864,24,"played",NA,NA,NA,49,"Q2"
"3738",3738,"Miami OHEastern Kentucky12-13",2025-12-13,"nc","Miami OH","Eastern Kentucky","MAC","ASun","A","W","79-69",0.696611503750518,0.353630994291055,0.789142831518436,0.872459573266937,0.127540426733063,79.9,"played",NA,NA,NA,262,"Q4"
"3739",3739,"Michigan St.Penn St.12-13",2025-12-13,"conf","Michigan St.","Penn St.","B10","B10","A","W","76-72",0.932129770868875,0.644016964773121,0.789142831518436,0.674129982609513,0.325870017390487,73.3,"played",NA,NA,NA,131,"Q2"
"3740",3740,"Michigan St.Penn St.12-13",2025-12-13,"conf","Penn St.","Michigan St.","B10","B10","H","L","72-76",0.644016964773121,0.932129770868875,0.87694452176131,0.341623855432532,-0.341623855432532,90,"played",NA,NA,NA,11,"Q1"
"3741",3741,"MichiganMaryland12-13",2025-12-13,"conf","Maryland","Michigan","B10","B10","H","L","83-101",0.718765491706146,0.976564220412699,0.87694452176131,0.146044441707653,-0.146044441707653,92.2,"played",NA,NA,NA,1,"Q1"
"3742",3742,"MichiganMaryland12-13",2025-12-13,"conf","Michigan","Maryland","B10","B10","A","W","101-83",0.976564220412699,0.718765491706146,0.789142831518436,0.594215563299714,0.405784436700286,90.1,"played",NA,NA,NA,152,"Q3"
"3743",3743,"Mississippi St.Utah12-13",2025-12-13,"nc","Mississippi St.","Utah","SEC","B12","N","W","82-74",0.707923938247837,0.668822416405685,0.837778001870703,0.718882169158974,0.281117830841026,69.5,"played",NA,NA,NA,117,"Q3"
"3744",3744,"Mississippi St.Utah12-13",2025-12-13,"nc","Utah","Mississippi St.","B12","SEC","N","L","74-82",0.668822416405685,0.707923938247837,0.837778001870703,0.680585753947928,-0.680585753947928,68.2,"played",NA,NA,NA,99,"Q2"
"3745",3745,"MississippiSouthern Miss12-13",2025-12-13,"nc","Mississippi","Southern Miss","SEC","SB","N","W","71-67",0.723123972088137,0.359215678416866,0.837778001870703,0.902080437320525,0.0979195626794752,54.6,"played",NA,NA,NA,236,"Q4"
"3746",3746,"MississippiSouthern Miss12-13",2025-12-13,"nc","Southern Miss","Mississippi","SB","SEC","N","L","67-71",0.359215678416866,0.723123972088137,0.837778001870703,0.664135094467405,-0.664135094467405,54.9,"played",NA,NA,NA,87,"Q2"
"3747",3747,"Montana St.Oregon St.12-13",2025-12-13,"nc","Montana St.","Oregon St.","BSky","WCC","A","L","57-67",0.518194021185584,0.48746862199899,0.789142831518436,0.797364378973173,-0.797364378973173,17.4,"played",NA,NA,NA,213,"Q3"
"3748",3748,"Montana St.Oregon St.12-13",2025-12-13,"nc","Oregon St.","Montana St.","WCC","BSky","H","W","67-57",0.48746862199899,0.518194021185584,0.87694452176131,0.868869531125587,0.131130468874413,82.9,"played",NA,NA,NA,134,"Q3"
"3749",3749,"Mount St. Mary'sLoyola MD12-13",2025-12-13,"nc","Loyola MD","Mount St. Mary's","Pat","MAAC","H","L","73-81",0.162152229273016,0.171353269912124,0.87694452176131,0.97180128755884,-0.97180128755884,6.3,"played",NA,NA,NA,304,"Q4"
"3750",3750,"Mount St. Mary'sLoyola MD12-13",2025-12-13,"nc","Mount St. Mary's","Loyola MD","MAAC","Pat","A","W","81-73",0.171353269912124,0.162152229273016,0.789142831518436,0.95083072908287,0.0491692709171297,37.2,"played",NA,NA,NA,340,"Q4"
"3751",3751,"NebraskaIllinois12-13",2025-12-13,"conf","Illinois","Nebraska","B10","B10","H","L","80-83",0.970104643724092,0.926689461842875,0.87694452176131,0.360520506421061,-0.360520506421061,83.6,"played",NA,NA,NA,7,"Q1"
"3752",3752,"NebraskaIllinois12-13",2025-12-13,"conf","Nebraska","Illinois","B10","B10","A","W","83-80",0.926689461842875,0.970104643724092,0.789142831518436,0.103406530476857,0.896593469523143,98.8,"played",NA,NA,NA,9,"Q1"
"3753",3753,"New Mexico St.Tulsa12-13",2025-12-13,"nc","New Mexico St.","Tulsa","CUSA","Amer","N","L","70-83",0.595886371690625,0.811165327343644,0.837778001870703,0.545917109383529,-0.545917109383529,22.4,"played",NA,NA,NA,47,"Q1"
"3754",3754,"New Mexico St.Tulsa12-13",2025-12-13,"nc","Tulsa","New Mexico St.","Amer","CUSA","N","W","83-70",0.811165327343644,0.595886371690625,0.837778001870703,0.777893649561857,0.222106350438143,95.6,"played",NA,NA,NA,140,"Q3"
"3755",3755,"New OrleansHouston12-13",2025-12-13,"nc","Houston","New Orleans","B12","Slnd","H","W","99-57",0.978859960512281,0.331235610868882,0.87694452176131,0.93501525605322,0.0649847439467803,99.3,"played",NA,NA,NA,231,"Q4"
"3756",3756,"New OrleansHouston12-13",2025-12-13,"nc","New Orleans","Houston","Slnd","B12","A","L","57-99",0.331235610868882,0.978859960512281,0.789142831518436,0.0747819159995559,-0.0747819159995559,14.6,"played",NA,NA,NA,10,"Q1"
"3757",3757,"NiagaraMorgan St.12-13",2025-12-13,"nc","Morgan St.","Niagara","MEAC","MAAC","H","W","81-73",0.0769875851717531,0.0710982537629475,0.87694452176131,0.989373790127263,0.0106262098727368,19.7,"played",NA,NA,NA,355,"Q4"
"3758",3758,"NiagaraMorgan St.12-13",2025-12-13,"nc","Niagara","Morgan St.","MAAC","MEAC","A","L","73-81",0.0710982537629475,0.0769875851717531,0.789142831518436,0.978199161594347,-0.978199161594347,2.5,"played",NA,NA,NA,361,"Q4"
"3759",3759,"North Dakota St.Drake12-13",2025-12-13,"nc","Drake","North Dakota St.","MVC","Sum","H","L","94-99",0.53888123509143,0.525202618458169,0.87694452176131,0.865636057338206,-0.865636057338206,23.8,"played",NA,NA,NA,132,"Q3"
"3760",3760,"North Dakota St.Drake12-13",2025-12-13,"nc","North Dakota St.","Drake","Sum","MVC","A","W","99-94",0.525202618458169,0.53888123509143,0.789142831518436,0.762045499978807,0.237954500021193,80.5,"played",NA,NA,NA,166,"Q3"
"3761",3761,"North FloridaDayton12-13",2025-12-13,"nc","Dayton","North Florida","A10","ASun","H","W","84-61",0.806502743818976,0.130909333469256,0.87694452176131,0.979300944347944,0.0206990556520561,91.2,"played",NA,NA,NA,341,"Q4"
"3762",3762,"North FloridaDayton12-13",2025-12-13,"nc","North Florida","Dayton","ASun","A10","A","L","61-84",0.130909333469256,0.806502743818976,0.789142831518436,0.473106576585408,-0.473106576585408,5.7,"played",NA,NA,NA,80,"Q2"
"3763",3763,"Northern ArizonaSan Diego12-13",2025-12-13,"nc","Northern Arizona","San Diego","BSky","WCC","A","L","69-78",0.144289047802944,0.545701106777343,0.789142831518436,0.75702731189978,-0.75702731189978,20.5,"played",NA,NA,NA,208,"Q3"
"3764",3764,"Northern ArizonaSan Diego12-13",2025-12-13,"nc","San Diego","Northern Arizona","WCC","BSky","H","W","78-69",0.545701106777343,0.144289047802944,0.87694452176131,0.976885797919125,0.0231142020808752,44,"played",NA,NA,NA,318,"Q4"
"3765",3765,"Northern IllinoisElon12-13",2025-12-13,"nc","Elon","Northern Illinois","CAA","MAC","H","W","85-79",0.576866467930946,0.136539414444762,0.87694452176131,0.978292340323179,0.0217076596768214,15.2,"played",NA,NA,NA,312,"Q4"
"3766",3766,"Northern IllinoisElon12-13",2025-12-13,"nc","Northern Illinois","Elon","MAC","CAA","A","L","79-85",0.136539414444762,0.576866467930946,0.789142831518436,0.732989491121582,-0.732989491121582,54.6,"played",NA,NA,NA,168,"Q3"
"3767",3767,"Northern KentuckyBellarmine12-13",2025-12-13,"nc","Bellarmine","Northern Kentucky","ASun","Horz","H","L","76-80",0.246363301451693,0.406379079596688,0.87694452176131,0.91235726676444,-0.91235726676444,19.3,"played",NA,NA,NA,177,"Q4"
"3768",3768,"Northern KentuckyBellarmine12-13",2025-12-13,"nc","Northern Kentucky","Bellarmine","Horz","ASun","A","W","80-76",0.406379079596688,0.246363301451693,0.789142831518436,0.919669832563784,0.080330167436216,48.3,"played",NA,NA,NA,291,"Q4"
"3769",3769,"Northwestern St.California12-13",2025-12-13,"nc","California","Northwestern St.","ACC","Slnd","H","W","79-70",0.828977030903702,0.172988629015108,0.87694452176131,0.971485151015013,0.028514848984987,30.6,"played",NA,NA,NA,306,"Q4"
"3770",3770,"Northwestern St.California12-13",2025-12-13,"nc","Northwestern St.","California","Slnd","ACC","A","L","70-79",0.172988629015108,0.828977030903702,0.789142831518436,0.435700951290163,-0.435700951290163,69.7,"played",NA,NA,NA,60,"Q1"
"3771",3771,"OaklandNorthern Iowa12-13",2025-12-13,"nc","Northern Iowa","Oakland","MVC","Horz","H","W","75-63",0.757436564872932,0.482772141388938,0.87694452176131,0.884192673060866,0.115807326939134,82.8,"played",NA,NA,NA,135,"Q3"
"3772",3772,"OaklandNorthern Iowa12-13",2025-12-13,"nc","Oakland","Northern Iowa","Horz","MVC","A","L","63-75",0.482772141388938,0.757436564872932,0.789142831518436,0.545149141228804,-0.545149141228804,37.7,"played",NA,NA,NA,102,"Q2"
"3773",3773,"Ohio St.West Virginia12-13",2025-12-13,"nc","Ohio St.","West Virginia","B10","B12","N","W","89-88",0.861070583290885,0.830601331485169,0.837778001870703,0.512970185381226,0.487029814618774,79.6,"played",NA,NA,NA,59,"Q2"
"3774",3774,"Ohio St.West Virginia12-13",2025-12-13,"nc","West Virginia","Ohio St.","B12","B10","N","L","88-89",0.830601331485169,0.861070583290885,0.837778001870703,0.454520285240866,-0.454520285240866,88.6,"played",NA,NA,NA,35,"Q1"
"3775",3775,"OhioSt. Bonaventure12-13",2025-12-13,"nc","Ohio","St. Bonaventure","MAC","A10","N","W","88-83",0.372376114597062,0.508897937887209,0.837778001870703,0.832882008344926,0.167117991655074,64.6,"played",NA,NA,NA,144,"Q3"
"3776",3776,"OhioSt. Bonaventure12-13",2025-12-13,"nc","St. Bonaventure","Ohio","A10","MAC","N","L","83-88",0.508897937887209,0.372376114597062,0.837778001870703,0.896953536121847,-0.896953536121847,25.2,"played",NA,NA,NA,216,"Q4"
"3777",3777,"OklahomaOklahoma St.12-13",2025-12-13,"nc","Oklahoma","Oklahoma St.","SEC","B12","N","W","85-76",0.738464648903224,0.766721407257752,0.837778001870703,0.611090239221988,0.388909760778012,90.1,"played",NA,NA,NA,73,"Q2"
"3778",3778,"OklahomaOklahoma St.12-13",2025-12-13,"nc","Oklahoma St.","Oklahoma","B12","SEC","N","L","76-85",0.766721407257752,0.738464648903224,0.837778001870703,0.646521461792157,-0.646521461792157,50.4,"played",NA,NA,NA,76,"Q2"
"3779",3779,"Old DominionGeorge Mason12-13",2025-12-13,"nc","George Mason","Old Dominion","A10","SB","H","W","73-61",0.758834600748699,0.270343466440864,0.87694452176131,0.950578683851748,0.0494213161482524,82.4,"played",NA,NA,NA,250,"Q4"
"3780",3780,"Old DominionGeorge Mason12-13",2025-12-13,"nc","Old Dominion","George Mason","SB","A10","A","L","61-73",0.270343466440864,0.758834600748699,0.789142831518436,0.543257964252141,-0.543257964252141,19.9,"played",NA,NA,NA,63,"Q1"
"3781",3781,"PepperdineCal St. Bakersfield12-13",2025-12-13,"nc","Cal St. Bakersfield","Pepperdine","BW","WCC","H","L","62-70",0.265483872557692,0.217599421655683,0.87694452176131,0.962439543198769,-0.962439543198769,7.7,"played",NA,NA,NA,267,"Q4"
"3782",3782,"PepperdineCal St. Bakersfield12-13",2025-12-13,"nc","Pepperdine","Cal St. Bakersfield","WCC","BW","A","W","70-62",0.217599421655683,0.265483872557692,0.789142831518436,0.911929432395944,0.0880705676040564,54.6,"played",NA,NA,NA,301,"Q4"
"3783",3783,"PittsburghVillanova12-13",2025-12-13,"nc","Pittsburgh","Villanova","ACC","BE","A","L","61-79",0.587700127965515,0.914034335117992,0.789142831518436,0.260349308981246,-0.260349308981246,54.8,"played",NA,NA,NA,33,"Q1"
"3784",3784,"PittsburghVillanova12-13",2025-12-13,"nc","Villanova","Pittsburgh","BE","ACC","H","W","79-61",0.914034335117992,0.587700127965515,0.87694452176131,0.83332008576474,0.16667991423526,92.6,"played",NA,NA,NA,121,"Q3"
"3785",3785,"Prairie View A&MSouth Dakota12-13",2025-12-13,"nc","Prairie View A&M","South Dakota","SWAC","Sum","A","L","85-97",0.172466558867004,0.342292200243587,0.789142831518436,0.877918226219965,-0.877918226219965,8.1,"played",NA,NA,NA,272,"Q4"
"3786",3786,"Prairie View A&MSouth Dakota12-13",2025-12-13,"nc","South Dakota","Prairie View A&M","Sum","SWAC","H","W","97-85",0.342292200243587,0.172466558867004,0.87694452176131,0.971586187483802,0.0284138125161976,55.1,"played",NA,NA,NA,296,"Q4"
"3787",3787,"ProvidenceButler12-13",2025-12-13,"conf","Butler","Providence","BE","BE","H","W","113-110",0.858613464070704,0.682260447232124,0.87694452176131,0.768458776904752,0.231541223095248,71.4,"played",NA,NA,NA,89,"Q3"
"3788",3788,"ProvidenceButler12-13",2025-12-13,"conf","Providence","Butler","BE","BE","A","L","110-113",0.682260447232124,0.858613464070704,0.789142831518436,0.381295065510961,-0.381295065510961,83.9,"played",NA,NA,NA,48,"Q1"
"3789",3789,"RutgersSeton Hall12-13",2025-12-13,"nc","Rutgers","Seton Hall","B10","BE","A","L","59-81",0.434313559219032,0.873855128810157,0.789142831518436,0.350756125662828,-0.350756125662828,23.4,"played",NA,NA,NA,45,"Q1"
"3790",3790,"RutgersSeton Hall12-13",2025-12-13,"nc","Seton Hall","Rutgers","BE","B10","H","W","81-59",0.873855128810157,0.434313559219032,0.87694452176131,0.902743058079771,0.0972569419202294,94.6,"played",NA,NA,NA,153,"Q3"
"3791",3791,"Sacred HeartNJIT12-13",2025-12-13,"nc","NJIT","Sacred Heart","AE","MAAC","H","L","49-65",0.187927329168802,0.185258742802667,0.87694452176131,0.969079449264048,-0.969079449264048,2.8,"played",NA,NA,NA,287,"Q4"
"3792",3792,"Sacred HeartNJIT12-13",2025-12-13,"nc","Sacred Heart","NJIT","MAAC","AE","A","W","65-49",0.185258742802667,0.187927329168802,0.789142831518436,0.941766734177816,0.0582332658221836,64.9,"played",NA,NA,NA,332,"Q4"
"3793",3793,"Saint Peter'sGeorgetown12-13",2025-12-13,"nc","Georgetown","Saint Peter's","BE","MAAC","H","W","76-68",0.736066932523059,0.312643989802408,0.87694452176131,0.940003404180597,0.0599965958194028,71.1,"played",NA,NA,NA,223,"Q4"
"3794",3794,"Saint Peter'sGeorgetown12-13",2025-12-13,"nc","Saint Peter's","Georgetown","MAAC","BE","A","L","68-76",0.312643989802408,0.736066932523059,0.789142831518436,0.573009575192196,-0.573009575192196,34,"played",NA,NA,NA,118,"Q2"
"3795",3795,"San FranciscoSaint Louis12-13",2025-12-13,"nc","Saint Louis","San Francisco","A10","WCC","H","W","85-75",0.934398970437872,0.598637247467795,0.87694452176131,0.826929190551848,0.173070809448152,77.6,"played",NA,NA,NA,107,"Q3"
"3796",3796,"San FranciscoSaint Louis12-13",2025-12-13,"nc","San Francisco","Saint Louis","WCC","A10","A","L","75-85",0.598637247467795,0.934398970437872,0.789142831518436,0.20807868025584,-0.20807868025584,86,"played",NA,NA,NA,22,"Q1"
"3797",3797,"Southeastern LouisianaHouston Christian12-13",2025-12-13,"conf","Houston Christian","Southeastern Louisiana","Slnd","Slnd","H","L","71-74",0.276141122733715,0.210763265088124,0.87694452176131,0.963880666391084,-0.963880666391084,12,"played",NA,NA,NA,288,"Q4"
"3798",3798,"Southeastern LouisianaHouston Christian12-13",2025-12-13,"conf","Southeastern Louisiana","Houston Christian","Slnd","Slnd","A","W","74-71",0.210763265088124,0.276141122733715,0.789142831518436,0.907497132184877,0.0925028678151233,42.9,"played",NA,NA,NA,297,"Q4"
"3799",3799,"Southern IllinoisRichmond12-13",2025-12-13,"nc","Richmond","Southern Illinois","A10","MVC","H","W","93-84",0.660447080764919,0.429692892721203,0.87694452176131,0.904383896749159,0.0956161032508414,61.3,"played",NA,NA,NA,143,"Q3"
"3800",3800,"Southern IllinoisRichmond12-13",2025-12-13,"nc","Southern Illinois","Richmond","MVC","A10","A","L","84-93",0.429692892721203,0.660447080764919,0.789142831518436,0.658019120873694,-0.658019120873694,48,"played",NA,NA,NA,126,"Q2"
"3801",3801,"Southern UtahWashington12-13",2025-12-13,"nc","Southern Utah","Washington","WAC","B10","A","L","69-105",0.206808186371712,0.850500833069505,0.789142831518436,0.396811542881163,-0.396811542881163,12.1,"played",NA,NA,NA,62,"Q1"
"3802",3802,"Southern UtahWashington12-13",2025-12-13,"nc","Washington","Southern Utah","B10","WAC","H","W","105-69",0.850500833069505,0.206808186371712,0.87694452176131,0.964705025156547,0.0352949748434535,91.5,"played",NA,NA,NA,294,"Q4"
"3803",3803,"St. ThomasUNC Asheville12-13",2025-12-13,"nc","St. Thomas","UNC Asheville","Sum","BSth","A","W","80-59",0.564022211588619,0.418702865698982,0.789142831518436,0.838602545116366,0.161397454883634,95.3,"played",NA,NA,NA,232,"Q3"
"3804",3804,"St. ThomasUNC Asheville12-13",2025-12-13,"nc","UNC Asheville","St. Thomas","BSth","Sum","H","L","59-80",0.418702865698982,0.564022211588619,0.87694452176131,0.846356554376,-0.846356554376,4.4,"played",NA,NA,NA,116,"Q3"
"3805",3805,"StanfordSan Jose St.12-13",2025-12-13,"nc","San Jose St.","Stanford","MWC","ACC","H","L","82-86",0.426462166380668,0.712676563861534,0.87694452176131,0.741808445428602,-0.741808445428602,41.8,"played",NA,NA,NA,68,"Q2"
"3806",3806,"StanfordSan Jose St.12-13",2025-12-13,"nc","Stanford","San Jose St.","ACC","MWC","A","W","86-82",0.712676563861534,0.426462166380668,0.789142831518436,0.834251951782731,0.165748048217269,72,"played",NA,NA,NA,259,"Q4"
"3807",3807,"Tennessee St.UNLV12-13",2025-12-13,"nc","Tennessee St.","UNLV","OVC","MWC","A","W","63-60",0.211923958515258,0.708634239033289,0.789142831518436,0.606113922037165,0.393886077962835,72.3,"played",NA,NA,NA,127,"Q2"
"3808",3808,"Tennessee St.UNLV12-13",2025-12-13,"nc","UNLV","Tennessee St.","MWC","OVC","H","L","60-63",0.708634239033289,0.211923958515258,0.87694452176131,0.963637441578405,-0.963637441578405,20,"played",NA,NA,NA,229,"Q4"
"3809",3809,"The CitadelSouth Carolina12-13",2025-12-13,"nc","South Carolina","The Citadel","SEC","SC","H","W","71-55",0.817726977948728,0.0788521555269136,0.87694452176131,0.988130636578795,0.0118693634212048,39.9,"played",NA,NA,NA,350,"Q4"
"3810",3810,"The CitadelSouth Carolina12-13",2025-12-13,"nc","The Citadel","South Carolina","SC","SEC","A","L","55-71",0.0788521555269136,0.817726977948728,0.789142831518436,0.454809537531623,-0.454809537531623,36.6,"played",NA,NA,NA,85,"Q2"
"3811",3811,"ToledoRobert Morris12-13",2025-12-13,"nc","Robert Morris","Toledo","Horz","MAC","H","W","75-70",0.517536678288298,0.405578446649967,0.87694452176131,0.912622369732399,0.0873776302676009,39.1,"played",NA,NA,NA,169,"Q4"
"3812",3812,"ToledoRobert Morris12-13",2025-12-13,"nc","Toledo","Robert Morris","MAC","Horz","A","L","70-75",0.405578446649967,0.517536678288298,0.789142831518436,0.777229028620444,-0.777229028620444,53.3,"played",NA,NA,NA,186,"Q3"
"3813",3813,"TulaneUC San Diego12-13",2025-12-13,"nc","Tulane","UC San Diego","Amer","BW","N","L","67-93",0.419547336518336,0.666861059595402,0.837778001870703,0.7206655436006,-0.7206655436006,6.1,"played",NA,NA,NA,98,"Q2"
"3814",3814,"TulaneUC San Diego12-13",2025-12-13,"nc","UC San Diego","Tulane","BW","Amer","N","W","93-67",0.666861059595402,0.419547336518336,0.837778001870703,0.877225989205865,0.122774010794135,95.7,"played",NA,NA,NA,202,"Q4"
"3815",3815,"UC DavisOregon12-13",2025-12-13,"nc","Oregon","UC Davis","B10","BW","H","W","104-62",0.81299290274961,0.410152855593226,0.87694452176131,0.911100116157902,0.0888998838420977,99.7,"played",NA,NA,NA,176,"Q4"
"3816",3816,"UC DavisOregon12-13",2025-12-13,"nc","UC Davis","Oregon","BW","B10","A","L","62-104",0.410152855593226,0.81299290274961,0.789142831518436,0.462617524270081,-0.462617524270081,1,"played",NA,NA,NA,104,"Q2"
"3817",3817,"UC RiversideBYU12-13",2025-12-13,"nc","BYU","UC Riverside","B12","BW","H","W","100-53",0.943249231571529,0.201552689174799,0.87694452176131,0.965789939307561,0.0342100606924388,98.1,"played",NA,NA,NA,283,"Q4"
"3818",3818,"UC RiversideBYU12-13",2025-12-13,"nc","UC Riverside","BYU","BW","B12","A","L","53-100",0.201552689174799,0.943249231571529,0.789142831518436,0.183787432026584,-0.183787432026584,7.3,"played",NA,NA,NA,12,"Q1"
"3819",3819,"UC Santa BarbaraUtah Valley12-13",2025-12-13,"nc","UC Santa Barbara","Utah Valley","BW","WAC","N","L","53-68",0.564077139857155,0.72706613056583,0.837778001870703,0.659709402445061,-0.659709402445061,8.3,"played",NA,NA,NA,96,"Q2"
"3820",3820,"UC Santa BarbaraUtah Valley12-13",2025-12-13,"nc","Utah Valley","UC Santa Barbara","WAC","BW","N","W","68-53",0.72706613056583,0.564077139857155,0.837778001870703,0.799642532000861,0.200357467999139,97.4,"played",NA,NA,NA,145,"Q3"
"3821",3821,"UMass LowellQuinnipiac12-13",2025-12-13,"nc","Quinnipiac","UMass Lowell","MAAC","AE","H","W","75-71",0.56676972583644,0.165007692678497,0.87694452176131,0.973018164018987,0.0269818359810133,20,"played",NA,NA,NA,319,"Q4"
"3822",3822,"UMass LowellQuinnipiac12-13",2025-12-13,"nc","UMass Lowell","Quinnipiac","AE","MAAC","A","L","71-75",0.165007692678497,0.56676972583644,0.789142831518436,0.740982745235832,-0.740982745235832,50.8,"played",NA,NA,NA,184,"Q3"
"3823",3823,"UNC WilmingtonValparaiso12-13",2025-12-13,"nc","UNC Wilmington","Valparaiso","CAA","MVC","A","W","73-70",0.45266192968586,0.617432819487282,0.789142831518436,0.69869691398021,0.30130308601979,62.9,"played",NA,NA,NA,171,"Q3"
"3824",3824,"UNC WilmingtonValparaiso12-13",2025-12-13,"nc","Valparaiso","UNC Wilmington","MVC","CAA","H","L","70-73",0.617432819487282,0.45266192968586,0.87694452176131,0.896016774005065,-0.896016774005065,44,"played",NA,NA,NA,109,"Q3"
"3825",3825,"USC UpstateNorth Carolina12-13",2025-12-13,"nc","North Carolina","USC Upstate","ACC","BSth","H","W","80-62",0.914942599410585,0.171715590878374,0.87694452176131,0.97173133605275,0.0282686639472497,70.3,"played",NA,NA,NA,285,"Q4"
"3826",3826,"USC UpstateNorth Carolina12-13",2025-12-13,"nc","USC Upstate","North Carolina","BSth","ACC","A","L","62-80",0.171715590878374,0.914942599410585,0.789142831518436,0.258118902076419,-0.258118902076419,48.5,"played",NA,NA,NA,27,"Q1"
"3827",3827,"UTEPHawaii12-13",2025-12-13,"nc","Hawaii","UTEP","BW","CUSA","H","W","66-61",0.782563869210565,0.217959569432829,0.87694452176131,0.962363042817825,0.0376369571821751,25.9,"played",NA,NA,NA,276,"Q4"
"3828",3828,"UTEPHawaii12-13",2025-12-13,"nc","UTEP","Hawaii","CUSA","BW","A","L","61-66",0.217959569432829,0.782563869210565,0.789142831518436,0.50977274777129,-0.50977274777129,74.1,"played",NA,NA,NA,97,"Q2"
"3829",3829,"UTSAColorado12-13",2025-12-13,"nc","Colorado","UTSA","B12","Amer","H","W","88-64",0.772290823716488,0.0659428297410237,0.87694452176131,0.990190615450233,0.00980938454976721,48.9,"played",NA,NA,NA,349,"Q4"
"3830",3830,"UTSAColorado12-13",2025-12-13,"nc","UTSA","Colorado","Amer","B12","A","L","64-88",0.0659428297410237,0.772290823716488,0.789142831518436,0.524598733389019,-0.524598733389019,20,"played",NA,NA,NA,78,"Q2"
"3831",3831,"Western IllinoisNorth Dakota12-13",2025-12-13,"nc","North Dakota","Western Illinois","Sum","OVC","H","L","66-69",0.343317996272495,0.0596043465683944,0.87694452176131,0.991184425486864,-0.991184425486864,4.3,"played",NA,NA,NA,356,"Q4"
"3832",3832,"Western IllinoisNorth Dakota12-13",2025-12-13,"nc","Western Illinois","North Dakota","OVC","Sum","A","W","69-66",0.0596043465683944,0.343317996272495,0.789142831518436,0.877429380407867,0.122570619592133,42.2,"played",NA,NA,NA,282,"Q4"
"3833",3833,"Wright St.Marshall12-13",2025-12-13,"nc","Marshall","Wright St.","SB","Horz","H","W","76-74",0.564591704093553,0.571577739895169,0.87694452176131,0.84231002581507,0.15768997418493,58.7,"played",NA,NA,NA,136,"Q3"
"3834",3834,"Wright St.Marshall12-13",2025-12-13,"nc","Wright St.","Marshall","Horz","SB","A","L","74-76",0.571577739895169,0.564591704093553,0.789142831518436,0.74268055731084,-0.74268055731084,54.9,"played",NA,NA,NA,138,"Q3"
"3835",3835,"SpurgeonUMKC12-13",2025-12-13,"nond1","UMKC","Spurgeon","Sum",NA,"H","W","75-102",NA,NA,NA,NA,0,NA,"played",NA,NA,NA,NA,NA
"3836",3836,"EcclesiaOral Roberts12-13",2025-12-13,"nond1","Oral Roberts","Ecclesia","Sum",NA,"H","W","52-97",NA,NA,NA,NA,0,NA,"played",NA,NA,NA,NA,NA
"3837",3837,"Bob JonesWinthrop12-13",2025-12-13,"nond1","Winthrop","Bob Jones","BSth",NA,"H","W","55-101",NA,NA,NA,NA,0,NA,"played",NA,NA,NA,NA,NA
"3838",3838,"Warner PacificSeattle12-13",2025-12-13,"nond1","Seattle","Warner Pacific","WCC",NA,"H","W","60-115",NA,NA,NA,NA,0,NA,"played",NA,NA,NA,NA,NA
"3839",3839,"Justice U.Utah Tech12-13",2025-12-13,"nond1","Utah Tech","Justice U.","WAC",NA,"H","W","48-89",NA,NA,NA,NA,0,NA,"played",NA,NA,NA,NA,NA
"3840",3840,"George FoxPortland St.12-13",2025-12-13,"nond1","Portland St.","George Fox","BSky",NA,"H","W","50-94",NA,NA,NA,NA,0,NA,"played",NA,NA,NA,NA,NA
"3841",3841,"Arkansas BaptistAlabama A&M12-13",2025-12-13,"nond1","Alabama A&M","Arkansas Baptist","SWAC",NA,"H","W","59-67",NA,NA,NA,NA,0,NA,"played",NA,NA,NA,NA,NA
"3842",3842,"Bethel (TN)Tennessee Tech12-13",2025-12-13,"nond1","Tennessee Tech","Bethel (TN)","OVC",NA,"H","W","69-101",NA,NA,NA,NA,0,NA,"played",NA,NA,NA,NA,NA
"3843",3843,"Simpson (CA)Pacific12-13",2025-12-13,"nond1","Pacific","Simpson (CA)","WCC",NA,"H","W","50-104",NA,NA,NA,NA,0,NA,"played",NA,NA,NA,NA,NA
"3844",3844,"Appalachian St.High Point12-14",2025-12-14,"nc","Appalachian St.","High Point","SB","BSth","N","W","86-78",0.396353309577055,0.692779084178116,0.837778001870703,0.696067989091798,0.303932010908202,83.5,"played",NA,NA,NA,90,"Q2"
"3845",3845,"Appalachian St.High Point12-14",2025-12-14,"nc","High Point","Appalachian St.","BSth","SB","N","L","78-86",0.692779084178116,0.396353309577055,0.837778001870703,0.887201637833675,-0.887201637833675,22.7,"played",NA,NA,NA,212,"Q4"
"3846",3846,"Ball St.Campbell12-14",2025-12-14,"nc","Ball St.","Campbell","MAC","CAA","A","L","64-69",0.175570369203068,0.480657896699851,0.789142831518436,0.801734966102244,-0.801734966102244,39.1,"played",NA,NA,NA,203,"Q3"
"3847",3847,"Ball St.Campbell12-14",2025-12-14,"nc","Campbell","Ball St.","CAA","MAC","H","W","69-64",0.480657896699851,0.175570369203068,0.87694452176131,0.970983935499258,0.0290160645007421,23.5,"played",NA,NA,NA,316,"Q4"
"3848",3848,"Bethune CookmanMissouri12-14",2025-12-14,"nc","Bethune Cookman","Missouri","SWAC","SEC","A","L","60-82",0.251758726760507,0.837628198528992,0.789142831518436,0.42045174979891,-0.42045174979891,14.9,"played",NA,NA,NA,70,"Q1"
"3849",3849,"Bethune CookmanMissouri12-14",2025-12-14,"nc","Missouri","Bethune Cookman","SEC","SWAC","H","W","82-60",0.837628198528992,0.251758726760507,0.87694452176131,0.954914569002642,0.0450854309973584,90.8,"played",NA,NA,NA,268,"Q4"
"3850",3850,"Boise St.Saint Mary's12-14",2025-12-14,"nc","Boise St.","Saint Mary's","MWC","WCC","N","W","68-67",0.779659988818291,0.878409665694824,0.837778001870703,0.416862105193684,0.583137894806316,94.9,"played",NA,NA,NA,28,"Q1"
"3851",3851,"Boise St.Saint Mary's12-14",2025-12-14,"nc","Saint Mary's","Boise St.","WCC","MWC","N","L","67-68",0.878409665694824,0.779659988818291,0.837778001870703,0.593415087965661,-0.593415087965661,58,"played",NA,NA,NA,71,"Q2"
"3852",3852,"BuffaloEast Carolina12-14",2025-12-14,"nc","Buffalo","East Carolina","MAC","Amer","A","L","70-73",0.387632809783295,0.262679066039086,0.789142831518436,0.913081687465795,-0.913081687465795,33.7,"played",NA,NA,NA,299,"Q4"
"3853",3853,"BuffaloEast Carolina12-14",2025-12-14,"nc","East Carolina","Buffalo","Amer","MAC","H","W","73-70",0.262679066039086,0.387632809783295,0.87694452176131,0.918420848754699,0.0815791512453012,30.7,"played",NA,NA,NA,165,"Q4"
"3854",3854,"CharlotteCharleston12-14",2025-12-14,"nc","Charleston","Charlotte","CAA","Amer","H","W","74-67",0.52079730801882,0.408184823211502,0.87694452176131,0.911757290865428,0.0882427091345716,65.1,"played",NA,NA,NA,173,"Q4"
"3855",3855,"CharlotteCharleston12-14",2025-12-14,"nc","Charlotte","Charleston","Amer","CAA","A","L","67-74",0.408184823211502,0.52079730801882,0.789142831518436,0.774959275716584,-0.774959275716584,28.7,"played",NA,NA,NA,175,"Q3"
"3856",3856,"Chicago St.Loyola Chicago12-14",2025-12-14,"nc","Chicago St.","Loyola Chicago","NEC","A10","A","W","84-75",0.0739186417080468,0.28923647413666,0.789142831518436,0.901930542270354,0.0980694577296459,61.3,"played",NA,NA,NA,315,"Q4"
"3857",3857,"Chicago St.Loyola Chicago12-14",2025-12-14,"nc","Loyola Chicago","Chicago St.","A10","NEC","H","L","75-84",0.28923647413666,0.0739186417080468,0.87694452176131,0.988923656012592,-0.988923656012592,2,"played",NA,NA,NA,352,"Q4"
"3858",3858,"Coppin St.Radford12-14",2025-12-14,"nc","Coppin St.","Radford","MEAC","BSth","A","L","77-107",0.0259808577725411,0.361659659316487,0.789142831518436,0.868519826317415,-0.868519826317415,3.4,"played",NA,NA,NA,260,"Q4"
"3859",3859,"Coppin St.Radford12-14",2025-12-14,"nc","Radford","Coppin St.","BSth","MEAC","H","W","107-77",0.361659659316487,0.0259808577725411,0.87694452176131,0.996271000581672,0.00372899941832849,30,"played",NA,NA,NA,364,"Q4"
"3860",3860,"Detroit MercyPurdue Fort Wayne12-14",2025-12-14,"conf","Detroit Mercy","Purdue Fort Wayne","Horz","Horz","A","L","77-81",0.268076298487336,0.440919826703015,0.789142831518436,0.825950654976162,-0.825950654976162,32.4,"played",NA,NA,NA,210,"Q3"
"3861",3861,"Detroit MercyPurdue Fort Wayne12-14",2025-12-14,"conf","Purdue Fort Wayne","Detroit Mercy","Horz","Horz","H","W","81-77",0.440919826703015,0.268076298487336,0.87694452176131,0.951117264043805,0.0488827359561953,37.6,"played",NA,NA,NA,273,"Q4"
"3862",3862,"Eastern IllinoisIowa St.12-14",2025-12-14,"nc","Eastern Illinois","Iowa St.","OVC","B12","A","L","53-78",0.152001874020281,0.963201567205515,0.789142831518436,0.125095084414269,-0.125095084414269,40.4,"played",NA,NA,NA,6,"Q1"
"3863",3863,"Eastern IllinoisIowa St.12-14",2025-12-14,"nc","Iowa St.","Eastern Illinois","B12","OVC","H","W","78-53",0.963201567205515,0.152001874020281,0.87694452176131,0.975464530911887,0.0245354690881132,87.4,"played",NA,NA,NA,305,"Q4"
"3864",3864,"Florida Gulf CoastNew Mexico12-14",2025-12-14,"nc","Florida Gulf Coast","New Mexico","ASun","MWC","A","L","59-75",0.308404183016962,0.889177912187195,0.789142831518436,0.318080985198017,-0.318080985198017,57.9,"played",NA,NA,NA,42,"Q1"
"3865",3865,"Florida Gulf CoastNew Mexico12-14",2025-12-14,"nc","New Mexico","Florida Gulf Coast","MWC","ASun","H","W","75-59",0.889177912187195,0.308404183016962,0.87694452176131,0.941110565442255,0.0588894345577446,72.2,"played",NA,NA,NA,237,"Q4"
"3866",3866,"Indiana St.Milwaukee12-14",2025-12-14,"nc","Indiana St.","Milwaukee","MVC","Horz","A","W","70-68",0.363662236714813,0.384994055716157,0.789142831518436,0.856702814984429,0.143297185015571,43.8,"played",NA,NA,NA,233,"Q3"
"3867",3867,"Indiana St.Milwaukee12-14",2025-12-14,"nc","Milwaukee","Indiana St.","Horz","MVC","H","L","68-70",0.384994055716157,0.363662236714813,0.87694452176131,0.925760033172288,-0.925760033172288,31.4,"played",NA,NA,NA,205,"Q4"
"3868",3868,"JacksonvilleTexas A&M12-14",2025-12-14,"nc","Jacksonville","Texas A&M","ASun","SEC","A","L","75-112",0.161966016954007,0.915550420652576,0.789142831518436,0.256621248205328,-0.256621248205328,14,"played",NA,NA,NA,41,"Q1"
"3869",3869,"JacksonvilleTexas A&M12-14",2025-12-14,"nc","Texas A&M","Jacksonville","SEC","ASun","H","W","112-75",0.915550420652576,0.161966016954007,0.87694452176131,0.973595990398377,0.0264040096016227,92.8,"played",NA,NA,NA,293,"Q4"
"3870",3870,"Kent St.Portland12-14",2025-12-14,"nc","Kent St.","Portland","MAC","WCC","A","L","78-88",0.481287807626764,0.553963766133518,0.789142831518436,0.750834377479532,-0.750834377479532,39.2,"played",NA,NA,NA,215,"Q3"
"3871",3871,"Kent St.Portland12-14",2025-12-14,"nc","Portland","Kent St.","WCC","MAC","H","W","88-78",0.553963766133518,0.481287807626764,0.87694452176131,0.884800030107753,0.115199969892247,64.1,"played",NA,NA,NA,148,"Q3"
"3872",3872,"Maryland Eastern ShoreVirginia Tech12-14",2025-12-14,"nc","Maryland Eastern Shore","Virginia Tech","MEAC","ACC","A","L","53-82",0.112768939573491,0.853893151640768,0.789142831518436,0.39038325210195,-0.39038325210195,16.2,"played",NA,NA,NA,51,"Q1"
"3873",3873,"Maryland Eastern ShoreVirginia Tech12-14",2025-12-14,"nc","Virginia Tech","Maryland Eastern Shore","ACC","MEAC","H","W","82-53",0.853893151640768,0.112768939573491,0.87694452176131,0.98247717744524,0.0175228225547599,79.3,"played",NA,NA,NA,325,"Q4"
"3874",3874,"MerrimackVermont12-14",2025-12-14,"nc","Merrimack","Vermont","MAAC","AE","A","L","59-66",0.339779292896384,0.446282341818913,0.789142831518436,0.822805153276422,-0.822805153276422,11.9,"played",NA,NA,NA,207,"Q3"
"3875",3875,"MerrimackVermont12-14",2025-12-14,"nc","Vermont","Merrimack","AE","MAAC","H","W","66-59",0.446282341818913,0.339779292896384,0.87694452176131,0.932647440717921,0.0673525592820787,75.4,"played",NA,NA,NA,217,"Q4"
"3876",3876,"MonmouthFairfield12-14",2025-12-14,"nc","Fairfield","Monmouth","MAAC","CAA","H","W","73-65",0.35586849615359,0.318339421823734,0.87694452176131,0.938498639231933,0.0615013607680674,46.6,"played",NA,NA,NA,204,"Q4"
"3877",3877,"MonmouthFairfield12-14",2025-12-14,"nc","Monmouth","Fairfield","CAA","MAAC","A","L","65-73",0.318339421823734,0.35586849615359,0.789142831518436,0.871367911823899,-0.871367911823899,22.8,"played",NA,NA,NA,248,"Q4"
"3878",3878,"North TexasSouth Alabama12-14",2025-12-14,"nc","North Texas","South Alabama","Amer","SB","A","W","58-57",0.455092616735083,0.456678516291553,0.789142831518436,0.816601206226327,0.183398793773673,64.2,"played",NA,NA,NA,197,"Q3"
"3879",3879,"North TexasSouth Alabama12-14",2025-12-14,"nc","South Alabama","North Texas","SB","Amer","H","L","57-58",0.456678516291553,0.455092616735083,0.87694452176131,0.895099567727526,-0.895099567727526,28.1,"played",NA,NA,NA,147,"Q3"
"3880",3880,"QueensWake Forest12-14",2025-12-14,"nc","Queens","Wake Forest","ASun","ACC","A","L","73-111",0.358618140773719,0.830188381602287,0.789142831518436,0.433595457149497,-0.433595457149497,10.3,"played",NA,NA,NA,67,"Q1"
"3881",3881,"QueensWake Forest12-14",2025-12-14,"nc","Wake Forest","Queens","ACC","ASun","H","W","111-73",0.830188381602287,0.358618140773719,0.87694452176131,0.927248717001686,0.0727512829983142,96,"played",NA,NA,NA,183,"Q4"
"3882",3882,"Saint FrancisTemple12-14",2025-12-14,"nc","Saint Francis","Temple","NEC","Amer","A","L","67-95",0.0661980827384546,0.639379701297134,0.789142831518436,0.67854505050098,-0.67854505050098,3.7,"played",NA,NA,NA,154,"Q3"
"3883",3883,"Saint FrancisTemple12-14",2025-12-14,"nc","Temple","Saint Francis","Amer","NEC","H","W","95-67",0.639379701297134,0.0661980827384546,0.87694452176131,0.990150353814344,0.00984964618565609,76.4,"played",NA,NA,NA,354,"Q4"
"3884",3884,"Texas SouthernMinnesota12-14",2025-12-14,"nc","Minnesota","Texas Southern","B10","SWAC","H","W","89-53",0.837995134981792,0.127997519309955,0.87694452176131,0.979818278787393,0.0201817212126065,95.5,"played",NA,NA,NA,348,"Q4"
"3885",3885,"Texas SouthernMinnesota12-14",2025-12-14,"nc","Texas Southern","Minnesota","SWAC","B10","A","L","53-89",0.127997519309955,0.837995134981792,0.789142831518436,0.419793884137052,-0.419793884137052,3.4,"played",NA,NA,NA,83,"Q2"
"3886",3886,"TroyUAB12-14",2025-12-14,"nc","Troy","UAB","SB","Amer","A","W","86-85",0.574223488770011,0.677896014710966,0.789142831518436,0.640065139338454,0.359934860661546,69.6,"played",NA,NA,NA,122,"Q2"
"3887",3887,"TroyUAB12-14",2025-12-14,"nc","UAB","Troy","Amer","SB","H","L","85-86",0.677896014710966,0.574223488770011,0.87694452176131,0.840868495508097,-0.840868495508097,55.3,"played",NA,NA,NA,103,"Q3"
"3888",3888,"Washington St.USC12-14",2025-12-14,"nc","USC","Washington St.","B10","WCC","H","W","68-61",0.850928400566256,0.483069117975872,0.87694452176131,0.884070838462682,0.115929161537318,81.5,"played",NA,NA,NA,156,"Q3"
"3889",3889,"Washington St.USC12-14",2025-12-14,"nc","Washington St.","USC","WCC","B10","A","L","61-68",0.483069117975872,0.850928400566256,0.789142831518436,0.396005997866024,-0.396005997866024,54.7,"played",NA,NA,NA,56,"Q1"
"3890",3890,"Western MichiganIowa12-14",2025-12-14,"nc","Iowa","Western Michigan","B10","MAC","H","W","91-51",0.951016965997977,0.256976620663072,0.87694452176131,0.953715171476899,0.0462848285231012,99.7,"played",NA,NA,NA,256,"Q4"
"3891",3891,"Western MichiganIowa12-14",2025-12-14,"nc","Western Michigan","Iowa","MAC","B10","A","L","51-91",0.256976620663072,0.951016965997977,0.789142831518436,0.161610786773865,-0.161610786773865,1.9,"played",NA,NA,NA,21,"Q1"
"3892",3892,"Evergreen St.Idaho12-14",2025-12-14,"nond1","Idaho","Evergreen St.","BSky",NA,"H","W","55-109",NA,NA,NA,NA,0,NA,"played",NA,NA,NA,NA,NA
"3893",3893,"ThielYoungstown St.12-14",2025-12-14,"nond1","Youngstown St.","Thiel","Horz",NA,"H","W","52-103",NA,NA,NA,NA,0,NA,"played",NA,NA,NA,NA,NA
"3894",3894,"North Central (IL)Bradley12-14",2025-12-14,"nond1","Bradley","North Central (IL)","MVC",NA,"H","W","53-86",NA,NA,NA,NA,0,NA,"played",NA,NA,NA,NA,NA
"3895",3895,"Northern New MexicoColorado St.12-14",2025-12-14,"nond1","Colorado St.","Northern New Mexico","MWC",NA,"H","W","54-104",NA,NA,NA,NA,0,NA,"played",NA,NA,NA,NA,NA
"3896",3896,"Champion Chris.Tennessee Martin12-14",2025-12-14,"nond1","Tennessee Martin","Champion Chris.","OVC",NA,"H","W","52-96",NA,NA,NA,NA,0,NA,"played",NA,NA,NA,NA,NA
"3897",3897,"EurekaSIU Edwardsville12-14",2025-12-14,"nond1","SIU Edwardsville","Eureka","OVC",NA,"H","W","54-97",NA,NA,NA,NA,0,NA,"played",NA,NA,NA,NA,NA
"3898",3898,"St. XavierSoutheast Missouri St.12-14",2025-12-14,"nond1","Southeast Missouri St.","St. Xavier","OVC",NA,"H","W","65-88",NA,NA,NA,NA,0,NA,"played",NA,NA,NA,NA,NA
"3899",3899,"Oakland CityCleveland St.12-14",2025-12-14,"nond1","Cleveland St.","Oakland City","Horz",NA,"H","W","52-96",NA,NA,NA,NA,0,NA,"played",NA,NA,NA,NA,NA
"3900",3900,"East Texas A&MSoutheastern Louisiana12-15",2025-12-15,"conf","East Texas A&M","Southeastern Louisiana","Slnd","Slnd","A","W","70-69",0.215264103557443,0.33709012828235,0.789142831518436,0.880382261833675,0.119617738166325,33.9,"played",NA,NA,NA,288,"Q4"
"3901",3901,"East Texas A&MSoutheastern Louisiana12-15",2025-12-15,"conf","Southeastern Louisiana","East Texas A&M","Slnd","Slnd","H","L","69-70",0.33709012828235,0.215264103557443,0.87694452176131,0.962934186645948,-0.962934186645948,21.4,"played",NA,NA,NA,277,"Q4"
"3902",3902,"Incarnate WordTCU12-15",2025-12-15,"nc","Incarnate Word","TCU","Slnd","B12","A","L","65-69",0.261903553465073,0.865296099885822,0.789142831518436,0.368134924888612,-0.368134924888612,86.4,"played",NA,NA,NA,46,"Q1"
"3903",3903,"Incarnate WordTCU12-15",2025-12-15,"nc","TCU","Incarnate Word","B12","Slnd","H","W","69-65",0.865296099885822,0.261903553465073,0.87694452176131,0.95256990795582,0.0474300920441801,26.4,"played",NA,NA,NA,246,"Q4"
"3904",3904,"McNeese St.Houston Christian12-15",2025-12-15,"conf","Houston Christian","McNeese St.","Slnd","Slnd","H","L","68-78",0.276141122733715,0.683026270437139,0.87694452176131,0.767829201135309,-0.767829201135309,54.3,"played",NA,NA,NA,57,"Q2"
"3905",3905,"McNeese St.Houston Christian12-15",2025-12-15,"conf","McNeese St.","Houston Christian","Slnd","Slnd","A","W","78-68",0.683026270437139,0.276141122733715,0.789142831518436,0.907497132184877,0.0925028678151233,40.9,"played",NA,NA,NA,297,"Q4"
"3906",3906,"NiagaraVCU12-15",2025-12-15,"nc","Niagara","VCU","MAAC","A10","A","L","58-84",0.0710982537629475,0.832009910410597,0.789142831518436,0.430411360912575,-0.430411360912575,22.4,"played",NA,NA,NA,55,"Q1"
"3907",3907,"NiagaraVCU12-15",2025-12-15,"nc","VCU","Niagara","A10","MAAC","H","W","84-58",0.832009910410597,0.0710982537629475,0.87694452176131,0.989373790127263,0.0106262098727368,56.8,"played",NA,NA,NA,355,"Q4"
"3908",3908,"North AlabamaAlabama A&M12-15",2025-12-15,"nc","Alabama A&M","North Alabama","SWAC","ASun","H","W","68-60",0.264840745295219,0.0884777145660335,0.87694452176131,0.986562452243666,0.013437547756334,15.9,"played",NA,NA,NA,335,"Q4"
"3909",3909,"North AlabamaAlabama A&M12-15",2025-12-15,"nc","North Alabama","Alabama A&M","ASun","SWAC","A","L","60-68",0.0884777145660335,0.264840745295219,0.789142831518436,0.91219415768358,-0.91219415768358,15.6,"played",NA,NA,NA,308,"Q4"
"3910",3910,"South Dakota St.Wyoming12-15",2025-12-15,"nc","South Dakota St.","Wyoming","Sum","MWC","N","L","72-87",0.455349451977215,0.700143486613641,0.837778001870703,0.688648004632161,-0.688648004632161,16.4,"played",NA,NA,NA,100,"Q2"
"3911",3911,"South Dakota St.Wyoming12-15",2025-12-15,"nc","Wyoming","South Dakota St.","MWC","Sum","N","W","87-72",0.700143486613641,0.455349451977215,0.837778001870703,0.860670084162074,0.139329915837926,90.9,"played",NA,NA,NA,180,"Q3"
"3912",3912,"WoffordGardner Webb12-15",2025-12-15,"nc","Gardner Webb","Wofford","BSth","SC","H","L","57-83",0.0575179811498203,0.281320852120458,0.87694452176131,0.947931772553643,-0.947931772553643,1.5,"played",NA,NA,NA,225,"Q4"
"3913",3913,"WoffordGardner Webb12-15",2025-12-15,"nc","Wofford","Gardner Webb","SC","BSth","A","W","83-57",0.281320852120458,0.0575179811498203,0.789142831518436,0.983955042501081,0.016044957498919,61.8,"played",NA,NA,NA,363,"Q4"
"3914",3914,"EcclesiaArkansas Pine Bluff12-15",2025-12-15,"nond1","Arkansas Pine Bluff","Ecclesia","SWAC",NA,"H","W","64-114",NA,NA,NA,NA,0,NA,"played",NA,NA,NA,NA,NA
"3915",3915,"Albany St. (GA)Florida A&M12-15",2025-12-15,"nond1","Florida A&M","Albany St. (GA)","SWAC",NA,"H","W","77-93",NA,NA,NA,NA,0,NA,"played",NA,NA,NA,NA,NA
"3916",3916,"RhodesStetson12-15",2025-12-15,"nond1","Stetson","Rhodes","ASun",NA,"H","W","76-95",NA,NA,NA,NA,0,NA,"played",NA,NA,NA,NA,NA
"3917",3917,"Camp. HarrodsburgWestern Kentucky12-15",2025-12-15,"nond1","Western Kentucky","Camp. Harrodsburg","CUSA",NA,"H","W","59-102",NA,NA,NA,NA,0,NA,"played",NA,NA,NA,NA,NA
"3918",3918,"Minn.-CrookstonNorth Dakota St.12-15",2025-12-15,"nond1","North Dakota St.","Minn.-Crookston","Sum",NA,"H","W","67-101",NA,NA,NA,NA,0,NA,"played",NA,NA,NA,NA,NA
"3919",3919,"BryanSamford12-15",2025-12-15,"nond1","Samford","Bryan","SC",NA,"H","W","51-106",NA,NA,NA,NA,0,NA,"played",NA,NA,NA,NA,NA
"3920",3920,"Abilene ChristianArizona12-16",2025-12-16,"nc","Abilene Christian","Arizona","WAC","B12","A","L","62-96",0.25561463996283,0.977752465301565,0.789142831518436,0.0784743366007909,-0.0784743366007909,30.9,"played",NA,NA,NA,3,"Q1"
"3921",3921,"Abilene ChristianArizona12-16",2025-12-16,"nc","Arizona","Abilene Christian","B12","WAC","H","W","96-62",0.977752465301565,0.25561463996283,0.87694452176131,0.954029569648245,0.045970430351755,97.1,"played",NA,NA,NA,241,"Q4"
"3922",3922,"BelmontEvansville12-16",2025-12-16,"conf","Belmont","Evansville","MVC","MVC","A","W","83-78",0.686175756192134,0.316297971986588,0.789142831518436,0.88998656064279,0.110013439357211,61.2,"played",NA,NA,NA,284,"Q4"
"3923",3923,"BelmontEvansville12-16",2025-12-16,"conf","Evansville","Belmont","MVC","MVC","H","L","78-83",0.316297971986588,0.686175756192134,0.87694452176131,0.76521878965505,-0.76521878965505,39.1,"played",NA,NA,NA,64,"Q2"
"3924",3924,"ButlerConnecticut12-16",2025-12-16,"conf","Butler","Connecticut","BE","BE","A","L","60-79",0.761292597156938,0.972195245967499,0.789142831518436,0.0966876003580351,-0.0966876003580351,68.2,"played",NA,NA,NA,8,"Q1"
"3925",3925,"ButlerConnecticut12-16",2025-12-16,"conf","Connecticut","Butler","BE","BE","H","W","79-60",0.972195245967499,0.761292597156938,0.87694452176131,0.690835707123408,0.309164292876592,98.1,"played",NA,NA,NA,48,"Q2"
"3926",3926,"CanisiusRhode Island12-16",2025-12-16,"nc","Canisius","Rhode Island","MAAC","A10","A","L","45-62",0.0962828763969484,0.656655293009964,0.789142831518436,0.661803604151082,-0.661803604151082,21,"played",NA,NA,NA,133,"Q2"
"3927",3927,"CanisiusRhode Island12-16",2025-12-16,"nc","Rhode Island","Canisius","A10","MAAC","H","W","62-45",0.656655293009964,0.0962828763969484,0.87694452176131,0.985270070495874,0.0147299295041264,43.5,"played",NA,NA,NA,342,"Q4"
"3928",3928,"Chicago St.Bowling Green12-16",2025-12-16,"nc","Bowling Green","Chicago St.","MAC","NEC","H","W","76-55",0.717673284740088,0.0739186417080468,0.87694452176131,0.988923656012592,0.011076343987408,68.2,"played",NA,NA,NA,352,"Q4"
"3929",3929,"Chicago St.Bowling Green12-16",2025-12-16,"nc","Chicago St.","Bowling Green","NEC","MAC","A","L","55-76",0.0739186417080468,0.717673284740088,0.789142831518436,0.595516196130015,-0.595516196130015,8.7,"played",NA,NA,NA,101,"Q2"
"3930",3930,"DartmouthHoly Cross12-16",2025-12-16,"nc","Dartmouth","Holy Cross","Ivy","Pat","A","W","89-64",0.313883565357004,0.203196040881925,0.789142831518436,0.936207636608896,0.0637923633911037,76.5,"played",NA,NA,NA,314,"Q4"
"3931",3931,"DartmouthHoly Cross12-16",2025-12-16,"nc","Holy Cross","Dartmouth","Pat","Ivy","H","L","64-89",0.203196040881925,0.313883565357004,0.87694452176131,0.939677619552002,-0.939677619552002,3.5,"played",NA,NA,NA,222,"Q4"
"3932",3932,"DePaulSt. John's12-16",2025-12-16,"conf","DePaul","St. John's","BE","BE","A","L","66-79",0.57837139577554,0.941505441293299,0.789142831518436,0.188653986484811,-0.188653986484811,61.1,"played",NA,NA,NA,23,"Q1"
"3933",3933,"DePaulSt. John's12-16",2025-12-16,"conf","St. John's","DePaul","BE","BE","H","W","79-66",0.941505441293299,0.57837139577554,0.87694452176131,0.838582265959197,0.161417734040803,93.4,"played",NA,NA,NA,113,"Q3"
"3934",3934,"East Tennessee St.North Carolina12-16",2025-12-16,"nc","East Tennessee St.","North Carolina","SC","ACC","A","L","58-77",0.448888433472161,0.914942599410585,0.789142831518436,0.258118902076419,-0.258118902076419,45.4,"played",NA,NA,NA,27,"Q1"
"3935",3935,"East Tennessee St.North Carolina12-16",2025-12-16,"nc","North Carolina","East Tennessee St.","ACC","SC","H","W","77-58",0.914942599410585,0.448888433472161,0.87694452176131,0.897428314939119,0.102571685060881,91.3,"played",NA,NA,NA,129,"Q3"
"3936",3936,"FIUMiami FL12-16",2025-12-16,"nc","FIU","Miami FL","CUSA","ACC","A","L","81-98",0.408547275216062,0.882624997146115,0.789142831518436,0.332309029138053,-0.332309029138053,59.3,"played",NA,NA,NA,37,"Q1"
"3937",3937,"FIUMiami FL12-16",2025-12-16,"nc","Miami FL","FIU","ACC","CUSA","H","W","98-81",0.882624997146115,0.408547275216062,0.87694452176131,0.911636516667524,0.0883634833324762,78.1,"played",NA,NA,NA,198,"Q4"
"3938",3938,"Florida St.Dayton12-16",2025-12-16,"nc","Dayton","Florida St.","A10","ACC","H","W","97-69",0.806502743818976,0.567618274698031,0.87694452176131,0.844443407314126,0.155556592685874,96.9,"played",NA,NA,NA,115,"Q3"
"3939",3939,"Florida St.Dayton12-16",2025-12-16,"nc","Florida St.","Dayton","ACC","A10","A","L","69-97",0.567618274698031,0.806502743818976,0.789142831518436,0.473106576585408,-0.473106576585408,15.1,"played",NA,NA,NA,80,"Q2"
"3940",3940,"HowardDrexel12-16",2025-12-16,"nc","Drexel","Howard","CAA","MEAC","H","L","66-74",0.506908140029048,0.233389525482971,0.87694452176131,0.95902984853669,-0.95902984853669,5.7,"played",NA,NA,NA,252,"Q4"
"3941",3941,"HowardDrexel12-16",2025-12-16,"nc","Howard","Drexel","MEAC","CAA","A","W","74-66",0.233389525482971,0.506908140029048,0.789142831518436,0.78450783990208,0.21549216009792,83.8,"played",NA,NA,NA,211,"Q3"
"3942",3942,"Le MoyneTexas12-16",2025-12-16,"nc","Le Moyne","Texas","NEC","SEC","A","L","53-95",0.233859733605385,0.887271095950039,0.789142831518436,0.322261464403328,-0.322261464403328,5.5,"played",NA,NA,NA,43,"Q1"
"3943",3943,"Le MoyneTexas12-16",2025-12-16,"nc","Texas","Le Moyne","SEC","NEC","H","W","95-53",0.887271095950039,0.233859733605385,0.87694452176131,0.958926535914673,0.0410734640853271,97.6,"played",NA,NA,NA,263,"Q4"
"3944",3944,"LipscombDuke12-16",2025-12-16,"nc","Duke","Lipscomb","ACC","ASun","H","W","97-73",0.967169328775528,0.400063738169319,0.87694452176131,0.914433271367804,0.0855667286321963,80.8,"played",NA,NA,NA,160,"Q3"
"3945",3945,"LipscombDuke12-16",2025-12-16,"nc","Lipscomb","Duke","ASun","ACC","A","L","73-97",0.400063738169319,0.967169328775528,0.789142831518436,0.1127209681814,-0.1127209681814,82.4,"played",NA,NA,NA,2,"Q1"
"3946",3946,"Little RockMorehead St.12-16",2025-12-16,"conf","Little Rock","Morehead St.","OVC","OVC","A","L","64-78",0.127043860244037,0.270894090214231,0.789142831518436,0.909690142816319,-0.909690142816319,3,"played",NA,NA,NA,286,"Q4"
"3947",3947,"Little RockMorehead St.12-16",2025-12-16,"conf","Morehead St.","Little Rock","OVC","OVC","H","W","78-64",0.270894090214231,0.127043860244037,0.87694452176131,0.979987080838008,0.0200129191619924,63.4,"played",NA,NA,NA,302,"Q4"
"3948",3948,"LIUMississippi St.12-16",2025-12-16,"nc","LIU","Mississippi St.","NEC","SEC","A","L","83-87",0.325501227881235,0.769828564240354,0.789142831518436,0.528076163539221,-0.528076163539221,64.9,"played",NA,NA,NA,99,"Q2"
"3949",3949,"LIUMississippi St.12-16",2025-12-16,"nc","Mississippi St.","LIU","SEC","NEC","H","W","87-83",0.769828564240354,0.325501227881235,0.87694452176131,0.936577409173886,0.0634225908261143,46.6,"played",NA,NA,NA,201,"Q4"
"3950",3950,"LouisvilleTennessee12-16",2025-12-16,"nc","Louisville","Tennessee","ACC","SEC","A","L","62-83",0.927853101372083,0.951108153148531,0.789142831518436,0.161345502513521,-0.161345502513521,54,"played",NA,NA,NA,26,"Q1"
"3951",3951,"LouisvilleTennessee12-16",2025-12-16,"nc","Tennessee","Louisville","SEC","ACC","H","W","83-62",0.951108153148531,0.927853101372083,0.87694452176131,0.356552099528878,0.643447900471122,99.5,"played",NA,NA,NA,15,"Q1"
"3952",3952,"MaristGeorgia Tech12-16",2025-12-16,"nc","Georgia Tech","Marist","ACC","MAAC","H","W","87-76",0.649662104684215,0.444102896546951,0.87694452176131,0.899197121104733,0.100802878895267,80.4,"played",NA,NA,NA,150,"Q3"
"3953",3953,"MaristGeorgia Tech12-16",2025-12-16,"nc","Marist","Georgia Tech","MAAC","ACC","A","L","76-87",0.444102896546951,0.649662104684215,0.789142831518436,0.668678034087465,-0.668678034087465,26.5,"played",NA,NA,NA,146,"Q3"
"3954",3954,"Miami OHWright St.12-16",2025-12-16,"nc","Miami OH","Wright St.","MAC","Horz","A","W","83-76",0.696611503750518,0.717548418206008,0.789142831518436,0.595664611268505,0.404335388731495,92.2,"played",NA,NA,NA,136,"Q3"
"3955",3955,"Miami OHWright St.12-16",2025-12-16,"nc","Wright St.","Miami OH","Horz","MAC","H","L","76-83",0.717548418206008,0.696611503750518,0.87694452176131,0.756317426282864,-0.756317426282864,33,"played",NA,NA,NA,49,"Q2"
"3956",3956,"Montana St.Cal Poly12-16",2025-12-16,"nc","Cal Poly","Montana St.","BW","BSky","H","L","80-83",0.356782664805302,0.518194021185584,0.87694452176131,0.868869531125587,-0.868869531125587,37.4,"played",NA,NA,NA,134,"Q3"
"3957",3957,"Montana St.Cal Poly12-16",2025-12-16,"nc","Montana St.","Cal Poly","BSky","BW","A","W","83-80",0.518194021185584,0.356782664805302,0.789142831518436,0.870920500600285,0.129079499399715,50,"played",NA,NA,NA,257,"Q4"
"3958",3958,"North Carolina A&TUNC Greensboro12-16",2025-12-16,"nc","North Carolina A&T","UNC Greensboro","CAA","SC","A","W","71-65",0.167266946360123,0.281789356639244,0.789142831518436,0.9051126855927,0.0948873144073005,61.6,"played",NA,NA,NA,295,"Q4"
"3959",3959,"North Carolina A&TUNC Greensboro12-16",2025-12-16,"nc","UNC Greensboro","North Carolina A&T","SC","CAA","H","L","65-71",0.281789356639244,0.167266946360123,0.87694452176131,0.97258668982768,-0.97258668982768,4.7,"played",NA,NA,NA,270,"Q4"
"3960",3960,"Northern ColoradoTexas Tech12-16",2025-12-16,"nc","Northern Colorado","Texas Tech","BSky","B12","A","L","90-101",0.441176952284647,0.952998790803517,0.789142831518436,0.155818723619252,-0.155818723619252,83.8,"played",NA,NA,NA,17,"Q1"
"3961",3961,"Northern ColoradoTexas Tech12-16",2025-12-16,"nc","Texas Tech","Northern Colorado","B12","BSky","H","W","101-90",0.952998790803517,0.441176952284647,0.87694452176131,0.900267043852585,0.0997329561474151,75.6,"played",NA,NA,NA,164,"Q4"
"3962",3962,"Oral RobertsMissouri St.12-16",2025-12-16,"nc","Missouri St.","Oral Roberts","CUSA","Sum","H","W","63-62",0.618345928322213,0.14650394031066,0.87694452176131,0.976479859681162,0.0235201403188382,21.4,"played",NA,NA,NA,317,"Q4"
"3963",3963,"Oral RobertsMissouri St.12-16",2025-12-16,"nc","Oral Roberts","Missouri St.","Sum","CUSA","A","L","62-63",0.14650394031066,0.618345928322213,0.789142831518436,0.697882118549372,-0.697882118549372,50.6,"played",NA,NA,NA,191,"Q3"
"3964",3964,"PacificBYU12-16",2025-12-16,"nc","BYU","Pacific","B12","WCC","H","W","93-57",0.943249231571529,0.522643024911776,0.87694452176131,0.866825148339616,0.133174851660384,98.8,"played",NA,NA,NA,110,"Q3"
"3965",3965,"PacificBYU12-16",2025-12-16,"nc","Pacific","BYU","WCC","B12","A","L","57-93",0.522643024911776,0.943249231571529,0.789142831518436,0.183787432026584,-0.183787432026584,18.1,"played",NA,NA,NA,12,"Q1"
"3966",3966,"QueensArkansas12-16",2025-12-16,"nc","Arkansas","Queens","SEC","ASun","H","W","108-80",0.944779447184236,0.358618140773719,0.87694452176131,0.927248717001686,0.0727512829983142,94.9,"played",NA,NA,NA,183,"Q4"
"3967",3967,"QueensArkansas12-16",2025-12-16,"nc","Queens","Arkansas","ASun","SEC","A","L","80-108",0.358618140773719,0.944779447184236,0.789142831518436,0.17948361785422,-0.17948361785422,34.1,"played",NA,NA,NA,20,"Q1"
"3968",3968,"RiderDelaware12-16",2025-12-16,"nc","Delaware","Rider","CUSA","MAAC","H","W","65-57",0.290475626387562,0.0692807104895986,0.87694452176131,0.989662640329338,0.010337359670662,31,"played",NA,NA,NA,357,"Q4"
"3969",3969,"RiderDelaware12-16",2025-12-16,"nc","Rider","Delaware","MAAC","CUSA","A","L","57-65",0.0692807104895986,0.290475626387562,0.789142831518436,0.901396772388435,-0.901396772388435,6.3,"played",NA,NA,NA,300,"Q4"
"3970",3970,"Sacred HeartUMass Lowell12-16",2025-12-16,"nc","Sacred Heart","UMass Lowell","MAAC","AE","A","L","82-87",0.185258742802667,0.273410301879121,0.789142831518436,0.908641117556753,-0.908641117556753,21.6,"played",NA,NA,NA,319,"Q4"
"3971",3971,"Sacred HeartUMass Lowell12-16",2025-12-16,"nc","UMass Lowell","Sacred Heart","AE","MAAC","H","W","87-82",0.273410301879121,0.185258742802667,0.87694452176131,0.969079449264048,0.0309205507359519,23.7,"played",NA,NA,NA,287,"Q4"
"3972",3972,"South CarolinaClemson12-16",2025-12-16,"nc","Clemson","South Carolina","ACC","SEC","H","W","68-61",0.937538780726441,0.702029460608034,0.87694452176131,0.751537221073831,0.248462778926169,91.5,"played",NA,NA,NA,85,"Q3"
"3973",3973,"South CarolinaClemson12-16",2025-12-16,"nc","South Carolina","Clemson","SEC","ACC","A","L","61-68",0.702029460608034,0.937538780726441,0.789142831518436,0.199576091999099,-0.199576091999099,76.6,"played",NA,NA,NA,32,"Q1"
"3974",3974,"SouthernCal Baptist12-16",2025-12-16,"nc","Cal Baptist","Southern","WAC","SWAC","H","W","75-67",0.691435207905624,0.265907681407748,0.87694452176131,0.951629886177392,0.0483701138226084,54.9,"played",NA,NA,NA,278,"Q4"
"3975",3975,"SouthernCal Baptist12-16",2025-12-16,"nc","Southern","Cal Baptist","SWAC","WAC","A","L","67-75",0.265907681407748,0.691435207905624,0.789142831518436,0.625492790676781,-0.625492790676781,40,"played",NA,NA,NA,120,"Q2"
"3976",3976,"Tarleton St.Mississippi Valley St.12-16",2025-12-16,"nc","Mississippi Valley St.","Tarleton St.","SWAC","WAC","H","L","64-88",0.0374143704241414,0.400519815714214,0.87694452176131,0.914284499452316,-0.914284499452316,5.2,"played",NA,NA,NA,185,"Q4"
"3977",3977,"Tarleton St.Mississippi Valley St.12-16",2025-12-16,"nc","Tarleton St.","Mississippi Valley St.","WAC","SWAC","A","W","88-64",0.400519815714214,0.0374143704241414,0.789142831518436,0.989721146603053,0.0102788533969466,32.2,"played",NA,NA,NA,365,"Q4"
"3978",3978,"ToledoMichigan St.12-16",2025-12-16,"nc","Michigan St.","Toledo","B10","MAC","H","W","92-69",0.96316998011938,0.405578446649967,0.87694452176131,0.912622369732399,0.0873776302676009,97.3,"played",NA,NA,NA,169,"Q4"
"3979",3979,"ToledoMichigan St.12-16",2025-12-16,"nc","Toledo","Michigan St.","MAC","B10","A","L","69-92",0.405578446649967,0.96316998011938,0.789142831518436,0.125192612565118,-0.125192612565118,33.5,"played",NA,NA,NA,11,"Q1"
"3980",3980,"TowsonKansas12-16",2025-12-16,"nc","Kansas","Towson","B12","CAA","H","W","73-49",0.958273819187545,0.35134538872408,0.87694452176131,0.929362589848566,0.0706374101514337,97.2,"played",NA,NA,NA,162,"Q4"
"3981",3981,"TowsonKansas12-16",2025-12-16,"nc","Towson","Kansas","CAA","B12","A","L","49-73",0.35134538872408,0.958273819187545,0.789142831518436,0.140126652159027,-0.140126652159027,26.2,"played",NA,NA,NA,18,"Q1"
"3982",3982,"UC San DiegoLoyola Marymount12-16",2025-12-16,"nc","Loyola Marymount","UC San Diego","WCC","BW","H","L","57-67",0.569167328627858,0.591942410772934,0.87694452176131,0.830870239432055,-0.830870239432055,27.2,"played",NA,NA,NA,98,"Q3"
"3983",3983,"UC San DiegoLoyola Marymount12-16",2025-12-16,"nc","UC San Diego","Loyola Marymount","BW","WCC","A","W","67-57",0.591942410772934,0.569167328627858,0.789142831518436,0.739103014549339,0.260896985450661,83.7,"played",NA,NA,NA,170,"Q3"
"3984",3984,"UMKCOklahoma12-16",2025-12-16,"nc","Oklahoma","UMKC","SEC","Sum","H","W","89-67",0.795763730228384,0.0841485058607757,0.87694452176131,0.987271223453189,0.0127287765468107,81.8,"played",NA,NA,NA,346,"Q4"
"3985",3985,"UMKCOklahoma12-16",2025-12-16,"nc","UMKC","Oklahoma","Sum","SEC","A","L","67-89",0.0841485058607757,0.795763730228384,0.789142831518436,0.489936745058446,-0.489936745058446,7.4,"played",NA,NA,NA,76,"Q2"
"3986",3986,"USC UpstateSouth Carolina St.12-16",2025-12-16,"nc","South Carolina St.","USC Upstate","MEAC","BSth","H","L","72-78",0.0923660430113964,0.171715590878374,0.87694452176131,0.97173133605275,-0.97173133605275,6,"played",NA,NA,NA,285,"Q4"
"3987",3987,"USC UpstateSouth Carolina St.12-16",2025-12-16,"nc","USC Upstate","South Carolina St.","BSth","MEAC","A","W","78-72",0.171715590878374,0.0923660430113964,0.789142831518436,0.973528234373433,0.0264717656265669,24.9,"played",NA,NA,NA,360,"Q4"
"3988",3988,"UT Rio Grande ValleyLamar12-16",2025-12-16,"conf","Lamar","UT Rio Grande Valley","Slnd","Slnd","H","L","72-83",0.437571853477538,0.397957356960562,0.87694452176131,0.915118069533995,-0.915118069533995,5.7,"played",NA,NA,NA,194,"Q4"
"3989",3989,"UT Rio Grande ValleyLamar12-16",2025-12-16,"conf","UT Rio Grande Valley","Lamar","Slnd","Slnd","A","W","83-72",0.397957356960562,0.437571853477538,0.789142831518436,0.827896030713947,0.172103969286053,89.5,"played",NA,NA,NA,220,"Q3"
"3990",3990,"ValparaisoNorthwestern12-16",2025-12-16,"nc","Northwestern","Valparaiso","B10","MVC","H","W","86-70",0.848307220201776,0.458749949196083,0.87694452176131,0.893707567155318,0.106292432844682,92.3,"played",NA,NA,NA,171,"Q4"
"3991",3991,"ValparaisoNorthwestern12-16",2025-12-16,"nc","Valparaiso","Northwestern","MVC","B10","A","L","70-86",0.458749949196083,0.848307220201776,0.789142831518436,0.400923368847485,-0.400923368847485,28.3,"played",NA,NA,NA,69,"Q1"
"3992",3992,"MidwayLiberty12-16",2025-12-16,"nond1","Liberty","Midway","CUSA",NA,"H","W","57-95",NA,NA,NA,NA,0,NA,"played",NA,NA,NA,NA,NA
"3993",3993,"UCCSDenver12-16",2025-12-16,"nond1","Denver","UCCS","Sum",NA,"H","W","93-129",NA,NA,NA,NA,0,NA,"played",NA,NA,NA,NA,NA
"3994",3994,"Mary BaldwinHigh Point12-16",2025-12-16,"nond1","High Point","Mary Baldwin","BSth",NA,"H","W","47-129",NA,NA,NA,NA,0,NA,"played",NA,NA,NA,NA,NA
"3995",3995,"StantonUC Riverside12-16",2025-12-16,"nond1","UC Riverside","Stanton","BW",NA,"H","W","70-95",NA,NA,NA,NA,0,NA,"played",NA,NA,NA,NA,NA
"3996",3996,"Ohio WesleyanOhio12-16",2025-12-16,"nond1","Ohio","Ohio Wesleyan","MAC",NA,"H","W","56-89",NA,NA,NA,NA,0,NA,"played",NA,NA,NA,NA,NA
"3997",3997,"East-West U.Northern Illinois12-16",2025-12-16,"nond1","Northern Illinois","East-West U.","MAC",NA,"H","W","64-112",NA,NA,NA,NA,0,NA,"played",NA,NA,NA,NA,NA
"3998",3998,"Miami-MiddletownIU Indy12-16",2025-12-16,"nond1","IU Indy","Miami-Middletown","Horz",NA,"H","W","73-126",NA,NA,NA,NA,0,NA,"played",NA,NA,NA,NA,NA
"3999",3999,"Ky. ChristianUNC Asheville12-16",2025-12-16,"nond1","UNC Asheville","Ky. Christian","BSth",NA,"H","W","73-83",NA,NA,NA,NA,0,NA,"played",NA,NA,NA,NA,NA
"4000",4000,"York (NE)Nebraska Omaha12-16",2025-12-16,"nond1","Nebraska Omaha","York (NE)","Sum",NA,"H","W","58-105",NA,NA,NA,NA,0,NA,"played",NA,NA,NA,NA,NA
"4001",4001,"Air ForceSan Diego St.12-17",2025-12-17,"conf","Air Force","San Diego St.","MWC","MWC","A","L","58-81",0.105682919431014,0.88804009035819,0.789142831518436,0.320579556111625,-0.320579556111625,33.4,"played",NA,NA,NA,52,"Q1"
"4002",4002,"Air ForceSan Diego St.12-17",2025-12-17,"conf","San Diego St.","Air Force","MWC","MWC","H","W","81-58",0.88804009035819,0.105682919431014,0.87694452176131,0.983688285585496,0.0163117144145042,65.1,"played",NA,NA,NA,336,"Q4"
"4003",4003,"Alabama A&MMississippi12-17",2025-12-17,"nc","Alabama A&M","Mississippi","SWAC","SEC","N","L","66-80",0.207020507139942,0.723123972088137,0.837778001870703,0.664135094467405,-0.664135094467405,12.8,"played",NA,NA,NA,87,"Q2"
"4004",4004,"Alabama A&MMississippi12-17",2025-12-17,"nc","Mississippi","Alabama A&M","SEC","SWAC","N","W","80-66",0.723123972088137,0.207020507139942,0.837778001870703,0.951881182396055,0.0481188176039449,82.3,"played",NA,NA,NA,308,"Q4"
"4005",4005,"Alabama St.Cincinnati12-17",2025-12-17,"nc","Alabama St.","Cincinnati","SWAC","B12","A","L","51-88",0.161273195651384,0.873465038086542,0.789142831518436,0.351561364376916,-0.351561364376916,2.9,"played",NA,NA,NA,72,"Q1"
"4006",4006,"Alabama St.Cincinnati12-17",2025-12-17,"nc","Cincinnati","Alabama St.","B12","SWAC","H","W","88-51",0.873465038086542,0.161273195651384,0.87694452176131,0.973727114931155,0.026272885068845,97.8,"played",NA,NA,NA,313,"Q4"
"4007",4007,"AlbanyStony Brook12-17",2025-12-17,"nc","Albany","Stony Brook","AE","CAA","A","W","71-55",0.187386733437233,0.460531374139957,0.789142831518436,0.814265765425597,0.185734234574403,91.4,"played",NA,NA,NA,234,"Q3"
"4008",4008,"AlbanyStony Brook12-17",2025-12-17,"nc","Stony Brook","Albany","CAA","AE","H","L","55-71",0.460531374139957,0.187386733437233,0.87694452176131,0.968656075522331,-0.968656075522331,1.8,"played",NA,NA,NA,309,"Q4"
"4009",4009,"Arizona St.UCLA12-17",2025-12-17,"nc","Arizona St.","UCLA","B12","B10","A","L","77-90",0.630271822278081,0.883383237146971,0.789142831518436,0.330682521038581,-0.330682521038581,52.4,"played",NA,NA,NA,40,"Q1"
"4010",4010,"Arizona St.UCLA12-17",2025-12-17,"nc","UCLA","Arizona St.","B10","B12","H","W","90-77",0.883383237146971,0.630271822278081,0.87694452176131,0.806967577765592,0.193032422234408,92.1,"played",NA,NA,NA,93,"Q3"
"4011",4011,"Arkansas St.Texas St.12-17",2025-12-17,"conf","Arkansas St.","Texas St.","SB","SB","A","W","89-70",0.486958310027856,0.382567816926111,0.789142831518436,0.857957670648498,0.142042329351502,84.8,"played",NA,NA,NA,265,"Q4"
"4012",4012,"Arkansas St.Texas St.12-17",2025-12-17,"conf","Texas St.","Arkansas St.","SB","SB","H","L","70-89",0.382567816926111,0.486958310027856,0.87694452176131,0.882465421492392,-0.882465421492392,9.5,"played",NA,NA,NA,141,"Q3"
"4013",4013,"Bethune CookmanSaint Louis12-17",2025-12-17,"nc","Bethune Cookman","Saint Louis","SWAC","A10","A","L","53-112",0.251758726760507,0.934398970437872,0.789142831518436,0.20807868025584,-0.20807868025584,1.2,"played",NA,NA,NA,22,"Q1"
"4014",4014,"Bethune CookmanSaint Louis12-17",2025-12-17,"nc","Saint Louis","Bethune Cookman","A10","SWAC","H","W","112-53",0.934398970437872,0.251758726760507,0.87694452176131,0.954914569002642,0.0450854309973584,99.7,"played",NA,NA,NA,268,"Q4"
"4015",4015,"BinghamtonPittsburgh12-17",2025-12-17,"nc","Binghamton","Pittsburgh","AE","ACC","A","L","63-103",0.0455455848513069,0.730765128903465,0.789142831518436,0.579630896823016,-0.579630896823016,2.5,"played",NA,NA,NA,121,"Q2"
"4016",4016,"BinghamtonPittsburgh12-17",2025-12-17,"nc","Pittsburgh","Binghamton","ACC","AE","H","W","103-63",0.730765128903465,0.0455455848513069,0.87694452176131,0.993348470028501,0.00665152997149854,83.5,"played",NA,NA,NA,362,"Q4"
"4017",4017,"CampbellGonzaga12-17",2025-12-17,"nc","Campbell","Gonzaga","CAA","WCC","A","L","70-98",0.327073956545687,0.966086351861385,0.789142831518436,0.116122856905454,-0.116122856905454,51.4,"played",NA,NA,NA,4,"Q1"
"4018",4018,"CampbellGonzaga12-17",2025-12-17,"nc","Gonzaga","Campbell","WCC","CAA","H","W","98-70",0.966086351861385,0.327073956545687,0.87694452176131,0.936151100895773,0.0638488991042273,92.9,"played",NA,NA,NA,203,"Q4"
"4019",4019,"ChattanoogaBellarmine12-17",2025-12-17,"nc","Bellarmine","Chattanooga","ASun","SC","H","W","79-64",0.246363301451693,0.193922737600882,0.87694452176131,0.967344083601197,0.0326559163988029,38.7,"played",NA,NA,NA,280,"Q4"
"4020",4020,"ChattanoogaBellarmine12-17",2025-12-17,"nc","Chattanooga","Bellarmine","SC","ASun","A","L","64-79",0.193922737600882,0.246363301451693,0.789142831518436,0.919669832563784,-0.919669832563784,11.1,"played",NA,NA,NA,291,"Q4"
"4021",4021,"Cleveland St.UAB12-17",2025-12-17,"nc","Cleveland St.","UAB","Horz","Amer","A","L","77-101",0.170841144385821,0.677896014710966,0.789142831518436,0.640065139338454,-0.640065139338454,23.7,"played",NA,NA,NA,122,"Q2"
"4022",4022,"Cleveland St.UAB12-17",2025-12-17,"nc","UAB","Cleveland St.","Amer","Horz","H","W","101-77",0.677896014710966,0.170841144385821,0.87694452176131,0.971900073963006,0.0280999260369942,58.2,"played",NA,NA,NA,321,"Q4"
"4023",4023,"CreightonXavier12-17",2025-12-17,"conf","Creighton","Xavier","BE","BE","A","W","98-57",0.754064342104998,0.780139218822579,0.789142831518436,0.513318973154326,0.486681026845674,99.8,"played",NA,NA,NA,94,"Q2"
"4024",4024,"CreightonXavier12-17",2025-12-17,"conf","Xavier","Creighton","BE","BE","H","L","57-98",0.780139218822579,0.754064342104998,0.87694452176131,0.699180955753172,-0.699180955753172,1.9,"played",NA,NA,NA,58,"Q2"
"4025",4025,"Eastern KentuckyJacksonville St.12-17",2025-12-17,"nc","Eastern Kentucky","Jacksonville St.","ASun","CUSA","A","W","62-59",0.223192376556858,0.444551537137328,0.789142831518436,0.823824402356089,0.176175597643911,71.9,"played",NA,NA,NA,245,"Q4"
"4026",4026,"Eastern KentuckyJacksonville St.12-17",2025-12-17,"nc","Jacksonville St.","Eastern Kentucky","CUSA","ASun","H","L","59-62",0.444551537137328,0.223192376556858,0.87694452176131,0.961244908789494,-0.961244908789494,8.2,"played",NA,NA,NA,262,"Q4"
"4027",4027,"Eastern WashingtonWashington St.12-17",2025-12-17,"nc","Eastern Washington","Washington St.","BSky","WCC","N","L","63-78",0.383575201857829,0.56322760881236,0.837778001870703,0.800195356317295,-0.800195356317295,6.7,"played",NA,NA,NA,156,"Q3"
"4028",4028,"Eastern WashingtonWashington St.12-17",2025-12-17,"nc","Washington St.","Eastern Washington","WCC","BSky","N","W","78-63",0.56322760881236,0.383575201857829,0.837778001870703,0.892466642258807,0.107533357741193,91.8,"played",NA,NA,NA,254,"Q4"
"4029",4029,"GeorgetownMarquette12-17",2025-12-17,"conf","Georgetown","Marquette","BE","BE","A","W","78-69",0.594254951891872,0.679338014949704,0.789142831518436,0.638540499954744,0.361459500045256,83.5,"played",NA,NA,NA,142,"Q3"
"4030",4030,"GeorgetownMarquette12-17",2025-12-17,"conf","Marquette","Georgetown","BE","BE","H","L","69-78",0.679338014949704,0.594254951891872,0.87694452176131,0.829519401147896,-0.829519401147896,38,"played",NA,NA,NA,118,"Q3"
"4031",4031,"Houston ChristianNicholls St.12-17",2025-12-17,"conf","Houston Christian","Nicholls St.","Slnd","Slnd","A","L","64-79",0.166904500846973,0.447990911854504,0.789142831518436,0.821795222623473,-0.821795222623473,5.2,"played",NA,NA,NA,214,"Q3"
"4032",4032,"Houston ChristianNicholls St.12-17",2025-12-17,"conf","Nicholls St.","Houston Christian","Slnd","Slnd","H","W","79-64",0.447990911854504,0.166904500846973,0.87694452176131,0.972656041762217,0.0273439582377828,74.7,"played",NA,NA,NA,297,"Q4"
"4033",4033,"JacksonvilleFlorida A&M12-17",2025-12-17,"nc","Florida A&M","Jacksonville","SWAC","ASun","H","W","72-65",0.313122465804659,0.161966016954007,0.87694452176131,0.973595990398377,0.0264040096016227,55.8,"played",NA,NA,NA,293,"Q4"
"4034",4034,"JacksonvilleFlorida A&M12-17",2025-12-17,"nc","Jacksonville","Florida A&M","ASun","SWAC","A","L","65-72",0.161966016954007,0.313122465804659,0.789142831518436,0.89141995383216,-0.89141995383216,6.5,"played",NA,NA,NA,307,"Q4"
"4035",4035,"James MadisonOld Dominion12-17",2025-12-17,"conf","James Madison","Old Dominion","SB","SB","A","L","68-77",0.248008473110579,0.413664087476716,0.789142831518436,0.841389735962245,-0.841389735962245,13.1,"played",NA,NA,NA,250,"Q4"
"4036",4036,"James MadisonOld Dominion12-17",2025-12-17,"conf","Old Dominion","James Madison","SB","SB","H","W","77-68",0.413664087476716,0.248008473110579,0.87694452176131,0.955768164170376,0.0442318358296244,60.7,"played",NA,NA,NA,244,"Q4"
"4037",4037,"Kennesaw St.Middle Tennessee12-17",2025-12-17,"conf","Kennesaw St.","Middle Tennessee","CUSA","CUSA","A","L","67-68",0.417773718358861,0.754494348969183,0.789142831518436,0.54910087733936,-0.54910087733936,48.6,"played",NA,NA,NA,111,"Q2"
"4038",4038,"Kennesaw St.Middle Tennessee12-17",2025-12-17,"conf","Middle Tennessee","Kennesaw St.","CUSA","CUSA","H","W","68-67",0.754494348969183,0.417773718358861,0.87694452176131,0.908522587405783,0.0914774125942168,70,"played",NA,NA,NA,159,"Q3"
"4039",4039,"LongwoodWake Forest12-17",2025-12-17,"nc","Longwood","Wake Forest","BSth","ACC","A","L","68-71",0.192892523448795,0.830188381602287,0.789142831518436,0.433595457149497,-0.433595457149497,73.6,"played",NA,NA,NA,67,"Q1"
"4040",4040,"LongwoodWake Forest12-17",2025-12-17,"nc","Wake Forest","Longwood","ACC","BSth","H","W","71-68",0.830188381602287,0.192892523448795,0.87694452176131,0.967552055004814,0.0324479449951863,29.5,"played",NA,NA,NA,271,"Q4"
"4041",4041,"Louisiana TechTulane12-17",2025-12-17,"nc","Louisiana Tech","Tulane","CUSA","Amer","A","L","53-61",0.208034428147825,0.499347286934666,0.789142831518436,0.789576940282949,-0.789576940282949,13.9,"played",NA,NA,NA,202,"Q3"
"4042",4042,"Louisiana TechTulane12-17",2025-12-17,"nc","Tulane","Louisiana Tech","Amer","CUSA","H","W","61-53",0.499347286934666,0.208034428147825,0.87694452176131,0.964450169222807,0.0355498307771926,61.9,"played",NA,NA,NA,264,"Q4"
"4043",4043,"Loyola ChicagoSan Francisco12-17",2025-12-17,"nc","Loyola Chicago","San Francisco","A10","WCC","N","L","71-85",0.227740076694746,0.673005735174101,0.837778001870703,0.715037251321477,-0.715037251321477,13.9,"played",NA,NA,NA,107,"Q3"
"4044",4044,"Loyola ChicagoSan Francisco12-17",2025-12-17,"nc","San Francisco","Loyola Chicago","WCC","A10","N","W","85-71",0.673005735174101,0.227740076694746,0.837778001870703,0.945981866913749,0.054018133086251,79,"played",NA,NA,NA,315,"Q4"
"4045",4045,"Maryland Eastern ShoreWagner12-17",2025-12-17,"nc","Maryland Eastern Shore","Wagner","MEAC","NEC","A","L","64-78",0.112768939573491,0.231947573900047,0.789142831518436,0.925332829516718,-0.925332829516718,4.2,"played",NA,NA,NA,324,"Q4"
"4046",4046,"Maryland Eastern ShoreWagner12-17",2025-12-17,"nc","Wagner","Maryland Eastern Shore","NEC","MEAC","H","W","78-64",0.231947573900047,0.112768939573491,0.87694452176131,0.98247717744524,0.0175228225547599,46.8,"played",NA,NA,NA,325,"Q4"
"4047",4047,"MercerUCF12-17",2025-12-17,"nc","Mercer","UCF","SC","B12","A","L","63-81",0.497972452629038,0.866736847529921,0.789142831518436,0.365251362941497,-0.365251362941497,29.2,"played",NA,NA,NA,39,"Q1"
"4048",4048,"MercerUCF12-17",2025-12-17,"nc","UCF","Mercer","B12","SC","H","W","81-63",0.866736847529921,0.497972452629038,0.87694452176131,0.877817047848107,0.122182952151893,94,"played",NA,NA,NA,125,"Q3"
"4049",4049,"MercyhurstSyracuse12-17",2025-12-17,"nc","Mercyhurst","Syracuse","NEC","ACC","A","L","62-76",0.197715059489074,0.839475742553748,0.789142831518436,0.417130023189949,-0.417130023189949,21.5,"played",NA,NA,NA,77,"Q2"
"4050",4050,"MercyhurstSyracuse12-17",2025-12-17,"nc","Syracuse","Mercyhurst","ACC","NEC","H","W","76-62",0.839475742553748,0.197715059489074,0.87694452176131,0.966574696119011,0.0334253038809886,82.5,"played",NA,NA,NA,290,"Q4"
"4051",4051,"North TexasSanta Clara12-17",2025-12-17,"nc","North Texas","Santa Clara","Amer","WCC","N","L","60-63",0.535417123516586,0.872877060014961,0.837778001870703,0.42926448148856,-0.42926448148856,85.9,"played",NA,NA,NA,44,"Q1"
"4052",4052,"North TexasSanta Clara12-17",2025-12-17,"nc","Santa Clara","North Texas","WCC","Amer","N","W","63-60",0.872877060014961,0.535417123516586,0.837778001870703,0.817556763658188,0.182443236341812,56.4,"played",NA,NA,NA,147,"Q3"
"4053",4053,"Northern IowaIllinois Chicago12-17",2025-12-17,"conf","Illinois Chicago","Northern Iowa","MVC","MVC","H","L","54-60",0.656335877113298,0.62119758035374,0.87694452176131,0.812931803778752,-0.812931803778752,42.5,"played",NA,NA,NA,102,"Q3"
"4054",4054,"Northern IowaIllinois Chicago12-17",2025-12-17,"conf","Northern Iowa","Illinois Chicago","MVC","MVC","A","W","60-54",0.62119758035374,0.656335877113298,0.789142831518436,0.662120554275075,0.337879445724925,80.9,"played",NA,NA,NA,161,"Q3"
"4055",4055,"OaklandNorthern Kentucky12-17",2025-12-17,"conf","Northern Kentucky","Oakland","Horz","Horz","H","L","77-82",0.56588651357836,0.482772141388938,0.87694452176131,0.884192673060866,-0.884192673060866,36.2,"played",NA,NA,NA,135,"Q3"
"4056",4056,"OaklandNorthern Kentucky12-17",2025-12-17,"conf","Oakland","Northern Kentucky","Horz","Horz","A","W","82-77",0.482772141388938,0.56588651357836,0.789142831518436,0.741672343161317,0.258327656838683,68.2,"played",NA,NA,NA,177,"Q3"
"4057",4057,"Portland St.Colorado12-17",2025-12-17,"nc","Colorado","Portland St.","B12","BSky","H","W","84-73",0.772290823716488,0.428876901216264,0.87694452176131,0.904671517158032,0.0953284828419685,65.2,"played",NA,NA,NA,137,"Q3"
"4058",4058,"Portland St.Colorado12-17",2025-12-17,"nc","Portland St.","Colorado","BSky","B12","A","L","73-84",0.428876901216264,0.772290823716488,0.789142831518436,0.524598733389019,-0.524598733389019,57.6,"played",NA,NA,NA,78,"Q2"
"4059",4059,"PortlandOregon12-17",2025-12-17,"nc","Oregon","Portland","B10","WCC","H","W","94-69",0.81299290274961,0.394760979258516,0.87694452176131,0.916150061931773,0.0838499380682269,89.7,"played",NA,NA,NA,215,"Q4"
"4060",4060,"PortlandOregon12-17",2025-12-17,"nc","Portland","Oregon","WCC","B10","A","L","69-94",0.394760979258516,0.81299290274961,0.789142831518436,0.462617524270081,-0.462617524270081,24.6,"played",NA,NA,NA,104,"Q2"
"4061",4061,"PresbyterianEast Carolina12-17",2025-12-17,"nc","East Carolina","Presbyterian","Amer","BSth","H","W","74-53",0.262679066039086,0.211694092348146,0.87694452176131,0.96368565745234,0.03631434254766,86.9,"played",NA,NA,NA,258,"Q4"
"4062",4062,"PresbyterianEast Carolina12-17",2025-12-17,"nc","Presbyterian","East Carolina","BSth","Amer","A","L","53-74",0.211694092348146,0.262679066039086,0.789142831518436,0.913081687465795,-0.913081687465795,1.4,"played",NA,NA,NA,299,"Q4"
"4063",4063,"QuinnipiacMonmouth12-17",2025-12-17,"nc","Monmouth","Quinnipiac","CAA","MAAC","H","L","75-85",0.470690741874601,0.407246884569133,0.87694452176131,0.912069287849074,-0.912069287849074,4.9,"played",NA,NA,NA,184,"Q4"
"4064",4064,"QuinnipiacMonmouth12-17",2025-12-17,"nc","Quinnipiac","Monmouth","MAAC","CAA","A","W","85-75",0.407246884569133,0.470690741874601,0.789142831518436,0.808011054668748,0.191988945331252,92.3,"played",NA,NA,NA,204,"Q3"
"4065",4065,"RichmondElon12-17",2025-12-17,"nc","Elon","Richmond","CAA","A10","H","W","73-70",0.576866467930946,0.505311078308384,0.87694452176131,0.874633481206489,0.125366518793511,53.5,"played",NA,NA,NA,126,"Q3"
"4066",4066,"RichmondElon12-17",2025-12-17,"nc","Richmond","Elon","A10","CAA","A","L","70-73",0.505311078308384,0.576866467930946,0.789142831518436,0.732989491121582,-0.732989491121582,54.8,"played",NA,NA,NA,168,"Q3"
"4067",4067,"Saint FrancisFlorida12-17",2025-12-17,"nc","Florida","Saint Francis","SEC","NEC","H","W","102-61",0.967769745662781,0.0661980827384546,0.87694452176131,0.990150353814344,0.00984964618565609,92.8,"played",NA,NA,NA,354,"Q4"
"4068",4068,"Saint FrancisFlorida12-17",2025-12-17,"nc","Saint Francis","Florida","NEC","SEC","A","L","61-102",0.0661980827384546,0.967769745662781,0.789142831518436,0.110826915239594,-0.110826915239594,14.1,"played",NA,NA,NA,14,"Q1"
"4069",4069,"Sam Houston St.Oregon St.12-17",2025-12-17,"nc","Oregon St.","Sam Houston St.","WCC","CUSA","H","L","75-85",0.48746862199899,0.562519903891757,0.87694452176131,0.847149015990964,-0.847149015990964,18.9,"played",NA,NA,NA,105,"Q3"
"4070",4070,"Sam Houston St.Oregon St.12-17",2025-12-17,"nc","Sam Houston St.","Oregon St.","CUSA","WCC","A","W","85-75",0.562519903891757,0.48746862199899,0.789142831518436,0.797364378973173,0.202635621026827,84,"played",NA,NA,NA,213,"Q3"
"4071",4071,"SeattleUC Davis12-17",2025-12-17,"nc","Seattle","UC Davis","WCC","BW","A","W","79-78",0.605972048235407,0.569719928859357,0.789142831518436,0.738668165713469,0.261331834286531,69.8,"played",NA,NA,NA,176,"Q3"
"4072",4072,"SeattleUC Davis12-17",2025-12-17,"nc","UC Davis","Seattle","BW","WCC","H","L","78-79",0.569719928859357,0.605972048235407,0.87694452176131,0.822502708405666,-0.822502708405666,46.8,"played",NA,NA,NA,114,"Q3"
"4073",4073,"SienaVermont12-17",2025-12-17,"nc","Siena","Vermont","MAAC","AE","A","L","69-83",0.390387146522654,0.446282341818913,0.789142831518436,0.822805153276422,-0.822805153276422,5.5,"played",NA,NA,NA,207,"Q3"
"4074",4074,"SienaVermont12-17",2025-12-17,"nc","Vermont","Siena","AE","MAAC","H","W","83-69",0.446282341818913,0.390387146522654,0.87694452176131,0.917548378669134,0.0824516213308657,89.9,"played",NA,NA,NA,172,"Q4"
"4075",4075,"South AlabamaLouisiana Monroe12-17",2025-12-17,"conf","Louisiana Monroe","South Alabama","SB","SB","H","L","92-96",0.110510816070549,0.306238592181222,0.87694452176131,0.941671849852463,-0.941671849852463,37,"played",NA,NA,NA,197,"Q4"
"4076",4076,"South AlabamaLouisiana Monroe12-17",2025-12-17,"conf","South Alabama","Louisiana Monroe","SB","SB","A","W","96-92",0.306238592181222,0.110510816070549,0.789142831518436,0.967869772859297,0.0321302271407032,8.5,"played",NA,NA,NA,359,"Q4"
"4077",4077,"South FloridaAlabama12-17",2025-12-17,"nc","Alabama","South Florida","SEC","Amer","H","W","104-93",0.954434190116709,0.716094166023229,0.87694452176131,0.738587386794364,0.261412613205636,91,"played",NA,NA,NA,66,"Q2"
"4078",4078,"South FloridaAlabama12-17",2025-12-17,"nc","South Florida","Alabama","Amer","SEC","A","L","93-104",0.716094166023229,0.954434190116709,0.789142831518436,0.151588690123373,-0.151588690123373,83.9,"played",NA,NA,NA,19,"Q1"
"4079",4079,"StonehillNew Hampshire12-17",2025-12-17,"nc","New Hampshire","Stonehill","AE","NEC","H","W","59-58",0.294034884198752,0.0863616106872418,0.87694452176131,0.986909609419067,0.0130903905809331,11.8,"played",NA,NA,NA,337,"Q4"
"4080",4080,"StonehillNew Hampshire12-17",2025-12-17,"nc","Stonehill","New Hampshire","NEC","AE","A","L","58-59",0.0863616106872418,0.294034884198752,0.789142831518436,0.899856735898056,-0.899856735898056,22.7,"played",NA,NA,NA,323,"Q4"
"4081",4081,"Texas A&M Corpus ChrisStephen F. Austin12-17",2025-12-17,"conf","Stephen F. Austin","Texas A&M Corpus Chris","Slnd","Slnd","H","W","69-60",0.815047683515057,0.415344559057257,0.87694452176131,0.909349881209777,0.0906501187902234,60.7,"played",NA,NA,NA,181,"Q4"
"4082",4082,"Texas A&M Corpus ChrisStephen F. Austin12-17",2025-12-17,"conf","Texas A&M Corpus Chris","Stephen F. Austin","Slnd","Slnd","A","L","60-69",0.415344559057257,0.815047683515057,0.789142831518436,0.459245063096948,-0.459245063096948,66.9,"played",NA,NA,NA,88,"Q2"
"4083",4083,"Texas SouthernN.C. State12-17",2025-12-17,"nc","N.C. State","Texas Southern","ACC","SWAC","H","W","108-72",0.928506150979041,0.127997519309955,0.87694452176131,0.979818278787393,0.0201817212126065,91.7,"played",NA,NA,NA,348,"Q4"
"4084",4084,"Texas SouthernN.C. State12-17",2025-12-17,"nc","Texas Southern","N.C. State","SWAC","ACC","A","L","72-108",0.127997519309955,0.928506150979041,0.789142831518436,0.223705894573487,-0.223705894573487,14.7,"played",NA,NA,NA,29,"Q1"
"4085",4085,"The CitadelCharleston12-17",2025-12-17,"nc","Charleston","The Citadel","CAA","SC","H","W","82-78",0.52079730801882,0.0788521555269136,0.87694452176131,0.988130636578795,0.0118693634212048,9,"played",NA,NA,NA,350,"Q4"
"4086",4086,"The CitadelCharleston12-17",2025-12-17,"nc","The Citadel","Charleston","SC","CAA","A","L","78-82",0.0788521555269136,0.52079730801882,0.789142831518436,0.774959275716584,-0.774959275716584,48.6,"played",NA,NA,NA,175,"Q3"
"4087",4087,"UC Santa BarbaraGreen Bay12-17",2025-12-17,"nc","Green Bay","UC Santa Barbara","Horz","BW","H","W","67-64",0.503482144436143,0.483931703427263,0.87694452176131,0.883716358848983,0.116283641151017,81.9,"played",NA,NA,NA,145,"Q3"
"4088",4088,"UC Santa BarbaraGreen Bay12-17",2025-12-17,"nc","UC Santa Barbara","Green Bay","BW","Horz","A","L","64-67",0.483931703427263,0.503482144436143,0.789142831518436,0.786815794214538,-0.786815794214538,17.4,"played",NA,NA,NA,230,"Q3"
"4089",4089,"UT ArlingtonStanford12-17",2025-12-17,"nc","Stanford","UT Arlington","ACC","WAC","H","W","76-60",0.825268926203313,0.429835729480134,0.87694452176131,0.90433348387365,0.0956665161263495,93.8,"played",NA,NA,NA,123,"Q3"
"4090",4090,"UT ArlingtonStanford12-17",2025-12-17,"nc","UT Arlington","Stanford","WAC","ACC","A","L","60-76",0.429835729480134,0.825268926203313,0.789142831518436,0.442087360782368,-0.442087360782368,19.1,"played",NA,NA,NA,68,"Q1"
"4091",4091,"UTSAUSC12-17",2025-12-17,"nc","USC","UTSA","B10","Amer","H","W","97-70",0.850928400566256,0.0659428297410237,0.87694452176131,0.990190615450233,0.00980938454976721,45.2,"played",NA,NA,NA,349,"Q4"
"4092",4092,"UTSAUSC12-17",2025-12-17,"nc","UTSA","USC","Amer","B10","A","L","70-97",0.0659428297410237,0.850928400566256,0.789142831518436,0.396005997866024,-0.396005997866024,32.8,"played",NA,NA,NA,56,"Q1"
"4093",4093,"VanderbiltMemphis12-17",2025-12-17,"nc","Memphis","Vanderbilt","Amer","SEC","H","L","70-77",0.777847739912943,0.928124167770446,0.87694452176131,0.355622029564161,-0.355622029564161,82.8,"played",NA,NA,NA,16,"Q1"
"4094",4094,"VanderbiltMemphis12-17",2025-12-17,"nc","Vanderbilt","Memphis","SEC","Amer","A","W","77-70",0.928124167770446,0.777847739912943,0.789142831518436,0.516643488894951,0.483356511105049,90.4,"played",NA,NA,NA,112,"Q2"
"4095",4095,"Weber St.Utah Valley12-17",2025-12-17,"nc","Utah Valley","Weber St.","WAC","BSky","H","W","90-74",0.786139268528895,0.362300900236987,0.87694452176131,0.926163657167391,0.073836342832609,81.9,"played",NA,NA,NA,190,"Q4"
"4096",4096,"Weber St.Utah Valley12-17",2025-12-17,"nc","Weber St.","Utah Valley","BSky","WAC","A","L","74-90",0.362300900236987,0.786139268528895,0.789142831518436,0.50448923133059,-0.50448923133059,31.6,"played",NA,NA,NA,96,"Q2"
"4097",4097,"WoffordWichita St.12-17",2025-12-17,"nc","Wichita St.","Wofford","Amer","SC","H","W","84-73",0.738904436061514,0.281320852120458,0.87694452176131,0.947931772553643,0.0520682274463571,67.4,"played",NA,NA,NA,225,"Q4"
"4098",4098,"WoffordWichita St.12-17",2025-12-17,"nc","Wofford","Wichita St.","SC","Amer","A","L","73-84",0.281320852120458,0.738904436061514,0.789142831518436,0.569419774868401,-0.569419774868401,34.9,"played",NA,NA,NA,95,"Q2"
"4099",4099,"Youngstown St.Robert Morris12-17",2025-12-17,"conf","Robert Morris","Youngstown St.","Horz","Horz","H","W","80-77",0.517536678288298,0.38787784894262,0.87694452176131,0.918343480785251,0.0816565192147493,38.7,"played",NA,NA,NA,221,"Q4"
"4100",4100,"Youngstown St.Robert Morris12-17",2025-12-17,"conf","Youngstown St.","Robert Morris","Horz","Horz","A","L","77-80",0.38787784894262,0.517536678288298,0.789142831518436,0.777229028620444,-0.777229028620444,51.9,"played",NA,NA,NA,186,"Q3"
"4101",4101,"Kansas ChristianCentral Arkansas12-17",2025-12-17,"nond1","Central Arkansas","Kansas Christian","ASun",NA,"H","W","47-102",NA,NA,NA,NA,0,NA,"played",NA,NA,NA,NA,NA
"4102",4102,"Dakota St.South Dakota12-17",2025-12-17,"nond1","South Dakota","Dakota St.","Sum",NA,"H","W","71-80",NA,NA,NA,NA,0,NA,"played",NA,NA,NA,NA,NA
"4103",4103,"Champion Chris.Arkansas Pine Bluff12-17",2025-12-17,"nond1","Arkansas Pine Bluff","Champion Chris.","SWAC",NA,"H","W","73-138",NA,NA,NA,NA,0,NA,"played",NA,NA,NA,NA,NA
"4104",4104,"Southwestern Christ.Rice12-17",2025-12-17,"nond1","Rice","Southwestern Christ.","Amer",NA,"H","W","47-94",NA,NA,NA,NA,0,NA,"played",NA,NA,NA,NA,NA
"4105",4105,"Mid-Atlantic Christ.North Carolina Central12-17",2025-12-17,"nond1","North Carolina Central","Mid-Atlantic Christ.","MEAC",NA,"H","W","62-96",NA,NA,NA,NA,0,NA,"played",NA,NA,NA,NA,NA
"4106",4106,"Montana TechMontana12-17",2025-12-17,"nond1","Montana","Montana Tech","BSky",NA,"H","L","75-82",NA,NA,NA,NA,-1,NA,"played",NA,NA,NA,NA,NA
"4107",4107,"Southern WesleyanUSC Upstate12-17",2025-12-17,"nond1","USC Upstate","Southern Wesleyan","BSth",NA,"H","W","63-98",NA,NA,NA,NA,0,NA,"played",NA,NA,NA,NA,NA
"4108",4108,"Brewton-ParkerWest Georgia12-17",2025-12-17,"nond1","West Georgia","Brewton-Parker","ASun",NA,"H","W","49-70",NA,NA,NA,NA,0,NA,"played",NA,NA,NA,NA,NA
"4109",4109,"OlivetCentral Michigan12-17",2025-12-17,"nond1","Central Michigan","Olivet","MAC",NA,"H","W","65-85",NA,NA,NA,NA,0,NA,"played",NA,NA,NA,NA,NA
"4110",4110,"AmericanVCU12-18",2025-12-18,"nc","American","VCU","Pat","A10","A","L","83-105",0.351681313504199,0.832009910410597,0.789142831518436,0.430411360912575,-0.430411360912575,33,"played",NA,NA,NA,55,"Q1"
"4111",4111,"AmericanVCU12-18",2025-12-18,"nc","VCU","American","A10","Pat","H","W","105-83",0.832009910410597,0.351681313504199,0.87694452176131,0.929265785702261,0.0707342142977385,84.5,"played",NA,NA,NA,228,"Q4"
"4112",4112,"BradleyIndiana St.12-18",2025-12-18,"conf","Bradley","Indiana St.","MVC","MVC","A","W","108-99",0.472493714824135,0.52112194682298,0.789142831518436,0.774732331268569,0.225267668731431,65.1,"played",NA,NA,NA,205,"Q3"
"4113",4113,"BradleyIndiana St.12-18",2025-12-18,"conf","Indiana St.","Bradley","MVC","MVC","H","L","99-108",0.52112194682298,0.472493714824135,0.87694452176131,0.888344836283847,-0.888344836283847,34.4,"played",NA,NA,NA,124,"Q3"
"4114",4114,"Coastal CarolinaAppalachian St.12-18",2025-12-18,"conf","Appalachian St.","Coastal Carolina","SB","SB","H","W","67-49",0.475354481792086,0.252170326443001,0.87694452176131,0.954820456841901,0.0451795431580991,74.7,"played",NA,NA,NA,235,"Q4"
"4115",4115,"Coastal CarolinaAppalachian St.12-18",2025-12-18,"conf","Coastal Carolina","Appalachian St.","SB","SB","A","L","49-67",0.252170326443001,0.475354481792086,0.789142831518436,0.805091918259702,-0.805091918259702,9.4,"played",NA,NA,NA,212,"Q3"
"4116",4116,"Delaware St.Saint Joseph's12-18",2025-12-18,"nc","Delaware St.","Saint Joseph's","MEAC","A10","A","L","51-67",0.0497573037483458,0.600718255311877,0.789142831518436,0.713267667429442,-0.713267667429442,5,"played",NA,NA,NA,192,"Q3"
"4117",4117,"Delaware St.Saint Joseph's12-18",2025-12-18,"nc","Saint Joseph's","Delaware St.","A10","MEAC","H","W","67-51",0.600718255311877,0.0497573037483458,0.87694452176131,0.99270589963853,0.00729410036147027,60,"played",NA,NA,NA,358,"Q4"
"4118",4118,"DrakeMurray St.12-18",2025-12-18,"conf","Drake","Murray St.","MVC","MVC","A","L","72-81",0.380317101596354,0.768671365816874,0.789142831518436,0.52970054022595,-0.52970054022595,47.7,"played",NA,NA,NA,74,"Q1"
"4119",4119,"DrakeMurray St.12-18",2025-12-18,"conf","Murray St.","Drake","MVC","MVC","H","W","81-72",0.768671365816874,0.380317101596354,0.87694452176131,0.920708383048696,0.0792916169513039,69.1,"played",NA,NA,NA,166,"Q4"
"4120",4120,"FairfieldCentral Connecticut12-18",2025-12-18,"nc","Central Connecticut","Fairfield","NEC","MAAC","H","L","70-84",0.302144565079282,0.22489171654641,0.87694452176131,0.960879115225298,-0.960879115225298,2.1,"played",NA,NA,NA,248,"Q4"
"4121",4121,"FairfieldCentral Connecticut12-18",2025-12-18,"nc","Fairfield","Central Connecticut","MAAC","NEC","A","W","84-70",0.22489171654641,0.302144565079282,0.789142831518436,0.896309263138175,0.103690736861825,85.2,"played",NA,NA,NA,247,"Q4"
"4122",4122,"FurmanManhattan12-18",2025-12-18,"nc","Furman","Manhattan","SC","MAAC","A","W","75-68",0.389531071962605,0.199140354213253,0.789142831518436,0.937698454634616,0.0623015453653843,36.1,"played",NA,NA,NA,330,"Q4"
"4123",4123,"FurmanManhattan12-18",2025-12-18,"nc","Manhattan","Furman","MAAC","SC","H","L","68-75",0.199140354213253,0.389531071962605,0.87694452176131,0.917820216149874,-0.917820216149874,22,"played",NA,NA,NA,189,"Q4"
"4124",4124,"Georgia St.Georgia Southern12-18",2025-12-18,"conf","Georgia Southern","Georgia St.","SB","SB","H","W","90-67",0.400249732677704,0.207313157197796,0.87694452176131,0.964600153744441,0.0353998462555593,75.8,"played",NA,NA,NA,261,"Q4"
"4125",4125,"Georgia St.Georgia Southern12-18",2025-12-18,"conf","Georgia St.","Georgia Southern","SB","SB","A","L","67-90",0.207313157197796,0.400249732677704,0.789142831518436,0.848667878767697,-0.848667878767697,5.3,"played",NA,NA,NA,243,"Q4"
"4126",4126,"Grambling St.Norfolk St.12-18",2025-12-18,"nc","Grambling St.","Norfolk St.","SWAC","MEAC","N","W","80-68",0.29602518135844,0.164872515944976,0.837778001870703,0.963180003718313,0.0368199962816866,76.1,"played",NA,NA,NA,303,"Q4"
"4127",4127,"Grambling St.Norfolk St.12-18",2025-12-18,"nc","Norfolk St.","Grambling St.","MEAC","SWAC","N","L","68-80",0.164872515944976,0.29602518135844,0.837778001870703,0.924706700427069,-0.924706700427069,2.5,"played",NA,NA,NA,266,"Q4"
"4128",4128,"HamptonJackson St.12-18",2025-12-18,"nc","Hampton","Jackson St.","CAA","SWAC","N","W","84-77",0.285888193374331,0.156319501360191,0.837778001870703,0.96536559270059,0.03463440729941,34.8,"played",NA,NA,NA,347,"Q4"
"4129",4129,"HamptonJackson St.12-18",2025-12-18,"nc","Jackson St.","Hampton","SWAC","CAA","N","L","77-84",0.156319501360191,0.285888193374331,0.837778001870703,0.928057475417574,-0.928057475417574,12.2,"played",NA,NA,NA,238,"Q4"
"4130",4130,"Illinois St.Southern Illinois12-18",2025-12-18,"conf","Illinois St.","Southern Illinois","MVC","MVC","A","W","75-68",0.699786014575313,0.58926743721773,0.789142831518436,0.722887195145564,0.277112804854436,69.4,"played",NA,NA,NA,143,"Q3"
"4131",4131,"Illinois St.Southern Illinois12-18",2025-12-18,"conf","Southern Illinois","Illinois St.","MVC","MVC","H","L","68-75",0.58926743721773,0.699786014575313,0.87694452176131,0.753530147840397,-0.753530147840397,59.6,"played",NA,NA,NA,79,"Q3"
"4132",4132,"LafayetteCharlotte12-18",2025-12-18,"nc","Charlotte","Lafayette","Amer","Pat","H","W","81-67",0.567723178537992,0.147463233359836,0.87694452176131,0.976303494184094,0.023696505815906,66.9,"played",NA,NA,NA,328,"Q4"
"4133",4133,"LafayetteCharlotte12-18",2025-12-18,"nc","Lafayette","Charlotte","Pat","Amer","A","L","67-81",0.147463233359836,0.567723178537992,0.789142831518436,0.740236588946491,-0.740236588946491,10.1,"played",NA,NA,NA,173,"Q3"
"4134",4134,"Little RockSouthern Indiana12-18",2025-12-18,"conf","Little Rock","Southern Indiana","OVC","OVC","A","W","77-62",0.127043860244037,0.167812136503116,0.789142831518436,0.94887383530995,0.05112616469005,50.8,"played",NA,NA,NA,338,"Q4"
"4135",4135,"Little RockSouthern Indiana12-18",2025-12-18,"conf","Southern Indiana","Little Rock","OVC","OVC","H","L","62-77",0.167812136503116,0.127043860244037,0.87694452176131,0.979987080838008,-0.979987080838008,2.8,"played",NA,NA,NA,302,"Q4"
"4136",4136,"LouisianaSouthern Miss12-18",2025-12-18,"conf","Louisiana","Southern Miss","SB","SB","A","L","54-62",0.137657594317457,0.436163066612626,0.789142831518436,0.828710427563868,-0.828710427563868,20.6,"played",NA,NA,NA,236,"Q3"
"4137",4137,"LouisianaSouthern Miss12-18",2025-12-18,"conf","Southern Miss","Louisiana","SB","SB","H","W","62-54",0.436163066612626,0.137657594317457,0.87694452176131,0.978090705272969,0.021909294727031,32.2,"played",NA,NA,NA,334,"Q4"
"4138",4138,"North FloridaCharleston Southern12-18",2025-12-18,"nc","Charleston Southern","North Florida","BSth","ASun","H","W","113-90",0.455058138848351,0.130909333469256,0.87694452176131,0.979300944347944,0.0206990556520561,60.9,"played",NA,NA,NA,341,"Q4"
"4139",4139,"North FloridaCharleston Southern12-18",2025-12-18,"nc","North Florida","Charleston Southern","ASun","BSth","A","L","90-113",0.130909333469256,0.455058138848351,0.789142831518436,0.817577500727398,-0.817577500727398,7.5,"played",NA,NA,NA,219,"Q3"
"4140",4140,"Oral RobertsTCU12-18",2025-12-18,"nc","Oral Roberts","TCU","Sum","B12","A","L","53-72",0.14650394031066,0.865296099885822,0.789142831518436,0.368134924888612,-0.368134924888612,10.5,"played",NA,NA,NA,46,"Q1"
"4141",4141,"Oral RobertsTCU12-18",2025-12-18,"nc","TCU","Oral Roberts","B12","Sum","H","W","72-53",0.865296099885822,0.14650394031066,0.87694452176131,0.976479859681162,0.0235201403188382,90.3,"played",NA,NA,NA,317,"Q4"
"4142",4142,"PepperdineLong Beach St.12-18",2025-12-18,"nc","Long Beach St.","Pepperdine","BW","WCC","H","W","81-78",0.420920977464503,0.217599421655683,0.87694452176131,0.962439543198769,0.0375604568012314,23.8,"played",NA,NA,NA,267,"Q4"
"4143",4143,"PepperdineLong Beach St.12-18",2025-12-18,"nc","Pepperdine","Long Beach St.","WCC","BW","A","L","78-81",0.217599421655683,0.420920977464503,0.789142831518436,0.837366165744844,-0.837366165744844,39.3,"played",NA,NA,NA,240,"Q3"
"4144",4144,"RadfordWilliam & Mary12-18",2025-12-18,"nc","Radford","William & Mary","BSth","CAA","A","L","83-96",0.229310238486478,0.684495357208954,0.789142831518436,0.633034687260019,-0.633034687260019,41.8,"played",NA,NA,NA,108,"Q2"
"4145",4145,"RadfordWilliam & Mary12-18",2025-12-18,"nc","William & Mary","Radford","CAA","BSth","H","W","96-83",0.684495357208954,0.229310238486478,0.87694452176131,0.959921770218191,0.0400782297818087,47.3,"played",NA,NA,NA,260,"Q4"
"4146",4146,"SIU EdwardsvilleEastern Illinois12-18",2025-12-18,"conf","Eastern Illinois","SIU Edwardsville","OVC","OVC","H","W","76-72",0.254464105144106,0.222517010562244,0.87694452176131,0.961389918559662,0.0386100814403375,28.8,"played",NA,NA,NA,255,"Q4"
"4147",4147,"SIU EdwardsvilleEastern Illinois12-18",2025-12-18,"conf","SIU Edwardsville","Eastern Illinois","OVC","OVC","A","L","72-76",0.222517010562244,0.254464105144106,0.789142831518436,0.916423012707536,-0.916423012707536,19.4,"played",NA,NA,NA,305,"Q4"
"4148",4148,"Southeast Missouri St.Tennessee Tech12-18",2025-12-18,"conf","Southeast Missouri St.","Tennessee Tech","OVC","OVC","A","L","74-85",0.215113414869716,0.15372993043803,0.789142831518436,0.953708845262442,-0.953708845262442,6.5,"played",NA,NA,NA,331,"Q4"
"4149",4149,"Southeast Missouri St.Tennessee Tech12-18",2025-12-18,"conf","Tennessee Tech","Southeast Missouri St.","OVC","OVC","H","W","85-74",0.15372993043803,0.215113414869716,0.87694452176131,0.962966020309848,0.0370339796901523,41.7,"played",NA,NA,NA,242,"Q4"
"4150",4150,"Southern UtahNorthern Arizona12-18",2025-12-18,"nc","Northern Arizona","Southern Utah","BSky","WAC","H","W","65-57",0.24304227579025,0.206808186371712,0.87694452176131,0.964705025156547,0.0352949748434535,36.4,"played",NA,NA,NA,294,"Q4"
"4151",4151,"Southern UtahNorthern Arizona12-18",2025-12-18,"nc","Southern Utah","Northern Arizona","WAC","BSky","A","L","57-65",0.206808186371712,0.24304227579025,0.789142831518436,0.920987351691882,-0.920987351691882,12.8,"played",NA,NA,NA,318,"Q4"
"4152",4152,"TempleDavidson12-18",2025-12-18,"nc","Davidson","Temple","A10","Amer","H","L","63-68",0.692626171471865,0.482165271889948,0.87694452176131,0.884441310768963,-0.884441310768963,19.3,"played",NA,NA,NA,154,"Q3"
"4153",4153,"TempleDavidson12-18",2025-12-18,"nc","Temple","Davidson","Amer","A10","A","W","68-63",0.482165271889948,0.692626171471865,0.789142831518436,0.624182848539627,0.375817151460373,89.8,"played",NA,NA,NA,119,"Q2"
"4154",4154,"Tennessee MartinTennessee St.12-18",2025-12-18,"conf","Tennessee Martin","Tennessee St.","OVC","OVC","A","L","71-78",0.237188051713002,0.338648005350723,0.789142831518436,0.87964697213628,-0.87964697213628,25.4,"played",NA,NA,NA,229,"Q3"
"4155",4155,"Tennessee MartinTennessee St.12-18",2025-12-18,"conf","Tennessee St.","Tennessee Martin","OVC","OVC","H","W","78-71",0.338648005350723,0.237188051713002,0.87694452176131,0.958192248853182,0.041807751146818,31.9,"played",NA,NA,NA,187,"Q4"
"4156",4156,"UMKCOklahoma St.12-18",2025-12-18,"nc","Oklahoma St.","UMKC","B12","Sum","H","W","91-79",0.819344264260517,0.0841485058607757,0.87694452176131,0.987271223453189,0.0127287765468107,28.9,"played",NA,NA,NA,346,"Q4"
"4157",4157,"UMKCOklahoma St.12-18",2025-12-18,"nc","UMKC","Oklahoma St.","Sum","B12","A","L","79-91",0.0841485058607757,0.819344264260517,0.789142831518436,0.452111051323319,-0.452111051323319,50.7,"played",NA,NA,NA,73,"Q1"
"4158",4158,"Western CarolinaGeorgia12-18",2025-12-18,"nc","Georgia","Western Carolina","SEC","SC","H","W","112-82",0.91600808149171,0.189337564487005,0.87694452176131,0.968266322969144,0.0317336770308555,83.8,"played",NA,NA,NA,289,"Q4"
"4159",4159,"Western CarolinaGeorgia12-18",2025-12-18,"nc","Western Carolina","Georgia","SC","SEC","A","L","82-112",0.189337564487005,0.91600808149171,0.789142831518436,0.255490906957154,-0.255490906957154,33,"played",NA,NA,NA,24,"Q1"
"4160",4160,"Western IllinoisLindenwood12-18",2025-12-18,"conf","Lindenwood","Western Illinois","OVC","OVC","H","W","92-76",0.442688901303207,0.0596043465683944,0.87694452176131,0.991184425486864,0.0088155745131363,44.6,"played",NA,NA,NA,356,"Q4"
"4161",4161,"Western IllinoisLindenwood12-18",2025-12-18,"conf","Western Illinois","Lindenwood","OVC","OVC","A","L","76-92",0.0596043465683944,0.442688901303207,0.789142831518436,0.824917009807152,-0.824917009807152,5.9,"played",NA,NA,NA,224,"Q3"
"4162",4162,"WinthropNorth Dakota12-18",2025-12-18,"nc","North Dakota","Winthrop","Sum","BSth","H","W","90-88",0.343317996272495,0.429719171865507,0.87694452176131,0.904374623248957,0.095625376751043,43.4,"played",NA,NA,NA,130,"Q3"
"4163",4163,"WinthropNorth Dakota12-18",2025-12-18,"nc","Winthrop","North Dakota","BSth","Sum","A","L","88-90",0.429719171865507,0.343317996272495,0.789142831518436,0.877429380407867,-0.877429380407867,34,"played",NA,NA,NA,282,"Q4"
"4164",4164,"Penn St.-HazletonLehigh12-18",2025-12-18,"nond1","Lehigh","Penn St.-Hazleton","Pat",NA,"H","W","74-83",NA,NA,NA,NA,0,NA,"played",NA,NA,NA,NA,NA
"4165",4165,"Montana WesternIdaho St.12-18",2025-12-18,"nond1","Idaho St.","Montana Western","BSky",NA,"H","W","64-80",NA,NA,NA,NA,0,NA,"played",NA,NA,NA,NA,NA
"4166",4166,"NobelCal St. Bakersfield12-18",2025-12-18,"nond1","Cal St. Bakersfield","Nobel","BW",NA,"H","W","66-97",NA,NA,NA,NA,0,NA,"played",NA,NA,NA,NA,NA
"4167",4167,"MorrisUNC Asheville12-18",2025-12-18,"nond1","UNC Asheville","Morris","BSth",NA,"H","W","56-89",NA,NA,NA,NA,0,NA,"played",NA,NA,NA,NA,NA
"4168",4168,"Toccoa FallsGardner Webb12-18",2025-12-18,"nond1","Gardner Webb","Toccoa Falls","BSth",NA,"H","W","65-105",NA,NA,NA,NA,0,NA,"played",NA,NA,NA,NA,NA
"4169",4169,"Abilene ChristianBYU12-19",2025-12-19,"nc","Abilene Christian","BYU","WAC","B12","A","L","67-85",0.25561463996283,0.943249231571529,0.789142831518436,0.183787432026584,-0.183787432026584,71.7,"played",NA,NA,NA,12,"Q1"
"4170",4170,"Abilene ChristianBYU12-19",2025-12-19,"nc","BYU","Abilene Christian","B12","WAC","H","W","85-67",0.943249231571529,0.25561463996283,0.87694452176131,0.954029569648245,0.045970430351755,69.3,"played",NA,NA,NA,241,"Q4"
"4171",4171,"Alcorn St.Baylor12-19",2025-12-19,"nc","Alcorn St.","Baylor","SWAC","B12","A","L","56-113",0.0996439667646336,0.844844372317854,0.789142831518436,0.407343680053834,-0.407343680053834,1.2,"played",NA,NA,NA,53,"Q1"
"4172",4172,"Alcorn St.Baylor12-19",2025-12-19,"nc","Baylor","Alcorn St.","B12","SWAC","H","W","113-56",0.844844372317854,0.0996439667646336,0.87694452176131,0.984707696986526,0.0152923030134736,98,"played",NA,NA,NA,351,"Q4"
"4173",4173,"BelmontUC Irvine12-19",2025-12-19,"nc","Belmont","UC Irvine","MVC","BW","A","W","84-58",0.686175756192134,0.71694009377673,0.789142831518436,0.596386841218079,0.403613158781921,97.4,"played",NA,NA,NA,128,"Q2"
"4174",4174,"BelmontUC Irvine12-19",2025-12-19,"nc","UC Irvine","Belmont","BW","MVC","H","L","58-84",0.71694009377673,0.686175756192134,0.87694452176131,0.76521878965505,-0.76521878965505,12.9,"played",NA,NA,NA,64,"Q2"
"4175",4175,"Cal PolyUCLA12-19",2025-12-19,"nc","Cal Poly","UCLA","BW","B10","A","L","87-108",0.22558726115521,0.883383237146971,0.789142831518436,0.330682521038581,-0.330682521038581,60.9,"played",NA,NA,NA,40,"Q1"
"4176",4176,"Cal PolyUCLA12-19",2025-12-19,"nc","UCLA","Cal Poly","B10","BW","H","W","108-87",0.883383237146971,0.22558726115521,0.87694452176131,0.960729012486904,0.0392709875130959,58.7,"played",NA,NA,NA,257,"Q4"
"4177",4177,"Coppin St.Navy12-19",2025-12-19,"nc","Coppin St.","Navy","MEAC","Pat","A","L","55-88",0.0259808577725411,0.465453988539404,0.789142831518436,0.811252761824176,-0.811252761824176,1.9,"played",NA,NA,NA,193,"Q3"
"4178",4178,"Coppin St.Navy12-19",2025-12-19,"nc","Navy","Coppin St.","Pat","MEAC","H","W","88-55",0.465453988539404,0.0259808577725411,0.87694452176131,0.996271000581672,0.00372899941832849,55.1,"played",NA,NA,NA,364,"Q4"
"4179",4179,"DartmouthSacred Heart12-19",2025-12-19,"nc","Dartmouth","Sacred Heart","Ivy","MAAC","A","L","63-85",0.313883565357004,0.302151169708424,0.789142831518436,0.896306351960381,-0.896306351960381,3.3,"played",NA,NA,NA,287,"Q4"
"4180",4180,"DartmouthSacred Heart12-19",2025-12-19,"nc","Sacred Heart","Dartmouth","MAAC","Ivy","H","W","85-63",0.302151169708424,0.313883565357004,0.87694452176131,0.939677619552002,0.060322380447998,85.1,"played",NA,NA,NA,222,"Q4"
"4181",4181,"Eastern MichiganAkron12-19",2025-12-19,"conf","Akron","Eastern Michigan","MAC","MAC","H","W","93-72",0.848029041448943,0.375757933331981,0.87694452176131,0.922112482630347,0.0778875173696529,91.7,"played",NA,NA,NA,179,"Q4"
"4182",4182,"Eastern MichiganAkron12-19",2025-12-19,"conf","Eastern Michigan","Akron","MAC","MAC","A","L","72-93",0.375757933331981,0.848029041448943,0.789142831518436,0.401442307127826,-0.401442307127826,23.3,"played",NA,NA,NA,54,"Q1"
"4183",4183,"Florida A&MTarleton St.12-19",2025-12-19,"nc","Florida A&M","Tarleton St.","SWAC","WAC","A","L","54-78",0.193160437433708,0.559896594488506,0.789142831518436,0.746309231111213,-0.746309231111213,3.7,"played",NA,NA,NA,185,"Q3"
"4184",4184,"Florida A&MTarleton St.12-19",2025-12-19,"nc","Tarleton St.","Florida A&M","WAC","SWAC","H","W","78-54",0.559896594488506,0.193160437433708,0.87694452176131,0.967498013170315,0.0325019868296846,88.8,"played",NA,NA,NA,307,"Q4"
"4185",4185,"Florida AtlanticSaint Mary's12-19",2025-12-19,"nc","Florida Atlantic","Saint Mary's","Amer","WCC","A","L","75-88",0.669116075241684,0.908833684887652,0.789142831518436,0.272949274196153,-0.272949274196153,57.1,"played",NA,NA,NA,28,"Q1"
"4186",4186,"Florida AtlanticSaint Mary's12-19",2025-12-19,"nc","Saint Mary's","Florida Atlantic","WCC","Amer","H","W","88-75",0.908833684887652,0.669116075241684,0.87694452176131,0.778960430736667,0.221039569263333,93.8,"played",NA,NA,NA,91,"Q3"
"4187",4187,"Grambling St.Hampton12-19",2025-12-19,"nc","Grambling St.","Hampton","SWAC","CAA","N","W","81-72",0.29602518135844,0.285888193374331,0.837778001870703,0.928057475417574,0.0719425245824262,65.8,"played",NA,NA,NA,238,"Q4"
"4188",4188,"Grambling St.Hampton12-19",2025-12-19,"nc","Hampton","Grambling St.","CAA","SWAC","N","L","72-81",0.285888193374331,0.29602518135844,0.837778001870703,0.924706700427069,-0.924706700427069,8.1,"played",NA,NA,NA,266,"Q4"
"4189",4189,"Jackson St.Norfolk St.12-19",2025-12-19,"nc","Jackson St.","Norfolk St.","SWAC","MEAC","N","L","72-82",0.156319501360191,0.164872515944976,0.837778001870703,0.963180003718313,-0.963180003718313,2.8,"played",NA,NA,NA,303,"Q4"
"4190",4190,"Jackson St.Norfolk St.12-19",2025-12-19,"nc","Norfolk St.","Jackson St.","MEAC","SWAC","N","W","82-72",0.164872515944976,0.156319501360191,0.837778001870703,0.96536559270059,0.03463440729941,55.6,"played",NA,NA,NA,347,"Q4"
"4191",4191,"La SalleHigh Point12-19",2025-12-19,"nc","High Point","La Salle","BSth","A10","H","W","84-72",0.756790844012223,0.347282363436385,0.87694452176131,0.930527128014643,0.0694728719853572,78.1,"played",NA,NA,NA,227,"Q4"
"4192",4192,"La SalleHigh Point12-19",2025-12-19,"nc","La Salle","High Point","A10","BSth","A","L","72-84",0.347282363436385,0.756790844012223,0.789142831518436,0.546019695713936,-0.546019695713936,31.7,"played",NA,NA,NA,90,"Q2"
"4193",4193,"MilwaukeeSouth Dakota St.12-19",2025-12-19,"nc","Milwaukee","South Dakota St.","Horz","Sum","N","W","88-87",0.31207740408735,0.455349451977215,0.837778001870703,0.860670084162074,0.139329915837926,49.6,"played",NA,NA,NA,180,"Q3"
"4194",4194,"MilwaukeeSouth Dakota St.12-19",2025-12-19,"nc","South Dakota St.","Milwaukee","Sum","Horz","N","L","87-88",0.455349451977215,0.31207740408735,0.837778001870703,0.919250914182834,-0.919250914182834,27.8,"played",NA,NA,NA,233,"Q4"
"4195",4195,"Mississippi Valley St.Florida St.12-19",2025-12-19,"nc","Florida St.","Mississippi Valley St.","ACC","SWAC","H","W","96-49",0.714263605095652,0.0200041175334786,0.87694452176131,0.997143844867186,0.00285615513281423,96.2,"played",NA,NA,NA,365,"Q4"
"4196",4196,"Mississippi Valley St.Florida St.12-19",2025-12-19,"nc","Mississippi Valley St.","Florida St.","SWAC","ACC","A","L","49-96",0.0200041175334786,0.714263605095652,0.789142831518436,0.599548438685226,-0.599548438685226,0.2,"played",NA,NA,NA,115,"Q2"
"4197",4197,"Morgan St.California12-19",2025-12-19,"nc","California","Morgan St.","ACC","MEAC","H","W","97-50",0.828977030903702,0.0419653130687214,0.87694452176131,0.99389090633261,0.00610909366739021,92.8,"played",NA,NA,NA,361,"Q4"
"4198",4198,"Morgan St.California12-19",2025-12-19,"nc","Morgan St.","California","MEAC","ACC","A","L","50-97",0.0419653130687214,0.828977030903702,0.789142831518436,0.435700951290163,-0.435700951290163,1.6,"played",NA,NA,NA,60,"Q1"
"4199",4199,"Mount St. Mary'sDrexel12-19",2025-12-19,"nc","Drexel","Mount St. Mary's","CAA","MAAC","H","W","75-67",0.506908140029048,0.171353269912124,0.87694452176131,0.97180128755884,0.0281987124411597,49.6,"played",NA,NA,NA,304,"Q4"
"4200",4200,"Mount St. Mary'sDrexel12-19",2025-12-19,"nc","Mount St. Mary's","Drexel","MAAC","CAA","A","L","67-75",0.171353269912124,0.506908140029048,0.789142831518436,0.78450783990208,-0.78450783990208,17.8,"played",NA,NA,NA,211,"Q3"
"4201",4201,"North AlabamaLoyola Marymount12-19",2025-12-19,"nc","Loyola Marymount","North Alabama","WCC","ASun","H","W","91-57",0.569167328627858,0.0884777145660335,0.87694452176131,0.986562452243666,0.013437547756334,93.4,"played",NA,NA,NA,335,"Q4"
"4202",4202,"North AlabamaLoyola Marymount12-19",2025-12-19,"nc","North Alabama","Loyola Marymount","ASun","WCC","A","L","57-91",0.0884777145660335,0.569167328627858,0.789142831518436,0.739103014549339,-0.739103014549339,0.9,"played",NA,NA,NA,170,"Q3"
"4203",4203,"San DiegoUC San Diego12-19",2025-12-19,"nc","San Diego","UC San Diego","WCC","BW","A","W","82-80",0.386813607349022,0.734201130187246,0.789142831518436,0.575352440331897,0.424647559668103,87.6,"played",NA,NA,NA,98,"Q2"
"4204",4204,"San DiegoUC San Diego12-19",2025-12-19,"nc","UC San Diego","San Diego","BW","WCC","H","L","80-82",0.734201130187246,0.386813607349022,0.87694452176131,0.918679146869904,-0.918679146869904,19.8,"played",NA,NA,NA,208,"Q4"
"4205",4205,"Seton HallProvidence12-19",2025-12-19,"conf","Providence","Seton Hall","BE","BE","H","L","67-72",0.803485279294478,0.784391079417502,0.87694452176131,0.662032950990562,-0.662032950990562,61.9,"played",NA,NA,NA,45,"Q2"
"4206",4206,"Seton HallProvidence12-19",2025-12-19,"conf","Seton Hall","Providence","BE","BE","A","W","72-67",0.784391079417502,0.803485279294478,0.789142831518436,0.477900616033965,0.522099383966035,90.1,"played",NA,NA,NA,89,"Q2"
"4207",4207,"Southeastern LouisianaLSU12-19",2025-12-19,"nc","LSU","Southeastern Louisiana","SEC","Slnd","H","W","78-65",0.86991035902452,0.210763265088124,0.87694452176131,0.963880666391084,0.0361193336089162,79.5,"played",NA,NA,NA,288,"Q4"
"4208",4208,"Southeastern LouisianaLSU12-19",2025-12-19,"nc","Southeastern Louisiana","LSU","Slnd","SEC","A","L","65-78",0.210763265088124,0.86991035902452,0.789142831518436,0.358840545849542,-0.358840545849542,31.5,"played",NA,NA,NA,50,"Q1"
"4209",4209,"TulsaWestern Kentucky12-19",2025-12-19,"nc","Tulsa","Western Kentucky","Amer","CUSA","A","W","82-81",0.756867007275388,0.539993818540962,0.789142831518436,0.761232506402088,0.238767493597912,49.9,"played",NA,NA,NA,167,"Q3"
"4210",4210,"TulsaWestern Kentucky12-19",2025-12-19,"nc","Western Kentucky","Tulsa","CUSA","Amer","H","L","81-82",0.539993818540962,0.756867007275388,0.87694452176131,0.695980430402939,-0.695980430402939,78.6,"played",NA,NA,NA,47,"Q2"
"4211",4211,"VillanovaWisconsin12-19",2025-12-19,"nc","Villanova","Wisconsin","BE","B10","N","W","76-66",0.885126507728777,0.884092760913942,0.837778001870703,0.403721059230674,0.596278940769326,98,"played",NA,NA,NA,36,"Q1"
"4212",4212,"VillanovaWisconsin12-19",2025-12-19,"nc","Wisconsin","Villanova","B10","BE","N","L","66-76",0.884092760913942,0.885126507728777,0.837778001870703,0.401285495716006,-0.401285495716006,55.1,"played",NA,NA,NA,33,"Q1"
"4213",4213,"WashingtonSeattle12-19",2025-12-19,"nc","Seattle","Washington","WCC","B10","H","W","70-66",0.74544303723052,0.749226742667862,0.87694452176131,0.704603340179548,0.295396659820452,78.4,"played",NA,NA,NA,62,"Q2"
"4214",4214,"WashingtonSeattle12-19",2025-12-19,"nc","Washington","Seattle","B10","WCC","A","L","66-70",0.749226742667862,0.74544303723052,0.789142831518436,0.561022355526039,-0.561022355526039,70.7,"played",NA,NA,NA,114,"Q2"
"4215",4215,"LehmanFairleigh Dickinson12-19",2025-12-19,"nond1","Fairleigh Dickinson","Lehman","NEC",NA,"H","W","42-76",NA,NA,NA,NA,0,NA,"played",NA,NA,NA,NA,NA
"4216",4216,"Notre Dame (MD)Towson12-19",2025-12-19,"nond1","Towson","Notre Dame (MD)","CAA",NA,"H","W","60-107",NA,NA,NA,NA,0,NA,"played",NA,NA,NA,NA,NA
"4217",4217,"La SierraCal St. Northridge12-19",2025-12-19,"nond1","Cal St. Northridge","La Sierra","BW",NA,"H","W","53-88",NA,NA,NA,NA,0,NA,"played",NA,NA,NA,NA,NA
"4218",4218,"Brewton-ParkerSouth Carolina St.12-19",2025-12-19,"nond1","South Carolina St.","Brewton-Parker","MEAC",NA,"H","W","54-68",NA,NA,NA,NA,0,NA,"played",NA,NA,NA,NA,NA
"4219",4219,"ReinhardtSamford12-19",2025-12-19,"nond1","Samford","Reinhardt","SC",NA,"H","W","49-85",NA,NA,NA,NA,0,NA,"played",NA,NA,NA,NA,NA
"4220",4220,"ArizonaSan Diego St.12-20",2025-12-20,"nc","Arizona","San Diego St.","B12","MWC","N","W","68-45",0.969557623062076,0.851808324710779,0.837778001870703,0.473258641801795,0.526741358198205,98.7,"played",NA,NA,NA,52,"Q2"
"4221",4221,"ArizonaSan Diego St.12-20",2025-12-20,"nc","San Diego St.","Arizona","MWC","B12","N","L","45-68",0.851808324710779,0.969557623062076,0.837778001870703,0.139527865567766,-0.139527865567766,70.7,"played",NA,NA,NA,3,"Q1"
"4222",4222,"Arkansas St.Southern Miss12-20",2025-12-20,"conf","Arkansas St.","Southern Miss","SB","SB","A","W","93-86",0.486958310027856,0.436163066612626,0.789142831518436,0.828710427563868,0.171289572436132,62.5,"played",NA,NA,NA,236,"Q3"
"4223",4223,"Arkansas St.Southern Miss12-20",2025-12-20,"conf","Southern Miss","Arkansas St.","SB","SB","H","L","86-93",0.436163066612626,0.486958310027856,0.87694452176131,0.882465421492392,-0.882465421492392,30.6,"played",NA,NA,NA,141,"Q3"
"4224",4224,"ArkansasHouston12-20",2025-12-20,"nc","Arkansas","Houston","SEC","B12","N","L","85-94",0.925366144077061,0.971060988167615,0.837778001870703,0.133378507162459,-0.133378507162459,86.1,"played",NA,NA,NA,10,"Q1"
"4225",4225,"ArkansasHouston12-20",2025-12-20,"nc","Houston","Arkansas","B12","SEC","N","W","94-85",0.971060988167615,0.925366144077061,0.837778001870703,0.294047246212928,0.705952753787072,98.5,"played",NA,NA,NA,20,"Q1"
"4226",4226,"AuburnPurdue12-20",2025-12-20,"nc","Auburn","Purdue","SEC","B10","N","L","60-88",0.885700111602542,0.957529580380182,0.837778001870703,0.186371573690651,-0.186371573690651,38.7,"played",NA,NA,NA,5,"Q1"
"4227",4227,"AuburnPurdue12-20",2025-12-20,"nc","Purdue","Auburn","B10","SEC","N","W","88-60",0.957529580380182,0.885700111602542,0.837778001870703,0.399927925093432,0.600072074906568,99.6,"played",NA,NA,NA,34,"Q1"
"4228",4228,"BinghamtonMercyhurst12-20",2025-12-20,"nc","Binghamton","Mercyhurst","AE","NEC","A","L","61-82",0.0455455848513069,0.319386016835833,0.789142831518436,0.888584293689684,-0.888584293689684,0.9,"played",NA,NA,NA,290,"Q4"
"4229",4229,"BinghamtonMercyhurst12-20",2025-12-20,"nc","Mercyhurst","Binghamton","NEC","AE","H","W","82-61",0.319386016835833,0.0455455848513069,0.87694452176131,0.993348470028501,0.00665152997149854,71.2,"played",NA,NA,NA,362,"Q4"
"4230",4230,"Boise St.Nevada12-20",2025-12-20,"conf","Boise St.","Nevada","MWC","MWC","A","L","66-81",0.719435859842334,0.843851415463164,0.789142831518436,0.409168925081937,-0.409168925081937,31.6,"played",NA,NA,NA,65,"Q1"
"4231",4231,"Boise St.Nevada12-20",2025-12-20,"conf","Nevada","Boise St.","MWC","MWC","H","W","81-66",0.843851415463164,0.719435859842334,0.87694452176131,0.735389901479989,0.264610098520011,96.8,"played",NA,NA,NA,71,"Q2"
"4232",4232,"Bowling GreenOhio12-20",2025-12-20,"conf","Bowling Green","Ohio","MAC","MAC","A","W","68-58",0.571728621824331,0.450162132915252,0.789142831518436,0.820506375236532,0.179493624763468,88.3,"played",NA,NA,NA,216,"Q3"
"4233",4233,"Bowling GreenOhio12-20",2025-12-20,"conf","Ohio","Bowling Green","MAC","MAC","H","L","58-68",0.450162132915252,0.571728621824331,0.87694452176131,0.842228164877759,-0.842228164877759,12.7,"played",NA,NA,NA,101,"Q3"
"4234",4234,"BucknellIowa12-20",2025-12-20,"nc","Bucknell","Iowa","Pat","B10","N","L","39-94",0.167417621441543,0.933642503600699,0.837778001870703,0.268499377828653,-0.268499377828653,1.6,"played",NA,NA,NA,21,"Q1"
"4235",4235,"BucknellIowa12-20",2025-12-20,"nc","Iowa","Bucknell","B10","Pat","N","W","94-39",0.933642503600699,0.167417621441543,0.837778001870703,0.962522913312806,0.0374770866871942,99.4,"played",NA,NA,NA,333,"Q4"
"4236",4236,"BuffaloWestern Michigan12-20",2025-12-20,"conf","Buffalo","Western Michigan","MAC","MAC","A","W","88-71",0.387632809783295,0.39706717406787,0.789142831518436,0.850365000236185,0.149634999763815,87.4,"played",NA,NA,NA,256,"Q4"
"4237",4237,"BuffaloWestern Michigan12-20",2025-12-20,"conf","Western Michigan","Buffalo","MAC","MAC","H","L","71-88",0.39706717406787,0.387632809783295,0.87694452176131,0.918420848754699,-0.918420848754699,5.7,"played",NA,NA,NA,165,"Q4"
"4238",4238,"ButlerNorthwestern12-20",2025-12-20,"nc","Butler","Northwestern","BE","B10","N","W","61-58",0.814844346586787,0.802083029446983,0.837778001870703,0.560310640036474,0.439689359963526,91.8,"played",NA,NA,NA,69,"Q2"
"4239",4239,"ButlerNorthwestern12-20",2025-12-20,"nc","Northwestern","Butler","B10","BE","N","L","58-61",0.802083029446983,0.814844346586787,0.837778001870703,0.539911686835231,-0.539911686835231,61.3,"played",NA,NA,NA,48,"Q1"
"4240",4240,"Central MichiganNorthern Illinois12-20",2025-12-20,"conf","Central Michigan","Northern Illinois","MAC","MAC","A","L","73-74",0.143586134959525,0.231423124479628,0.789142831518436,0.925536135207541,-0.925536135207541,35.8,"played",NA,NA,NA,312,"Q4"
"4241",4241,"Central MichiganNorthern Illinois12-20",2025-12-20,"conf","Northern Illinois","Central Michigan","MAC","MAC","H","W","74-73",0.231423124479628,0.143586134959525,0.87694452176131,0.977014256827904,0.0229857431720957,8.3,"played",NA,NA,NA,329,"Q4"
"4242",4242,"Chicago St.Indiana12-20",2025-12-20,"nc","Chicago St.","Indiana","NEC","B10","A","L","58-78",0.0739186417080468,0.929075305570624,0.789142831518436,0.222214997574681,-0.222214997574681,15.5,"played",NA,NA,NA,38,"Q1"
"4243",4243,"Chicago St.Indiana12-20",2025-12-20,"nc","Indiana","Chicago St.","B10","NEC","H","W","78-58",0.929075305570624,0.0739186417080468,0.87694452176131,0.988923656012592,0.011076343987408,85,"played",NA,NA,NA,352,"Q4"
"4244",4244,"Coastal CarolinaOld Dominion12-20",2025-12-20,"conf","Coastal Carolina","Old Dominion","SB","SB","A","W","76-74",0.252170326443001,0.413664087476716,0.789142831518436,0.841389735962245,0.158610264037755,48.8,"played",NA,NA,NA,250,"Q4"
"4245",4245,"Coastal CarolinaOld Dominion12-20",2025-12-20,"conf","Old Dominion","Coastal Carolina","SB","SB","H","L","74-76",0.413664087476716,0.252170326443001,0.87694452176131,0.954820456841901,-0.954820456841901,20,"played",NA,NA,NA,235,"Q4"
"4246",4246,"Colorado St.Utah St.12-20",2025-12-20,"conf","Colorado St.","Utah St.","MWC","MWC","A","L","58-100",0.62699617671433,0.914720101774999,0.789142831518436,0.25866611800377,-0.25866611800377,4.3,"played",NA,NA,NA,25,"Q1"
"4247",4247,"Colorado St.Utah St.12-20",2025-12-20,"conf","Utah St.","Colorado St.","MWC","MWC","H","W","100-58",0.914720101774999,0.62699617671433,0.87694452176131,0.809143842490246,0.190856157509754,99.8,"played",NA,NA,NA,92,"Q3"
"4248",4248,"ColoradoStanford12-20",2025-12-20,"nc","Colorado","Stanford","B12","ACC","N","L","68-77",0.710799645567399,0.773895609188251,0.837778001870703,0.601410868438435,-0.601410868438435,53.9,"played",NA,NA,NA,68,"Q2"
"4249",4249,"ColoradoStanford12-20",2025-12-20,"nc","Stanford","Colorado","ACC","B12","N","W","77-68",0.773895609188251,0.710799645567399,0.837778001870703,0.677545903140315,0.322454096859685,87.8,"played",NA,NA,NA,78,"Q2"
"4250",4250,"DenverNorthern Colorado12-20",2025-12-20,"nc","Denver","Northern Colorado","Sum","BSky","A","W","86-79",0.263838573314094,0.60052552003834,0.789142831518436,0.713431964782188,0.286568035217812,66.6,"played",NA,NA,NA,164,"Q3"
"4251",4251,"DenverNorthern Colorado12-20",2025-12-20,"nc","Northern Colorado","Denver","BSky","Sum","H","L","79-86",0.60052552003834,0.263838573314094,0.87694452176131,0.952116681640977,-0.952116681640977,21.3,"played",NA,NA,NA,251,"Q4"
"4252",4252,"DukeTexas Tech12-20",2025-12-20,"nc","Duke","Texas Tech","ACC","B12","N","L","81-82",0.955254604924041,0.936280189362831,0.837778001870703,0.260064783295892,-0.260064783295892,94.7,"played",NA,NA,NA,17,"Q1"
"4253",4253,"DukeTexas Tech12-20",2025-12-20,"nc","Texas Tech","Duke","B12","ACC","N","W","82-81",0.936280189362831,0.955254604924041,0.837778001870703,0.19478671911205,0.80521328088795,94.6,"played",NA,NA,NA,2,"Q1"
"4254",4254,"Eastern WashingtonUtah12-20",2025-12-20,"nc","Eastern Washington","Utah","BSky","B12","A","L","77-101",0.310791476526984,0.735923022179889,0.789142831518436,0.573190776567456,-0.573190776567456,17.2,"played",NA,NA,NA,117,"Q2"
"4255",4255,"Eastern WashingtonUtah12-20",2025-12-20,"nc","Utah","Eastern Washington","B12","BSky","H","W","101-77",0.735923022179889,0.310791476526984,0.87694452176131,0.940488514720462,0.0595114852795378,85.8,"played",NA,NA,NA,254,"Q4"
"4256",4256,"ElonVirginia Tech12-20",2025-12-20,"nc","Elon","Virginia Tech","CAA","ACC","A","L","81-82",0.417238728194965,0.853893151640768,0.789142831518436,0.39038325210195,-0.39038325210195,89.1,"played",NA,NA,NA,51,"Q1"
"4257",4257,"ElonVirginia Tech12-20",2025-12-20,"nc","Virginia Tech","Elon","ACC","CAA","H","W","82-81",0.853893151640768,0.417238728194965,0.87694452176131,0.908705250541613,0.0912947494583871,33.9,"played",NA,NA,NA,168,"Q4"
"4258",4258,"Florida Gulf CoastUCF12-20",2025-12-20,"nc","Florida Gulf Coast","UCF","ASun","B12","A","L","80-102",0.308404183016962,0.866736847529921,0.789142831518436,0.365251362941497,-0.365251362941497,56.2,"played",NA,NA,NA,39,"Q1"
"4259",4259,"Florida Gulf CoastUCF12-20",2025-12-20,"nc","UCF","Florida Gulf Coast","B12","ASun","H","W","102-80",0.866736847529921,0.308404183016962,0.87694452176131,0.941110565442255,0.0588894345577446,69.4,"played",NA,NA,NA,237,"Q4"
"4260",4260,"Fresno St.UNLV12-20",2025-12-20,"conf","Fresno St.","UNLV","MWC","MWC","A","L","72-84",0.481922792123584,0.708634239033289,0.789142831518436,0.606113922037165,-0.606113922037165,38.4,"played",NA,NA,NA,127,"Q2"
"4261",4261,"Fresno St.UNLV12-20",2025-12-20,"conf","UNLV","Fresno St.","MWC","MWC","H","W","84-72",0.708634239033289,0.481922792123584,0.87694452176131,0.884540532188665,0.115459467811335,78.4,"played",NA,NA,NA,139,"Q3"
"4262",4262,"Georgia St.Appalachian St.12-20",2025-12-20,"conf","Appalachian St.","Georgia St.","SB","SB","H","L","63-70",0.475354481792086,0.207313157197796,0.87694452176131,0.964600153744441,-0.964600153744441,7.9,"played",NA,NA,NA,261,"Q4"
"4263",4263,"Georgia St.Appalachian St.12-20",2025-12-20,"conf","Georgia St.","Appalachian St.","SB","SB","A","W","70-63",0.207313157197796,0.475354481792086,0.789142831518436,0.805091918259702,0.194908081740298,73.4,"played",NA,NA,NA,212,"Q3"
"4264",4264,"Grand CanyonWyoming12-20",2025-12-20,"conf","Grand Canyon","Wyoming","MWC","MWC","A","W","82-70",0.739302448616464,0.76314542480965,0.789142831518436,0.53737119837597,0.46262880162403,98,"played",NA,NA,NA,100,"Q2"
"4265",4265,"Grand CanyonWyoming12-20",2025-12-20,"conf","Wyoming","Grand Canyon","MWC","MWC","H","L","70-82",0.76314542480965,0.739302448616464,0.87694452176131,0.715339957295419,-0.715339957295419,15.8,"played",NA,NA,NA,86,"Q3"
"4266",4266,"Holy CrossHarvard12-20",2025-12-20,"nc","Harvard","Holy Cross","Ivy","Pat","H","W","81-53",0.510633319046039,0.118107022625567,0.87694452176131,0.981553972347959,0.0184460276520411,91.6,"played",NA,NA,NA,314,"Q4"
"4267",4267,"Holy CrossHarvard12-20",2025-12-20,"nc","Holy Cross","Harvard","Pat","Ivy","A","L","53-81",0.118107022625567,0.510633319046039,0.789142831518436,0.781977323713595,-0.781977323713595,1.3,"played",NA,NA,NA,182,"Q3"
"4268",4268,"HowardUNC Wilmington12-20",2025-12-20,"nc","Howard","UNC Wilmington","MEAC","CAA","A","W","67-66",0.233389525482971,0.611618585583143,0.789142831518436,0.703838784355614,0.296161215644386,75.6,"played",NA,NA,NA,109,"Q2"
"4269",4269,"HowardUNC Wilmington12-20",2025-12-20,"nc","UNC Wilmington","Howard","CAA","MEAC","H","L","66-67",0.611618585583143,0.233389525482971,0.87694452176131,0.95902984853669,-0.95902984853669,13.4,"played",NA,NA,NA,252,"Q4"
"4270",4270,"IonaVermont12-20",2025-12-20,"nc","Iona","Vermont","MAAC","AE","A","W","83-78",0.289732912826144,0.446282341818913,0.789142831518436,0.822805153276422,0.177194846723578,52.8,"played",NA,NA,NA,207,"Q3"
"4271",4271,"IonaVermont12-20",2025-12-20,"nc","Vermont","Iona","AE","MAAC","H","L","78-83",0.446282341818913,0.289732912826144,0.87694452176131,0.945858398301721,-0.945858398301721,22.7,"played",NA,NA,NA,218,"Q4"
"4272",4272,"Jacksonville St.East Tennessee St.12-20",2025-12-20,"nc","East Tennessee St.","Jacksonville St.","SC","CUSA","H","L","75-81",0.607991931766003,0.295930609897491,0.87694452176131,0.944305079945083,-0.944305079945083,20.2,"played",NA,NA,NA,245,"Q4"
"4273",4273,"Jacksonville St.East Tennessee St.12-20",2025-12-20,"nc","Jacksonville St.","East Tennessee St.","CUSA","SC","A","W","81-75",0.295930609897491,0.607991931766003,0.789142831518436,0.707006029827842,0.292993970172158,72,"played",NA,NA,NA,129,"Q2"
"4274",4274,"James MadisonGeorgia Southern12-20",2025-12-20,"conf","Georgia Southern","James Madison","SB","SB","H","W","96-92",0.400249732677704,0.248008473110579,0.87694452176131,0.955768164170376,0.0442318358296244,26,"played",NA,NA,NA,244,"Q4"
"4275",4275,"James MadisonGeorgia Southern12-20",2025-12-20,"conf","James Madison","Georgia Southern","SB","SB","A","L","92-96",0.248008473110579,0.400249732677704,0.789142831518436,0.848667878767697,-0.848667878767697,38.5,"played",NA,NA,NA,243,"Q4"
"4276",4276,"Kent St.Massachusetts12-20",2025-12-20,"conf","Kent St.","Massachusetts","MAC","MAC","A","W","69-59",0.481287807626764,0.572880082018046,0.789142831518436,0.736169735795053,0.263830264204947,87.5,"played",NA,NA,NA,195,"Q3"
"4277",4277,"Kent St.Massachusetts12-20",2025-12-20,"conf","Massachusetts","Kent St.","MAC","MAC","H","L","59-69",0.572880082018046,0.481287807626764,0.87694452176131,0.884800030107753,-0.884800030107753,15,"played",NA,NA,NA,148,"Q3"
"4278",4278,"KentuckySt. John's12-20",2025-12-20,"nc","Kentucky","St. John's","SEC","BE","N","W","78-66",0.8605178362432,0.92103732949004,0.837778001870703,0.306881785987939,0.693118214012061,96.5,"played",NA,NA,NA,23,"Q1"
"4279",4279,"KentuckySt. John's12-20",2025-12-20,"nc","St. John's","Kentucky","BE","SEC","N","L","66-78",0.92103732949004,0.8605178362432,0.837778001870703,0.4556641969718,-0.4556641969718,72.2,"played",NA,NA,NA,31,"Q1"
"4280",4280,"LafayetteGeorgia Tech12-20",2025-12-20,"nc","Georgia Tech","Lafayette","ACC","Pat","H","W","95-81",0.649662104684215,0.147463233359836,0.87694452176131,0.976303494184094,0.023696505815906,46.2,"played",NA,NA,NA,328,"Q4"
"4281",4281,"LafayetteGeorgia Tech12-20",2025-12-20,"nc","Lafayette","Georgia Tech","Pat","ACC","A","L","81-95",0.147463233359836,0.649662104684215,0.789142831518436,0.668678034087465,-0.668678034087465,27.2,"played",NA,NA,NA,146,"Q3"
"4282",4282,"Le MoyneSt. Bonaventure12-20",2025-12-20,"nc","Le Moyne","St. Bonaventure","NEC","A10","A","L","81-92",0.233859733605385,0.588463345654528,0.789142831518436,0.723552025588615,-0.723552025588615,37.2,"played",NA,NA,NA,144,"Q3"
"4283",4283,"Le MoyneSt. Bonaventure12-20",2025-12-20,"nc","St. Bonaventure","Le Moyne","A10","NEC","H","W","92-81",0.588463345654528,0.233859733605385,0.87694452176131,0.958926535914673,0.0410734640853271,42.4,"played",NA,NA,NA,263,"Q4"
"4284",4284,"LibertyDayton12-20",2025-12-20,"nc","Dayton","Liberty","A10","CUSA","H","L","61-64",0.806502743818976,0.617063960398147,0.87694452176131,0.815583004897484,-0.815583004897484,59.5,"played",NA,NA,NA,84,"Q3"
"4285",4285,"LibertyDayton12-20",2025-12-20,"nc","Liberty","Dayton","CUSA","A10","A","W","64-61",0.617063960398147,0.806502743818976,0.789142831518436,0.473106576585408,0.526893423414592,82,"played",NA,NA,NA,80,"Q2"
"4286",4286,"LIUFIU12-20",2025-12-20,"nc","FIU","LIU","CUSA","NEC","H","W","86-79",0.568091309363212,0.325501227881235,0.87694452176131,0.936577409173886,0.0634225908261143,48.3,"played",NA,NA,NA,201,"Q4"
"4287",4287,"LIUFIU12-20",2025-12-20,"nc","LIU","FIU","NEC","CUSA","A","L","79-86",0.325501227881235,0.568091309363212,0.789142831518436,0.739948017865934,-0.739948017865934,40.5,"played",NA,NA,NA,198,"Q3"
"4288",4288,"LongwoodNorth Carolina Central12-20",2025-12-20,"nc","Longwood","North Carolina Central","BSth","MEAC","A","W","74-72",0.192892523448795,0.146611416892688,0.789142831518436,0.956110386825677,0.0438896131743233,21,"played",NA,NA,NA,344,"Q4"
"4289",4289,"LongwoodNorth Carolina Central12-20",2025-12-20,"nc","North Carolina Central","Longwood","MEAC","BSth","H","L","72-74",0.146611416892688,0.192892523448795,0.87694452176131,0.967552055004814,-0.967552055004814,13.4,"played",NA,NA,NA,271,"Q4"
"4290",4290,"LouisianaLouisiana Monroe12-20",2025-12-20,"conf","Louisiana","Louisiana Monroe","SB","SB","A","W","76-62",0.137657594317457,0.110510816070549,0.789142831518436,0.967869772859297,0.0321302271407032,68,"played",NA,NA,NA,359,"Q4"
"4291",4291,"LouisianaLouisiana Monroe12-20",2025-12-20,"conf","Louisiana Monroe","Louisiana","SB","SB","H","L","62-76",0.110510816070549,0.137657594317457,0.87694452176131,0.978090705272969,-0.978090705272969,0.9,"played",NA,NA,NA,334,"Q4"
"4292",4292,"Loyola ChicagoSanta Clara12-20",2025-12-20,"nc","Loyola Chicago","Santa Clara","A10","WCC","N","W","80-78",0.227740076694746,0.872877060014961,0.837778001870703,0.42926448148856,0.57073551851144,89.9,"played",NA,NA,NA,44,"Q1"
"4293",4293,"Loyola ChicagoSanta Clara12-20",2025-12-20,"nc","Santa Clara","Loyola Chicago","WCC","A10","N","L","78-80",0.872877060014961,0.227740076694746,0.837778001870703,0.945981866913749,-0.945981866913749,18.5,"played",NA,NA,NA,315,"Q4"
"4294",4294,"MarquetteCreighton12-20",2025-12-20,"conf","Creighton","Marquette","BE","BE","H","W","84-63",0.853766094479856,0.526647022481542,0.87694452176131,0.864960820902639,0.135039179097361,96.8,"played",NA,NA,NA,142,"Q3"
"4295",4295,"MarquetteCreighton12-20",2025-12-20,"conf","Marquette","Creighton","BE","BE","A","L","63-84",0.526647022481542,0.853766094479856,0.789142831518436,0.390625558612227,-0.390625558612227,17.8,"played",NA,NA,NA,58,"Q1"
"4296",4296,"MarshallTroy12-20",2025-12-20,"conf","Marshall","Troy","SB","SB","A","L","63-70",0.405108655210775,0.719734730060241,0.789142831518436,0.593057675690047,-0.593057675690047,36.6,"played",NA,NA,NA,103,"Q2"
"4297",4297,"MarshallTroy12-20",2025-12-20,"conf","Troy","Marshall","SB","SB","H","W","70-63",0.719734730060241,0.405108655210775,0.87694452176131,0.912777664866289,0.087222335133711,75.2,"played",NA,NA,NA,138,"Q3"
"4298",4298,"MarylandVirginia12-20",2025-12-20,"nc","Maryland","Virginia","B10","ACC","A","L","72-80",0.573049543206266,0.96842400434267,0.789142831518436,0.108756479072216,-0.108756479072216,91.6,"played",NA,NA,NA,13,"Q1"
"4299",4299,"MarylandVirginia12-20",2025-12-20,"nc","Virginia","Maryland","ACC","B10","H","W","80-72",0.96842400434267,0.573049543206266,0.87694452176131,0.841509712207793,0.158490287792207,79,"played",NA,NA,NA,152,"Q3"
"4300",4300,"MemphisMississippi St.12-20",2025-12-20,"nc","Memphis","Mississippi St.","Amer","SEC","A","L","66-71",0.647741340141445,0.769828564240354,0.789142831518436,0.528076163539221,-0.528076163539221,55.4,"played",NA,NA,NA,99,"Q2"
"4301",4301,"MemphisMississippi St.12-20",2025-12-20,"nc","Mississippi St.","Memphis","SEC","Amer","H","W","71-66",0.769828564240354,0.647741340141445,0.87694452176131,0.794894141174265,0.205105858825735,83.2,"played",NA,NA,NA,112,"Q3"
"4302",4302,"MercerWashington St.12-20",2025-12-20,"nc","Mercer","Washington St.","SC","WCC","A","L","78-84",0.497972452629038,0.640213899600399,0.789142831518436,0.67775499260287,-0.67775499260287,40.4,"played",NA,NA,NA,156,"Q3"
"4303",4303,"MercerWashington St.12-20",2025-12-20,"nc","Washington St.","Mercer","WCC","SC","H","W","84-78",0.640213899600399,0.497972452629038,0.87694452176131,0.877817047848107,0.122182952151893,72.3,"played",NA,NA,NA,125,"Q3"
"4304",4304,"Miami OHBall St.12-20",2025-12-20,"conf","Ball St.","Miami OH","MAC","MAC","H","L","77-86",0.288514481287383,0.696611503750518,0.87694452176131,0.756317426282864,-0.756317426282864,46.5,"played",NA,NA,NA,49,"Q2"
"4305",4305,"Miami OHBall St.12-20",2025-12-20,"conf","Miami OH","Ball St.","MAC","MAC","A","W","86-77",0.696611503750518,0.288514481287383,0.789142831518436,0.902240976851439,0.097759023148561,51.8,"played",NA,NA,NA,316,"Q4"
"4306",4306,"Michigan St.Oakland12-20",2025-12-20,"nc","Michigan St.","Oakland","B10","Horz","N","W","79-70",0.94987905099256,0.562935017803711,0.837778001870703,0.800385436037381,0.199614563962619,79.7,"played",NA,NA,NA,135,"Q3"
"4307",4307,"Michigan St.Oakland12-20",2025-12-20,"nc","Oakland","Michigan St.","Horz","B10","N","L","70-79",0.562935017803711,0.94987905099256,0.837778001870703,0.214146807299484,-0.214146807299484,86.1,"played",NA,NA,NA,11,"Q1"
"4308",4308,"MontanaLouisville12-20",2025-12-20,"nc","Louisville","Montana","ACC","BSky","H","W","94-54",0.960766906153242,0.47565609222007,0.87694452176131,0.887080556167823,0.112919443832177,99,"played",NA,NA,NA,163,"Q4"
"4309",4309,"MontanaLouisville12-20",2025-12-20,"nc","Montana","Louisville","BSky","ACC","A","L","54-94",0.47565609222007,0.960766906153242,0.789142831518436,0.132567603493666,-0.132567603493666,18.7,"played",NA,NA,NA,15,"Q1"
"4310",4310,"Morehead St.Southern Indiana12-20",2025-12-20,"conf","Morehead St.","Southern Indiana","OVC","OVC","A","W","64-60",0.163264947729151,0.167812136503116,0.789142831518436,0.94887383530995,0.05112616469005,14.5,"played",NA,NA,NA,338,"Q4"
"4311",4311,"Morehead St.Southern Indiana12-20",2025-12-20,"conf","Southern Indiana","Morehead St.","OVC","OVC","H","L","60-64",0.167812136503116,0.163264947729151,0.87694452176131,0.973349662894276,-0.973349662894276,18.9,"played",NA,NA,NA,286,"Q4"
"4312",4312,"Nebraska OmahaLamar12-20",2025-12-20,"nc","Lamar","Nebraska Omaha","Slnd","Sum","H","L","82-85",0.437571853477538,0.245482919288472,0.87694452176131,0.956339074498325,-0.956339074498325,9.6,"played",NA,NA,NA,281,"Q4"
"4313",4313,"Nebraska OmahaLamar12-20",2025-12-20,"nc","Nebraska Omaha","Lamar","Sum","Slnd","A","W","85-82",0.245482919288472,0.437571853477538,0.789142831518436,0.827896030713947,0.172103969286053,70.5,"played",NA,NA,NA,220,"Q3"
"4314",4314,"North CarolinaOhio St.12-20",2025-12-20,"nc","North Carolina","Ohio St.","ACC","B10","N","W","71-70",0.886302203670106,0.861070583290885,0.837778001870703,0.454520285240866,0.545479714759134,92,"played",NA,NA,NA,35,"Q1"
"4315",4315,"North CarolinaOhio St.12-20",2025-12-20,"nc","Ohio St.","North Carolina","B10","ACC","N","L","70-71",0.861070583290885,0.886302203670106,0.837778001870703,0.398498195407703,-0.398498195407703,80.9,"played",NA,NA,NA,27,"Q1"
"4316",4316,"NortheasternSyracuse12-20",2025-12-20,"nc","Northeastern","Syracuse","CAA","ACC","A","L","83-91",0.250737593781546,0.839475742553748,0.789142831518436,0.417130023189949,-0.417130023189949,57.8,"played",NA,NA,NA,77,"Q2"
"4317",4317,"NortheasternSyracuse12-20",2025-12-20,"nc","Syracuse","Northeastern","ACC","CAA","H","W","91-83",0.839475742553748,0.250737593781546,0.87694452176131,0.955147684195681,0.0448523158043189,56.1,"played",NA,NA,NA,249,"Q4"
"4318",4318,"PennRutgers12-20",2025-12-20,"nc","Penn","Rutgers","Ivy","B10","A","L","69-70",0.395413064060764,0.593817364755892,0.789142831518436,0.719099142122945,-0.719099142122945,63.8,"played",NA,NA,NA,153,"Q3"
"4319",4319,"PennRutgers12-20",2025-12-20,"nc","Rutgers","Penn","B10","Ivy","H","W","70-69",0.593817364755892,0.395413064060764,0.87694452176131,0.915940225457352,0.0840597745426485,35.2,"played",NA,NA,NA,178,"Q4"
"4320",4320,"Portland St.Tulane12-20",2025-12-20,"nc","Portland St.","Tulane","BSky","Amer","A","L","61-63",0.428876901216264,0.499347286934666,0.789142831518436,0.789576940282949,-0.789576940282949,31.7,"played",NA,NA,NA,202,"Q3"
"4321",4321,"Portland St.Tulane12-20",2025-12-20,"nc","Tulane","Portland St.","Amer","BSky","H","W","63-61",0.499347286934666,0.428876901216264,0.87694452176131,0.904671517158032,0.0953284828419685,61.7,"played",NA,NA,NA,137,"Q3"
"4322",4322,"RicePepperdine12-20",2025-12-20,"nc","Pepperdine","Rice","WCC","Amer","H","W","84-62",0.346226240798316,0.305946467034478,0.87694452176131,0.941747346673167,0.0582526533268328,84.6,"played",NA,NA,NA,253,"Q4"
"4323",4323,"RicePepperdine12-20",2025-12-20,"nc","Rice","Pepperdine","Amer","WCC","A","L","62-84",0.305946467034478,0.346226240798316,0.789142831518436,0.876038094973127,-0.876038094973127,4.1,"played",NA,NA,NA,267,"Q4"
"4324",4324,"Robert MorrisSaint Francis12-20",2025-12-20,"nc","Robert Morris","Saint Francis","Horz","NEC","A","W","79-70",0.360345110834765,0.11893327333037,0.789142831518436,0.965187205836041,0.0348127941639589,24,"played",NA,NA,NA,354,"Q4"
"4325",4325,"Robert MorrisSaint Francis12-20",2025-12-20,"nc","Saint Francis","Robert Morris","NEC","Horz","H","L","70-79",0.11893327333037,0.360345110834765,0.87694452176131,0.926741135334995,-0.926741135334995,19.4,"played",NA,NA,NA,186,"Q4"
"4326",4326,"Sacramento St.Cal Baptist12-20",2025-12-20,"nc","Cal Baptist","Sacramento St.","WAC","BSky","H","W","74-67",0.691435207905624,0.187290241962568,0.87694452176131,0.96867531291602,0.0313246870839802,33.5,"played",NA,NA,NA,279,"Q4"
"4327",4327,"Sacramento St.Cal Baptist12-20",2025-12-20,"nc","Sacramento St.","Cal Baptist","BSky","WAC","A","L","67-74",0.187290241962568,0.691435207905624,0.789142831518436,0.625492790676781,-0.625492790676781,50.6,"played",NA,NA,NA,120,"Q2"
"4328",4328,"San Jose St.New Mexico12-20",2025-12-20,"conf","New Mexico","San Jose St.","MWC","MWC","H","W","88-65",0.889177912187195,0.280831199129306,0.87694452176131,0.9480512429362,0.0519487570637999,84.6,"played",NA,NA,NA,259,"Q4"
"4329",4329,"San Jose St.New Mexico12-20",2025-12-20,"conf","San Jose St.","New Mexico","MWC","MWC","A","L","65-88",0.280831199129306,0.889177912187195,0.789142831518436,0.318080985198017,-0.318080985198017,36.4,"played",NA,NA,NA,42,"Q1"
"4330",4330,"South AlabamaTexas St.12-20",2025-12-20,"conf","South Alabama","Texas St.","SB","SB","A","L","65-67",0.306238592181222,0.382567816926111,0.789142831518436,0.857957670648498,-0.857957670648498,45.6,"played",NA,NA,NA,265,"Q4"
"4331",4331,"South AlabamaTexas St.12-20",2025-12-20,"conf","Texas St.","South Alabama","SB","SB","H","W","67-65",0.382567816926111,0.306238592181222,0.87694452176131,0.941671849852463,0.0583281501475374,24.6,"played",NA,NA,NA,197,"Q4"
"4332",4332,"South DakotaKansas St.12-20",2025-12-20,"nc","Kansas St.","South Dakota","B12","Sum","H","W","106-76",0.787642451679584,0.214647067407385,0.87694452176131,0.963064474227078,0.036935525772922,93.7,"played",NA,NA,NA,272,"Q4"
"4333",4333,"South DakotaKansas St.12-20",2025-12-20,"nc","South Dakota","Kansas St.","Sum","B12","A","L","76-106",0.214647067407385,0.787642451679584,0.789142831518436,0.502248363029673,-0.502248363029673,6.4,"played",NA,NA,NA,82,"Q2"
"4334",4334,"Southeast Missouri St.Tennessee St.12-20",2025-12-20,"conf","Southeast Missouri St.","Tennessee St.","OVC","OVC","A","W","91-82",0.215113414869716,0.338648005350723,0.789142831518436,0.87964697213628,0.120353027863719,73.1,"played",NA,NA,NA,229,"Q3"
"4335",4335,"Southeast Missouri St.Tennessee St.12-20",2025-12-20,"conf","Tennessee St.","Southeast Missouri St.","OVC","OVC","H","L","82-91",0.338648005350723,0.215113414869716,0.87694452176131,0.962966020309848,-0.962966020309848,4.9,"played",NA,NA,NA,242,"Q4"
"4336",4336,"Tennessee MartinTennessee Tech12-20",2025-12-20,"conf","Tennessee Martin","Tennessee Tech","OVC","OVC","A","W","86-62",0.237188051713002,0.15372993043803,0.789142831518436,0.953708845262442,0.0462911547375577,68.1,"played",NA,NA,NA,331,"Q4"
"4337",4337,"Tennessee MartinTennessee Tech12-20",2025-12-20,"conf","Tennessee Tech","Tennessee Martin","OVC","OVC","H","L","62-86",0.15372993043803,0.237188051713002,0.87694452176131,0.958192248853182,-0.958192248853182,2.6,"played",NA,NA,NA,187,"Q4"
"4338",4338,"The CitadelRichmond12-20",2025-12-20,"nc","Richmond","The Citadel","A10","SC","H","W","80-56",0.660447080764919,0.0788521555269136,0.87694452176131,0.988130636578795,0.0118693634212048,70.7,"played",NA,NA,NA,350,"Q4"
"4339",4339,"The CitadelRichmond12-20",2025-12-20,"nc","The Citadel","Richmond","SC","A10","A","L","56-80",0.0788521555269136,0.660447080764919,0.789142831518436,0.658019120873694,-0.658019120873694,6.4,"played",NA,NA,NA,126,"Q2"
"4340",4340,"UC RiversideSt. Thomas12-20",2025-12-20,"nc","St. Thomas","UC Riverside","Sum","BW","H","W","92-78",0.711266776860035,0.201552689174799,0.87694452176131,0.965789939307561,0.0342100606924388,54.8,"played",NA,NA,NA,283,"Q4"
"4341",4341,"UC RiversideSt. Thomas12-20",2025-12-20,"nc","UC Riverside","St. Thomas","BW","Sum","A","L","78-92",0.201552689174799,0.711266776860035,0.789142831518436,0.603057697731894,-0.603057697731894,33.9,"played",NA,NA,NA,116,"Q2"
"4342",4342,"USC UpstateYoungstown St.12-20",2025-12-20,"nc","USC Upstate","Youngstown St.","BSth","Horz","A","L","65-74",0.171715590878374,0.546812666972655,0.789142831518436,0.756201472941003,-0.756201472941003,16,"played",NA,NA,NA,221,"Q3"
"4343",4343,"USC UpstateYoungstown St.12-20",2025-12-20,"nc","Youngstown St.","USC Upstate","Horz","BSth","H","W","74-65",0.546812666972655,0.171715590878374,0.87694452176131,0.97173133605275,0.0282686639472497,56.7,"played",NA,NA,NA,285,"Q4"
"4344",4344,"Utah TechWeber St.12-20",2025-12-20,"nc","Utah Tech","Weber St.","WAC","BSky","A","W","82-80",0.326398450988887,0.519652525465715,0.789142831518436,0.775758164330446,0.224241835669554,57.9,"played",NA,NA,NA,190,"Q3"
"4345",4345,"Utah TechWeber St.12-20",2025-12-20,"nc","Weber St.","Utah Tech","BSky","WAC","H","L","80-82",0.519652525465715,0.326398450988887,0.87694452176131,0.936334401660849,-0.936334401660849,27.6,"played",NA,NA,NA,199,"Q4"
"4346",4346,"XavierGeorgetown12-20",2025-12-20,"conf","Georgetown","Xavier","BE","BE","H","L","77-80",0.736066932523059,0.650772325033312,0.87694452176131,0.792715583981746,-0.792715583981746,64.5,"played",NA,NA,NA,94,"Q3"
"4347",4347,"XavierGeorgetown12-20",2025-12-20,"conf","Xavier","Georgetown","BE","BE","A","W","80-77",0.650772325033312,0.736066932523059,0.789142831518436,0.573009575192196,0.426990424807804,74.1,"played",NA,NA,NA,118,"Q2"
"4348",4348,"HoughtonNiagara12-20",2025-12-20,"nond1","Niagara","Houghton","MAAC",NA,"H","W","58-81",NA,NA,NA,NA,0,NA,"played",NA,NA,NA,NA,NA
"4349",4349,"Paul QuinnPrairie View A&M12-20",2025-12-20,"nond1","Prairie View A&M","Paul Quinn","SWAC",NA,"H","W","64-100",NA,NA,NA,NA,0,NA,"played",NA,NA,NA,NA,NA
"4350",4350,"Bethesda (CA)Utah Valley12-20",2025-12-20,"nond1","Utah Valley","Bethesda (CA)","WAC",NA,"H","W","48-109",NA,NA,NA,NA,0,NA,"played",NA,NA,NA,NA,NA
"4351",4351,"Biblical Stud. (TX)UT Rio Grande Valley12-20",2025-12-20,"nond1","UT Rio Grande Valley","Biblical Stud. (TX)","Slnd",NA,"H","W","51-109",NA,NA,NA,NA,0,NA,"played",NA,NA,NA,NA,NA
"4352",4352,"Harris-StoweLindenwood12-20",2025-12-20,"nond1","Lindenwood","Harris-Stowe","OVC",NA,"H","W","52-109",NA,NA,NA,NA,0,NA,"played",NA,NA,NA,NA,NA
"4353",4353,"Southern-N.O.Northwestern St.12-20",2025-12-20,"nond1","Northwestern St.","Southern-N.O.","Slnd",NA,"H","W","55-108",NA,NA,NA,NA,0,NA,"played",NA,NA,NA,NA,NA
"4354",4354,"Mid-Atlantic Christ.North Carolina A&T12-20",2025-12-20,"nond1","North Carolina A&T","Mid-Atlantic Christ.","CAA",NA,"H","W","55-95",NA,NA,NA,NA,0,NA,"played",NA,NA,NA,NA,NA
"4355",4355,"Siena HeightsDetroit Mercy12-20",2025-12-20,"nond1","Detroit Mercy","Siena Heights","Horz",NA,"H","W","60-91",NA,NA,NA,NA,0,NA,"played",NA,NA,NA,NA,NA
"4356",4356,"LourdesToledo12-20",2025-12-20,"nond1","Toledo","Lourdes","MAC",NA,"H","W","67-100",NA,NA,NA,NA,0,NA,"played",NA,NA,NA,NA,NA
"4357",4357,"S'western AdventistTexas A&M Corpus Chris12-20",2025-12-20,"nond1","Texas A&M Corpus Chris","S'western Adventist","Slnd",NA,"H","W","36-93",NA,NA,NA,NA,0,NA,"played",NA,NA,NA,NA,NA
"4358",4358,"Blue Mountain (MS)Lipscomb12-20",2025-12-20,"nond1","Lipscomb","Blue Mountain (MS)","ASun",NA,"H","W","60-123",NA,NA,NA,NA,0,NA,"played",NA,NA,NA,NA,NA
"4359",4359,"AlabamaKennesaw St.12-21",2025-12-21,"nc","Alabama","Kennesaw St.","SEC","CUSA","N","W","92-81",0.938193054731862,0.497525472672032,0.837778001870703,0.839118731978956,0.160881268021044,94.1,"played",NA,NA,NA,159,"Q3"
"4360",4360,"AlabamaKennesaw St.12-21",2025-12-21,"nc","Kennesaw St.","Alabama","CUSA","SEC","N","L","81-92",0.497525472672032,0.938193054731862,0.837778001870703,0.253855777846417,-0.253855777846417,48.5,"played",NA,NA,NA,19,"Q1"
"4361",4361,"Cal St. FullertonOklahoma St.12-21",2025-12-21,"nc","Cal St. Fullerton","Oklahoma St.","BW","B12","A","L","89-94",0.331925225797259,0.819344264260517,0.789142831518436,0.452111051323319,-0.452111051323319,52,"played",NA,NA,NA,73,"Q1"
"4362",4362,"Cal St. FullertonOklahoma St.12-21",2025-12-21,"nc","Oklahoma St.","Cal St. Fullerton","B12","BW","H","W","94-89",0.819344264260517,0.331925225797259,0.87694452176131,0.934825940311833,0.0651740596881669,67.5,"played",NA,NA,NA,200,"Q4"
"4363",4363,"CampbellMinnesota12-21",2025-12-21,"nc","Campbell","Minnesota","CAA","B10","A","L","50-78",0.327073956545687,0.837995134981792,0.789142831518436,0.419793884137052,-0.419793884137052,4.1,"played",NA,NA,NA,83,"Q2"
"4364",4364,"CampbellMinnesota12-21",2025-12-21,"nc","Minnesota","Campbell","B10","CAA","H","W","78-50",0.837995134981792,0.327073956545687,0.87694452176131,0.936151100895773,0.0638488991042273,98.3,"played",NA,NA,NA,203,"Q4"
"4365",4365,"Central ArkansasSMU12-21",2025-12-21,"nc","Central Arkansas","SMU","ASun","ACC","A","L","82-99",0.418552667589624,0.916602426915101,0.789142831518436,0.254019532125076,-0.254019532125076,54,"played",NA,NA,NA,30,"Q1"
"4366",4366,"Central ArkansasSMU12-21",2025-12-21,"nc","SMU","Central Arkansas","ACC","ASun","H","W","99-82",0.916602426915101,0.418552667589624,0.87694452176131,0.908256159397106,0.0917438406028938,87.1,"played",NA,NA,NA,206,"Q4"
"4367",4367,"Charleston SouthernFurman12-21",2025-12-21,"nc","Charleston Southern","Furman","BSth","SC","A","L","76-84",0.304852499335177,0.548536258475982,0.789142831518436,0.754916473669213,-0.754916473669213,25.3,"played",NA,NA,NA,189,"Q3"
"4368",4368,"Charleston SouthernFurman12-21",2025-12-21,"nc","Furman","Charleston Southern","SC","BSth","H","W","84-76",0.548536258475982,0.304852499335177,0.87694452176131,0.942029615136421,0.0579703848635789,61.2,"played",NA,NA,NA,219,"Q4"
"4369",4369,"CharlestonNorthern Kentucky12-21",2025-12-21,"nc","Charleston","Northern Kentucky","CAA","Horz","A","W","85-74",0.363361259870032,0.56588651357836,0.789142831518436,0.741672343161317,0.258327656838683,82.1,"played",NA,NA,NA,177,"Q3"
"4370",4370,"CharlestonNorthern Kentucky12-21",2025-12-21,"nc","Northern Kentucky","Charleston","Horz","CAA","H","L","74-85",0.56588651357836,0.363361259870032,0.87694452176131,0.92584938839268,-0.92584938839268,14,"played",NA,NA,NA,175,"Q4"
"4371",4371,"ChattanoogaAlabama A&M12-21",2025-12-21,"nc","Alabama A&M","Chattanooga","SWAC","SC","H","L","66-73",0.264840745295219,0.193922737600882,0.87694452176131,0.967344083601197,-0.967344083601197,7.2,"played",NA,NA,NA,280,"Q4"
"4372",4372,"ChattanoogaAlabama A&M12-21",2025-12-21,"nc","Chattanooga","Alabama A&M","SC","SWAC","A","W","73-66",0.193922737600882,0.264840745295219,0.789142831518436,0.91219415768358,0.0878058423164204,52.8,"played",NA,NA,NA,308,"Q4"
"4373",4373,"CincinnatiClemson12-21",2025-12-21,"nc","Cincinnati","Clemson","B12","ACC","N","L","65-68",0.833401447570207,0.915806795624262,0.837778001870703,0.321932746384448,-0.321932746384448,51.4,"played",NA,NA,NA,32,"Q1"
"4374",4374,"CincinnatiClemson12-21",2025-12-21,"nc","Clemson","Cincinnati","ACC","B12","N","W","68-65",0.915806795624262,0.833401447570207,0.837778001870703,0.507964071398832,0.492035928601168,98.1,"played",NA,NA,NA,72,"Q2"
"4375",4375,"ColgateFlorida12-21",2025-12-21,"nc","Colgate","Florida","Pat","SEC","A","L","60-90",0.363069644263239,0.967769745662781,0.789142831518436,0.110826915239594,-0.110826915239594,38.9,"played",NA,NA,NA,14,"Q1"
"4376",4376,"ColgateFlorida12-21",2025-12-21,"nc","Florida","Colgate","SEC","Pat","H","W","90-60",0.967769745662781,0.363069644263239,0.87694452176131,0.925935900293245,0.074064099706755,96.4,"played",NA,NA,NA,196,"Q4"
"4377",4377,"ColumbiaCalifornia12-21",2025-12-21,"nc","California","Columbia","ACC","Ivy","H","W","74-56",0.828977030903702,0.408052728218098,0.87694452176131,0.911801277983662,0.0881987220163379,94.3,"played",NA,NA,NA,151,"Q3"
"4378",4378,"ColumbiaCalifornia12-21",2025-12-21,"nc","Columbia","California","Ivy","ACC","A","L","56-74",0.408052728218098,0.828977030903702,0.789142831518436,0.435700951290163,-0.435700951290163,16.8,"played",NA,NA,NA,60,"Q1"
"4379",4379,"ConnecticutDePaul12-21",2025-12-21,"conf","Connecticut","DePaul","BE","BE","A","W","72-54",0.948353630627273,0.723148523927946,0.789142831518436,0.588951567067976,0.411048432932024,96.1,"played",NA,NA,NA,113,"Q2"
"4380",4380,"ConnecticutDePaul12-21",2025-12-21,"conf","DePaul","Connecticut","BE","BE","H","L","54-72",0.723148523927946,0.948353630627273,0.87694452176131,0.279589420810512,-0.279589420810512,65.9,"played",NA,NA,NA,8,"Q1"
"4381",4381,"CornellAlbany12-21",2025-12-21,"nc","Albany","Cornell","AE","Ivy","H","L","75-83",0.305119018679747,0.377743777487108,0.87694452176131,0.921502900364643,-0.921502900364643,27.3,"played",NA,NA,NA,188,"Q4"
"4382",4382,"CornellAlbany12-21",2025-12-21,"nc","Cornell","Albany","Ivy","AE","A","W","83-75",0.377743777487108,0.305119018679747,0.789142831518436,0.894994515735722,0.105005484264278,41.5,"played",NA,NA,NA,309,"Q4"
"4383",4383,"DrakeEvansville12-21",2025-12-21,"conf","Drake","Evansville","MVC","MVC","A","W","66-65",0.380317101596354,0.316297971986588,0.789142831518436,0.88998656064279,0.110013439357211,40.5,"played",NA,NA,NA,284,"Q4"
"4384",4384,"DrakeEvansville12-21",2025-12-21,"conf","Evansville","Drake","MVC","MVC","H","L","65-66",0.316297971986588,0.380317101596354,0.87694452176131,0.920708383048696,-0.920708383048696,29.4,"played",NA,NA,NA,166,"Q4"
"4385",4385,"East Texas A&MTexas A&M12-21",2025-12-21,"nc","East Texas A&M","Texas A&M","Slnd","SEC","A","L","77-118",0.215264103557443,0.915550420652576,0.789142831518436,0.256621248205328,-0.256621248205328,14.6,"played",NA,NA,NA,41,"Q1"
"4386",4386,"East Texas A&MTexas A&M12-21",2025-12-21,"nc","Texas A&M","East Texas A&M","SEC","Slnd","H","W","118-77",0.915550420652576,0.215264103557443,0.87694452176131,0.962934186645948,0.0370658133540517,94.5,"played",NA,NA,NA,277,"Q4"
"4387",4387,"Eastern KentuckyWichita St.12-21",2025-12-21,"nc","Eastern Kentucky","Wichita St.","ASun","Amer","A","L","57-88",0.223192376556858,0.738904436061514,0.789142831518436,0.569419774868401,-0.569419774868401,2.4,"played",NA,NA,NA,95,"Q2"
"4388",4388,"Eastern KentuckyWichita St.12-21",2025-12-21,"nc","Wichita St.","Eastern Kentucky","Amer","ASun","H","W","88-57",0.738904436061514,0.223192376556858,0.87694452176131,0.961244908789494,0.0387550912105064,97,"played",NA,NA,NA,262,"Q4"
"4389",4389,"Florida A&MTCU12-21",2025-12-21,"nc","Florida A&M","TCU","SWAC","B12","A","L","56-80",0.193160437433708,0.865296099885822,0.789142831518436,0.368134924888612,-0.368134924888612,44.1,"played",NA,NA,NA,46,"Q1"
"4390",4390,"Florida A&MTCU12-21",2025-12-21,"nc","TCU","Florida A&M","B12","SWAC","H","W","80-56",0.865296099885822,0.193160437433708,0.87694452176131,0.967498013170315,0.0325019868296846,66.1,"played",NA,NA,NA,307,"Q4"
"4391",4391,"Gardner WebbTennessee12-21",2025-12-21,"nc","Gardner Webb","Tennessee","BSth","SEC","A","L","52-94",0.031054600359691,0.951108153148531,0.789142831518436,0.161345502513521,-0.161345502513521,3.7,"played",NA,NA,NA,26,"Q1"
"4392",4392,"Gardner WebbTennessee12-21",2025-12-21,"nc","Tennessee","Gardner Webb","SEC","BSth","H","W","94-52",0.951108153148531,0.031054600359691,0.87694452176131,0.995522798064527,0.00447720193547285,94.2,"played",NA,NA,NA,363,"Q4"
"4393",4393,"GonzagaOregon12-21",2025-12-21,"nc","Gonzaga","Oregon","WCC","B10","N","W","91-82",0.953797375405029,0.75906400244933,0.837778001870703,0.621103022397128,0.378896977602872,90.1,"played",NA,NA,NA,104,"Q3"
"4394",4394,"GonzagaOregon12-21",2025-12-21,"nc","Oregon","Gonzaga","B10","WCC","N","L","82-91",0.75906400244933,0.953797375405029,0.837778001870703,0.200106758650461,-0.200106758650461,87.7,"played",NA,NA,NA,4,"Q1"
"4395",4395,"IdahoCal Poly12-21",2025-12-21,"nc","Cal Poly","Idaho","BW","BSky","H","L","80-83",0.356782664805302,0.431116462873849,0.87694452176131,0.903880582257921,-0.903880582257921,18.2,"played",NA,NA,NA,158,"Q3"
"4396",4396,"IdahoCal Poly12-21",2025-12-21,"nc","Idaho","Cal Poly","BSky","BW","A","W","83-80",0.431116462873849,0.356782664805302,0.789142831518436,0.870920500600285,0.129079499399715,65.5,"played",NA,NA,NA,257,"Q4"
"4397",4397,"Illinois ChicagoCharlotte12-21",2025-12-21,"nc","Charlotte","Illinois Chicago","Amer","MVC","H","W","88-76",0.567723178537992,0.500741447619587,0.87694452176131,0.876624116731868,0.123375883268132,65.1,"played",NA,NA,NA,161,"Q4"
"4398",4398,"Illinois ChicagoCharlotte12-21",2025-12-21,"nc","Illinois Chicago","Charlotte","MVC","Amer","A","L","76-88",0.500741447619587,0.567723178537992,0.789142831518436,0.740236588946491,-0.740236588946491,41.4,"played",NA,NA,NA,173,"Q3"
"4399",4399,"Indiana St.Illinois St.12-21",2025-12-21,"conf","Illinois St.","Indiana St.","MVC","MVC","H","W","85-65",0.816126473444108,0.363662236714813,0.87694452176131,0.925760033172288,0.0742399668277122,91.9,"played",NA,NA,NA,205,"Q4"
"4400",4400,"Indiana St.Illinois St.12-21",2025-12-21,"conf","Indiana St.","Illinois St.","MVC","MVC","A","L","65-85",0.363662236714813,0.816126473444108,0.789142831518436,0.457464356306282,-0.457464356306282,18.2,"played",NA,NA,NA,79,"Q2"
"4401",4401,"La SalleMichigan12-21",2025-12-21,"nc","La Salle","Michigan","A10","B10","A","L","50-102",0.347282363436385,0.98755383780862,0.789142831518436,0.0450428444038855,-0.0450428444038855,16.9,"played",NA,NA,NA,1,"Q1"
"4402",4402,"La SalleMichigan12-21",2025-12-21,"nc","Michigan","La Salle","B10","A10","H","W","102-50",0.98755383780862,0.347282363436385,0.87694452176131,0.930527128014643,0.0694728719853572,99.5,"played",NA,NA,NA,227,"Q4"
"4403",4403,"LehighMonmouth12-21",2025-12-21,"nc","Lehigh","Monmouth","Pat","CAA","A","L","62-76",0.155993773443698,0.470690741874601,0.789142831518436,0.808011054668748,-0.808011054668748,9.7,"played",NA,NA,NA,204,"Q3"
"4404",4404,"LehighMonmouth12-21",2025-12-21,"nc","Monmouth","Lehigh","CAA","Pat","H","W","76-62",0.470690741874601,0.155993773443698,0.87694452176131,0.974720382753838,0.0252796172461617,60.4,"played",NA,NA,NA,298,"Q4"
"4405",4405,"Long Beach St.Iowa St.12-21",2025-12-21,"nc","Iowa St.","Long Beach St.","B12","BW","H","W","91-60",0.963201567205515,0.276270766068189,0.87694452176131,0.949157607123227,0.0508423928767727,99.4,"played",NA,NA,NA,240,"Q4"
"4406",4406,"Long Beach St.Iowa St.12-21",2025-12-21,"nc","Long Beach St.","Iowa St.","BW","B12","A","L","60-91",0.276270766068189,0.963201567205515,0.789142831518436,0.125095084414269,-0.125095084414269,6.1,"played",NA,NA,NA,6,"Q1"
"4407",4407,"Loyola MDGeorge Mason12-21",2025-12-21,"nc","George Mason","Loyola MD","A10","Pat","H","W","86-79",0.758834600748699,0.0922603677365822,0.87694452176131,0.985938471534303,0.0140615284656967,13.5,"played",NA,NA,NA,340,"Q4"
"4408",4408,"Loyola MDGeorge Mason12-21",2025-12-21,"nc","Loyola MD","George Mason","Pat","A10","A","L","79-86",0.0922603677365822,0.758834600748699,0.789142831518436,0.543257964252141,-0.543257964252141,67.2,"played",NA,NA,NA,63,"Q1"
"4409",4409,"MaineDrexel12-21",2025-12-21,"nc","Drexel","Maine","CAA","AE","H","W","74-56",0.506908140029048,0.0653376419463159,0.87694452176131,0.990285998285382,0.00971400171461845,55.1,"played",NA,NA,NA,343,"Q4"
"4410",4410,"MaineDrexel12-21",2025-12-21,"nc","Maine","Drexel","AE","CAA","A","L","56-74",0.0653376419463159,0.506908140029048,0.789142831518436,0.78450783990208,-0.78450783990208,5.5,"played",NA,NA,NA,211,"Q3"
"4411",4411,"MilwaukeeCleveland St.12-21",2025-12-21,"conf","Cleveland St.","Milwaukee","Horz","Horz","H","L","71-81",0.281782786451229,0.247415137782907,0.87694452176131,0.955902572692459,-0.955902572692459,14.9,"played",NA,NA,NA,233,"Q4"
"4412",4412,"MilwaukeeCleveland St.12-21",2025-12-21,"conf","Milwaukee","Cleveland St.","Horz","Horz","A","W","81-71",0.247415137782907,0.281782786451229,0.789142831518436,0.905115473700407,0.0948845262995927,42.4,"played",NA,NA,NA,321,"Q4"
"4413",4413,"MississippiN.C. State12-21",2025-12-21,"nc","Mississippi","N.C. State","SEC","ACC","N","L","62-76",0.723123972088137,0.903953419730266,0.837778001870703,0.354307740672655,-0.354307740672655,26.2,"played",NA,NA,NA,29,"Q1"
"4414",4414,"MississippiN.C. State12-21",2025-12-21,"nc","N.C. State","Mississippi","ACC","SEC","N","W","76-62",0.903953419730266,0.723123972088137,0.837778001870703,0.664135094467405,0.335864905532595,98.6,"played",NA,NA,NA,87,"Q2"
"4415",4415,"Morgan St.San Francisco12-21",2025-12-21,"nc","Morgan St.","San Francisco","MEAC","WCC","A","L","64-94",0.0419653130687214,0.739588765971914,0.789142831518436,0.568549132866206,-0.568549132866206,9.6,"played",NA,NA,NA,107,"Q2"
"4416",4416,"Morgan St.San Francisco12-21",2025-12-21,"nc","San Francisco","Morgan St.","WCC","MEAC","H","W","94-64",0.739588765971914,0.0419653130687214,0.87694452176131,0.99389090633261,0.00610909366739021,54,"played",NA,NA,NA,361,"Q4"
"4417",4417,"Murray St.Valparaiso12-21",2025-12-21,"conf","Murray St.","Valparaiso","MVC","MVC","A","W","85-79",0.635707651012394,0.617432819487282,0.789142831518436,0.69869691398021,0.30130308601979,67.4,"played",NA,NA,NA,171,"Q3"
"4418",4418,"Murray St.Valparaiso12-21",2025-12-21,"conf","Valparaiso","Murray St.","MVC","MVC","H","L","79-85",0.617432819487282,0.635707651012394,0.87694452176131,0.803296496851395,-0.803296496851395,57.6,"played",NA,NA,NA,74,"Q2"
"4419",4419,"New HampshireSaint Louis12-21",2025-12-21,"nc","New Hampshire","Saint Louis","AE","A10","A","L","79-93",0.179474847733072,0.934398970437872,0.789142831518436,0.20807868025584,-0.20807868025584,81.7,"played",NA,NA,NA,22,"Q1"
"4420",4420,"New HampshireSaint Louis12-21",2025-12-21,"nc","Saint Louis","New Hampshire","A10","AE","H","W","93-79",0.934398970437872,0.179474847733072,0.87694452176131,0.970220927546977,0.0297790724530229,41,"played",NA,NA,NA,323,"Q4"
"4421",4421,"Nicholls St.Pacific12-21",2025-12-21,"nc","Nicholls St.","Pacific","Slnd","WCC","A","L","82-95",0.298838774145833,0.675830586238256,0.789142831518436,0.642237814640784,-0.642237814640784,29.9,"played",NA,NA,NA,110,"Q2"
"4422",4422,"Nicholls St.Pacific12-21",2025-12-21,"nc","Pacific","Nicholls St.","WCC","Slnd","H","W","95-82",0.675830586238256,0.298838774145833,0.87694452176131,0.943568533420601,0.0564314665793993,67.5,"played",NA,NA,NA,214,"Q4"
"4423",4423,"Norfolk St.UTEP12-21",2025-12-21,"nc","Norfolk St.","UTEP","MEAC","CUSA","A","W","72-71",0.12516166540671,0.346704940492434,0.789142831518436,0.87580832614611,0.12419167385389,45.4,"played",NA,NA,NA,276,"Q4"
"4424",4424,"Norfolk St.UTEP12-21",2025-12-21,"nc","UTEP","Norfolk St.","CUSA","MEAC","H","L","71-72",0.346704940492434,0.12516166540671,0.87694452176131,0.980319327860556,-0.980319327860556,8.4,"played",NA,NA,NA,303,"Q4"
"4425",4425,"North Dakota St.UC Irvine12-21",2025-12-21,"nc","North Dakota St.","UC Irvine","Sum","BW","N","L","73-74",0.604181055996285,0.647327546461626,0.837778001870703,0.73778249099188,-0.73778249099188,53.7,"played",NA,NA,NA,128,"Q3"
"4426",4426,"North Dakota St.UC Irvine12-21",2025-12-21,"nc","UC Irvine","North Dakota St.","BW","Sum","N","W","74-73",0.647327546461626,0.604181055996285,0.837778001870703,0.771864695346948,0.228135304653052,70.8,"played",NA,NA,NA,132,"Q3"
"4427",4427,"North DakotaNebraska12-21",2025-12-21,"nc","Nebraska","North Dakota","B10","Sum","H","W","78-55",0.960111303481749,0.215415619860043,0.87694452176131,0.962902167938933,0.0370978320610666,66.8,"played",NA,NA,NA,282,"Q4"
"4428",4428,"North DakotaNebraska12-21",2025-12-21,"nc","North Dakota","Nebraska","Sum","B10","A","L","55-78",0.215415619860043,0.960111303481749,0.789142831518436,0.134564422606148,-0.134564422606148,76.7,"played",NA,NA,NA,7,"Q1"
"4429",4429,"North FloridaMiami FL12-21",2025-12-21,"nc","Miami FL","North Florida","ACC","ASun","H","W","105-67",0.882624997146115,0.130909333469256,0.87694452176131,0.979300944347944,0.0206990556520561,86.6,"played",NA,NA,NA,341,"Q4"
"4430",4430,"North FloridaMiami FL12-21",2025-12-21,"nc","North Florida","Miami FL","ASun","ACC","A","L","67-105",0.130909333469256,0.882624997146115,0.789142831518436,0.332309029138053,-0.332309029138053,14.9,"played",NA,NA,NA,37,"Q1"
"4431",4431,"Northern ArizonaIncarnate Word12-21",2025-12-21,"nc","Incarnate Word","Northern Arizona","Slnd","BSky","H","W","90-66",0.403222433818588,0.144289047802944,0.87694452176131,0.976885797919125,0.0231142020808752,72.7,"played",NA,NA,NA,318,"Q4"
"4432",4432,"Northern ArizonaIncarnate Word12-21",2025-12-21,"nc","Northern Arizona","Incarnate Word","BSky","Slnd","A","L","66-90",0.144289047802944,0.403222433818588,0.789142831518436,0.847072516115336,-0.847072516115336,4.1,"played",NA,NA,NA,246,"Q4"
"4433",4433,"Oregon St.Arizona St.12-21",2025-12-21,"nc","Arizona St.","Oregon St.","B12","WCC","H","L","75-78",0.764484530115745,0.33310428152549,0.87694452176131,0.934501532774554,-0.934501532774554,30.7,"played",NA,NA,NA,213,"Q4"
"4434",4434,"Oregon St.Arizona St.12-21",2025-12-21,"nc","Oregon St.","Arizona St.","WCC","B12","A","W","78-75",0.33310428152549,0.764484530115745,0.789142831518436,0.535525330246126,0.464474669753874,78.5,"played",NA,NA,NA,93,"Q2"
"4435",4435,"Penn St.Pittsburgh12-21",2025-12-21,"nc","Penn St.","Pittsburgh","B10","ACC","N","L","46-80",0.567294436595223,0.662954168745596,0.837778001870703,0.724181788125405,-0.724181788125405,1.2,"played",NA,NA,NA,121,"Q3"
"4436",4436,"Penn St.Pittsburgh12-21",2025-12-21,"nc","Pittsburgh","Penn St.","ACC","B10","N","W","80-46",0.662954168745596,0.567294436595223,0.837778001870703,0.797536251982784,0.202463748017216,99.5,"played",NA,NA,NA,131,"Q3"
"4437",4437,"PresbyterianManhattan12-21",2025-12-21,"nc","Manhattan","Presbyterian","MAAC","BSth","H","W","87-81",0.199140354213253,0.211694092348146,0.87694452176131,0.96368565745234,0.03631434254766,36.9,"played",NA,NA,NA,258,"Q4"
"4438",4438,"PresbyterianManhattan12-21",2025-12-21,"nc","Presbyterian","Manhattan","BSth","MAAC","A","L","81-87",0.211694092348146,0.199140354213253,0.789142831518436,0.937698454634616,-0.937698454634616,10.2,"played",NA,NA,NA,330,"Q4"
"4439",4439,"Purdue Fort WayneNotre Dame12-21",2025-12-21,"nc","Notre Dame","Purdue Fort Wayne","ACC","Horz","H","L","69-72",0.775906977662226,0.292872856878609,0.87694452176131,0.945074204187965,-0.945074204187965,16.8,"played",NA,NA,NA,210,"Q4"
"4440",4440,"Purdue Fort WayneNotre Dame12-21",2025-12-21,"nc","Purdue Fort Wayne","Notre Dame","Horz","ACC","A","W","72-69",0.292872856878609,0.775906977662226,0.789142831518436,0.519438937310661,0.480561062689339,87.7,"played",NA,NA,NA,81,"Q2"
"4441",4441,"QuinnipiacHofstra12-21",2025-12-21,"nc","Hofstra","Quinnipiac","CAA","MAAC","H","W","74-66",0.699970786275648,0.407246884569133,0.87694452176131,0.912069287849074,0.0879307121509264,62.1,"played",NA,NA,NA,184,"Q4"
"4442",4442,"QuinnipiacHofstra12-21",2025-12-21,"nc","Quinnipiac","Hofstra","MAAC","CAA","A","L","66-74",0.407246884569133,0.699970786275648,0.789142831518436,0.616000755318418,-0.616000755318418,49.4,"played",NA,NA,NA,106,"Q2"
"4443",4443,"Sam Houston St.New Mexico St.12-21",2025-12-21,"conf","New Mexico St.","Sam Houston St.","CUSA","CUSA","H","W","87-78",0.670484002673614,0.562519903891757,0.87694452176131,0.847149015990964,0.152850984009036,92.7,"played",NA,NA,NA,105,"Q3"
"4444",4444,"Sam Houston St.New Mexico St.12-21",2025-12-21,"conf","Sam Houston St.","New Mexico St.","CUSA","CUSA","A","L","78-87",0.562519903891757,0.670484002673614,0.789142831518436,0.64780196307496,-0.64780196307496,17.1,"played",NA,NA,NA,140,"Q3"
"4445",4445,"Southern IllinoisBradley12-21",2025-12-21,"conf","Bradley","Southern Illinois","MVC","MVC","H","W","73-69",0.630393603174275,0.429692892721203,0.87694452176131,0.904383896749159,0.0956161032508414,64.6,"played",NA,NA,NA,143,"Q3"
"4446",4446,"Southern IllinoisBradley12-21",2025-12-21,"conf","Southern Illinois","Bradley","MVC","MVC","A","L","69-73",0.429692892721203,0.630393603174275,0.789142831518436,0.686941833214128,-0.686941833214128,41.3,"played",NA,NA,NA,124,"Q2"
"4447",4447,"SouthernBaylor12-21",2025-12-21,"nc","Baylor","Southern","B12","SWAC","H","W","111-67",0.844844372317854,0.265907681407748,0.87694452176131,0.951629886177392,0.0483701138226084,94.3,"played",NA,NA,NA,278,"Q4"
"4448",4448,"SouthernBaylor12-21",2025-12-21,"nc","Southern","Baylor","SWAC","B12","A","L","67-111",0.265907681407748,0.844844372317854,0.789142831518436,0.407343680053834,-0.407343680053834,10.6,"played",NA,NA,NA,53,"Q1"
"4449",4449,"Stony BrookMarist12-21",2025-12-21,"nc","Marist","Stony Brook","MAAC","CAA","H","W","70-51",0.603367224365608,0.309545341676412,0.87694452176131,0.940813650809901,0.0591863491900992,95.3,"played",NA,NA,NA,234,"Q4"
"4450",4450,"Stony BrookMarist12-21",2025-12-21,"nc","Stony Brook","Marist","CAA","MAAC","A","L","51-70",0.309545341676412,0.603367224365608,0.789142831518436,0.71100112209817,-0.71100112209817,3.3,"played",NA,NA,NA,150,"Q3"
"4451",4451,"UC DavisIdaho St.12-21",2025-12-21,"nc","Idaho St.","UC Davis","BSky","BW","H","L","83-93",0.482382067045718,0.410152855593226,0.87694452176131,0.911100116157902,-0.911100116157902,12.9,"played",NA,NA,NA,176,"Q4"
"4452",4452,"UC DavisIdaho St.12-21",2025-12-21,"nc","UC Davis","Idaho St.","BW","BSky","A","W","93-83",0.410152855593226,0.482382067045718,0.789142831518436,0.800634908501729,0.199365091498271,81.4,"played",NA,NA,NA,174,"Q3"
"4453",4453,"UMass LowellBoston University12-21",2025-12-21,"nc","Boston University","UMass Lowell","Pat","AE","H","W","88-76",0.285090150805246,0.165007692678497,0.87694452176131,0.973018164018987,0.0269818359810133,56.9,"played",NA,NA,NA,319,"Q4"
"4454",4454,"UMass LowellBoston University12-21",2025-12-21,"nc","UMass Lowell","Boston University","AE","Pat","A","L","76-88",0.165007692678497,0.285090150805246,0.789142831518436,0.903707677893,-0.903707677893,5.6,"played",NA,NA,NA,292,"Q4"
"4455",4455,"UMBCSouth Florida12-21",2025-12-21,"nc","South Florida","UMBC","Amer","AE","H","W","94-69",0.827671121247399,0.209748829553563,0.87694452176131,0.96409275773184,0.0359072422681594,86.3,"played",NA,NA,NA,274,"Q4"
"4456",4456,"UMBCSouth Florida12-21",2025-12-21,"nc","UMBC","South Florida","AE","Amer","A","L","69-94",0.209748829553563,0.827671121247399,0.789142831518436,0.437960160751415,-0.437960160751415,16.9,"played",NA,NA,NA,66,"Q1"
"4457",4457,"UNC AshevilleUAB12-21",2025-12-21,"nc","UAB","UNC Asheville","Amer","BSth","H","W","72-47",0.677896014710966,0.274453641199316,0.87694452176131,0.949595279565646,0.0504047204343535,96.2,"played",NA,NA,NA,232,"Q4"
"4458",4458,"UNC AshevilleUAB12-21",2025-12-21,"nc","UNC Asheville","UAB","BSth","Amer","A","L","47-72",0.274453641199316,0.677896014710966,0.789142831518436,0.640065139338454,-0.640065139338454,3.1,"played",NA,NA,NA,122,"Q2"
"4459",4459,"VanderbiltWake Forest12-21",2025-12-21,"nc","Vanderbilt","Wake Forest","SEC","ACC","A","W","98-67",0.928124167770446,0.830188381602287,0.789142831518436,0.433595457149497,0.566404542850503,99.6,"played",NA,NA,NA,67,"Q1"
"4460",4460,"VanderbiltWake Forest12-21",2025-12-21,"nc","Wake Forest","Vanderbilt","ACC","SEC","H","L","67-98",0.830188381602287,0.928124167770446,0.87694452176131,0.355622029564161,-0.355622029564161,20.9,"played",NA,NA,NA,16,"Q1"
"4461",4461,"VMIRadford12-21",2025-12-21,"nc","Radford","VMI","BSth","SC","H","W","97-90",0.361659659316487,0.081180331096308,0.87694452176131,0.987753891098385,0.0122461089016148,13.8,"played",NA,NA,NA,353,"Q4"
"4462",4462,"VMIRadford12-21",2025-12-21,"nc","VMI","Radford","SC","BSth","A","L","90-97",0.081180331096308,0.361659659316487,0.789142831518436,0.868519826317415,-0.868519826317415,23.8,"played",NA,NA,NA,260,"Q4"
"4463",4463,"ClintonWinthrop12-21",2025-12-21,"nond1","Winthrop","Clinton","BSth",NA,"H","W","41-107",NA,NA,NA,NA,0,NA,"played",NA,NA,NA,NA,NA
"4464",4464,"Cumberland (TN)Middle Tennessee12-21",2025-12-21,"nond1","Middle Tennessee","Cumberland (TN)","CUSA",NA,"H","W","58-74",NA,NA,NA,NA,0,NA,"played",NA,NA,NA,NA,NA
"4465",4465,"Holy FamilyDelaware St.12-21",2025-12-21,"nond1","Delaware St.","Holy Family","MEAC",NA,"H","W","61-73",NA,NA,NA,NA,0,NA,"played",NA,NA,NA,NA,NA
"4466",4466,"UC Santa CruzUSC12-21",2025-12-21,"nond1","USC","UC Santa Cruz","B10",NA,"H","W","63-102",NA,NA,NA,NA,0,NA,"played",NA,NA,NA,NA,NA
"4467",4467,"DallasStephen F. Austin12-21",2025-12-21,"nond1","Stephen F. Austin","Dallas","Slnd",NA,"H","W","55-103",NA,NA,NA,NA,0,NA,"played",NA,NA,NA,NA,NA
"4468",4468,"Virginia-LynchburgUNC Greensboro12-21",2025-12-21,"nond1","UNC Greensboro","Virginia-Lynchburg","SC",NA,"H","W","53-131",NA,NA,NA,NA,0,NA,"played",NA,NA,NA,NA,NA
"4469",4469,"RosemontNavy12-21",2025-12-21,"nond1","Navy","Rosemont","Pat",NA,"H","W","23-70",NA,NA,NA,NA,0,NA,"played",NA,NA,NA,NA,NA
"4470",4470,"Penn St. BrandywineMount St. Mary's12-21",2025-12-21,"nond1","Mount St. Mary's","Penn St. Brandywine","MAAC",NA,"H","W","42-73",NA,NA,NA,NA,0,NA,"played",NA,NA,NA,NA,NA
"4471",4471,"Abilene ChristianTexas Southern12-22",2025-12-22,"nc","Abilene Christian","Texas Southern","WAC","SWAC","A","W","75-68",0.25561463996283,0.218447040616154,0.789142831518436,0.930507135168519,0.0694928648314806,28.7,"played",NA,NA,NA,348,"Q4"
"4472",4472,"Abilene ChristianTexas Southern12-22",2025-12-22,"nc","Texas Southern","Abilene Christian","SWAC","WAC","H","L","68-75",0.218447040616154,0.25561463996283,0.87694452176131,0.954029569648245,-0.954029569648245,19.2,"played",NA,NA,NA,241,"Q4"
"4473",4473,"Alabama St.Memphis12-22",2025-12-22,"nc","Alabama St.","Memphis","SWAC","Amer","A","L","67-88",0.161273195651384,0.777847739912943,0.789142831518436,0.516643488894951,-0.516643488894951,13.5,"played",NA,NA,NA,112,"Q2"
"4474",4474,"Alabama St.Memphis12-22",2025-12-22,"nc","Memphis","Alabama St.","Amer","SWAC","H","W","88-67",0.777847739912943,0.161273195651384,0.87694452176131,0.973727114931155,0.026272885068845,81.2,"played",NA,NA,NA,313,"Q4"
"4475",4475,"AmericanVirginia12-22",2025-12-22,"nc","American","Virginia","Pat","ACC","A","L","51-95",0.351681313504199,0.96842400434267,0.789142831518436,0.108756479072216,-0.108756479072216,10.8,"played",NA,NA,NA,13,"Q1"
"4476",4476,"AmericanVirginia12-22",2025-12-22,"nc","Virginia","American","ACC","Pat","H","W","95-51",0.96842400434267,0.351681313504199,0.87694452176131,0.929265785702261,0.0707342142977385,99.3,"played",NA,NA,NA,228,"Q4"
"4477",4477,"Bethune CookmanArizona12-22",2025-12-22,"nc","Arizona","Bethune Cookman","B12","SWAC","H","W","107-71",0.977752465301565,0.251758726760507,0.87694452176131,0.954914569002642,0.0450854309973584,90.8,"played",NA,NA,NA,268,"Q4"
"4478",4478,"Bethune CookmanArizona12-22",2025-12-22,"nc","Bethune Cookman","Arizona","SWAC","B12","A","L","71-107",0.251758726760507,0.977752465301565,0.789142831518436,0.0784743366007909,-0.0784743366007909,60.1,"played",NA,NA,NA,3,"Q1"
"4479",4479,"BryantHigh Point12-22",2025-12-22,"nc","Bryant","High Point","AE","BSth","A","L","47-93",0.0698036017290083,0.756790844012223,0.789142831518436,0.546019695713936,-0.546019695713936,0.3,"played",NA,NA,NA,90,"Q2"
"4480",4480,"BryantHigh Point12-22",2025-12-22,"nc","High Point","Bryant","BSth","AE","H","W","93-47",0.756790844012223,0.0698036017290083,0.87694452176131,0.989579639055569,0.0104203609444309,98.7,"played",NA,NA,NA,345,"Q4"
"4481",4481,"CanisiusDuquesne12-22",2025-12-22,"nc","Canisius","Duquesne","MAAC","A10","A","L","59-103",0.0962828763969484,0.664548733997581,0.789142831518436,0.653879211488026,-0.653879211488026,1.2,"played",NA,NA,NA,155,"Q3"
"4482",4482,"CanisiusDuquesne12-22",2025-12-22,"nc","Duquesne","Canisius","A10","MAAC","H","W","103-59",0.664548733997581,0.0962828763969484,0.87694452176131,0.985270070495874,0.0147299295041264,94.5,"played",NA,NA,NA,342,"Q4"
"4483",4483,"Central MichiganWisconsin12-22",2025-12-22,"nc","Central Michigan","Wisconsin","MAC","B10","A","L","61-88",0.143586134959525,0.913235229454143,0.789142831518436,0.262304234633571,-0.262304234633571,27.8,"played",NA,NA,NA,36,"Q1"
"4484",4484,"Central MichiganWisconsin12-22",2025-12-22,"nc","Wisconsin","Central Michigan","B10","MAC","H","W","88-61",0.913235229454143,0.143586134959525,0.87694452176131,0.977014256827904,0.0229857431720957,82.1,"played",NA,NA,NA,329,"Q4"
"4485",4485,"Coastal CarolinaSaint Joseph's12-22",2025-12-22,"nc","Coastal Carolina","Saint Joseph's","SB","A10","A","W","68-62",0.252170326443001,0.600718255311877,0.789142831518436,0.713267667429442,0.286732332570558,75.4,"played",NA,NA,NA,192,"Q3"
"4486",4486,"Coastal CarolinaSaint Joseph's12-22",2025-12-22,"nc","Saint Joseph's","Coastal Carolina","A10","SB","H","L","62-68",0.600718255311877,0.252170326443001,0.87694452176131,0.954820456841901,-0.954820456841901,14.2,"played",NA,NA,NA,235,"Q4"
"4487",4487,"Coppin St.Georgetown12-22",2025-12-22,"nc","Coppin St.","Georgetown","MEAC","BE","A","L","67-97",0.0259808577725411,0.736066932523059,0.789142831518436,0.573009575192196,-0.573009575192196,3.4,"played",NA,NA,NA,118,"Q2"
"4488",4488,"Coppin St.Georgetown12-22",2025-12-22,"nc","Georgetown","Coppin St.","BE","MEAC","H","W","97-67",0.736066932523059,0.0259808577725411,0.87694452176131,0.996271000581672,0.00372899941832849,68.1,"played",NA,NA,NA,364,"Q4"
"4489",4489,"DavidsonKansas12-22",2025-12-22,"nc","Davidson","Kansas","A10","B12","A","L","61-90",0.541996731296271,0.958273819187545,0.789142831518436,0.140126652159027,-0.140126652159027,23.7,"played",NA,NA,NA,18,"Q1"
"4490",4490,"DavidsonKansas12-22",2025-12-22,"nc","Kansas","Davidson","B12","A10","H","W","90-61",0.958273819187545,0.541996731296271,0.87694452176131,0.857591084116218,0.142408915883782,98.9,"played",NA,NA,NA,119,"Q3"
"4491",4491,"DenverTulsa12-22",2025-12-22,"nc","Denver","Tulsa","Sum","Amer","A","L","85-90",0.263838573314094,0.855650066325967,0.789142831518436,0.387020296107445,-0.387020296107445,73.7,"played",NA,NA,NA,47,"Q1"
"4492",4492,"DenverTulsa12-22",2025-12-22,"nc","Tulsa","Denver","Amer","Sum","H","W","90-85",0.855650066325967,0.263838573314094,0.87694452176131,0.952116681640977,0.0478833183590227,43.1,"played",NA,NA,NA,251,"Q4"
"4493",4493,"East CarolinaNorth Carolina12-22",2025-12-22,"nc","East Carolina","North Carolina","Amer","ACC","A","L","51-99",0.157608291479868,0.914942599410585,0.789142831518436,0.258118902076419,-0.258118902076419,2.5,"played",NA,NA,NA,27,"Q1"
"4494",4494,"East CarolinaNorth Carolina12-22",2025-12-22,"nc","North Carolina","East Carolina","ACC","Amer","H","W","99-51",0.914942599410585,0.157608291479868,0.87694452176131,0.974417735158404,0.0255822648415964,98.8,"played",NA,NA,NA,299,"Q4"
"4495",4495,"Eastern MichiganWright St.12-22",2025-12-22,"nc","Eastern Michigan","Wright St.","MAC","Horz","A","L","64-70",0.375757933331981,0.717548418206008,0.789142831518436,0.595664611268505,-0.595664611268505,58.7,"played",NA,NA,NA,136,"Q3"
"4496",4496,"Eastern MichiganWright St.12-22",2025-12-22,"nc","Wright St.","Eastern Michigan","Horz","MAC","H","W","70-64",0.717548418206008,0.375757933331981,0.87694452176131,0.922112482630347,0.0778875173696529,51.9,"played",NA,NA,NA,179,"Q4"
"4497",4497,"Eastern WashingtonBYU12-22",2025-12-22,"nc","BYU","Eastern Washington","B12","BSky","H","W","109-81",0.943249231571529,0.310791476526984,0.87694452176131,0.940488514720462,0.0595114852795378,83.1,"played",NA,NA,NA,254,"Q4"
"4498",4498,"Eastern WashingtonBYU12-22",2025-12-22,"nc","Eastern Washington","BYU","BSky","B12","A","L","81-109",0.310791476526984,0.943249231571529,0.789142831518436,0.183787432026584,-0.183787432026584,60.3,"played",NA,NA,NA,12,"Q1"
"4499",4499,"Fairleigh DickinsonBoston College12-22",2025-12-22,"nc","Boston College","Fairleigh Dickinson","ACC","NEC","H","W","72-61",0.611273164360049,0.105857899301199,0.87694452176131,0.983658574348393,0.0163414256516066,18.9,"played",NA,NA,NA,339,"Q4"
"4500",4500,"Fairleigh DickinsonBoston College12-22",2025-12-22,"nc","Fairleigh Dickinson","Boston College","NEC","ACC","A","L","61-72",0.105857899301199,0.611273164360049,0.789142831518436,0.704141763062635,-0.704141763062635,44.4,"played",NA,NA,NA,157,"Q3"
"4501",4501,"IllinoisMissouri12-22",2025-12-22,"nc","Illinois","Missouri","B10","SEC","N","W","91-48",0.9592102609895,0.788959429754977,0.837778001870703,0.580085134420163,0.419914865579837,99.8,"played",NA,NA,NA,70,"Q2"
"4502",4502,"IllinoisMissouri12-22",2025-12-22,"nc","Missouri","Illinois","SEC","B10","N","L","48-91",0.788959429754977,0.9592102609895,0.837778001870703,0.180067188210226,-0.180067188210226,13.2,"played",NA,NA,NA,9,"Q1"
"4503",4503,"IU IndyGrand Canyon12-22",2025-12-22,"nc","Grand Canyon","IU Indy","MWC","Horz","H","W","91-78",0.843748589646882,0.178820401046325,0.87694452176131,0.970349240873804,0.0296507591261961,56.8,"played",NA,NA,NA,310,"Q4"
"4504",4504,"IU IndyGrand Canyon12-22",2025-12-22,"nc","IU Indy","Grand Canyon","Horz","MWC","A","L","78-91",0.178820401046325,0.843748589646882,0.789142831518436,0.409357541008259,-0.409357541008259,47.2,"played",NA,NA,NA,86,"Q2"
"4505",4505,"JacksonvilleFlorida St.12-22",2025-12-22,"nc","Florida St.","Jacksonville","ACC","ASun","H","W","87-63",0.714263605095652,0.161966016954007,0.87694452176131,0.973595990398377,0.0264040096016227,92,"played",NA,NA,NA,293,"Q4"
"4506",4506,"JacksonvilleFlorida St.12-22",2025-12-22,"nc","Jacksonville","Florida St.","ASun","ACC","A","L","63-87",0.161966016954007,0.714263605095652,0.789142831518436,0.599548438685226,-0.599548438685226,4.1,"played",NA,NA,NA,115,"Q2"
"4507",4507,"Maryland Eastern ShoreTexas12-22",2025-12-22,"nc","Maryland Eastern Shore","Texas","MEAC","SEC","A","L","71-94",0.112768939573491,0.887271095950039,0.789142831518436,0.322261464403328,-0.322261464403328,35,"played",NA,NA,NA,43,"Q1"
"4508",4508,"Maryland Eastern ShoreTexas12-22",2025-12-22,"nc","Texas","Maryland Eastern Shore","SEC","MEAC","H","W","94-71",0.887271095950039,0.112768939573491,0.87694452176131,0.98247717744524,0.0175228225547599,65,"played",NA,NA,NA,325,"Q4"
"4509",4509,"Mississippi Valley St.West Virginia12-22",2025-12-22,"nc","Mississippi Valley St.","West Virginia","SWAC","B12","A","L","51-86",0.0200041175334786,0.87123425331909,0.789142831518436,0.356141766264973,-0.356141766264973,4.5,"played",NA,NA,NA,59,"Q1"
"4510",4510,"Mississippi Valley St.West Virginia12-22",2025-12-22,"nc","West Virginia","Mississippi Valley St.","B12","SWAC","H","W","86-51",0.87123425331909,0.0200041175334786,0.87694452176131,0.997143844867186,0.00285615513281423,74.6,"played",NA,NA,NA,365,"Q4"
"4511",4511,"New HavenFordham12-22",2025-12-22,"nc","Fordham","New Haven","A10","NEC","H","W","65-47",0.520630114053518,0.109352159726003,0.87694452176131,0.983063190078944,0.0169368099210561,54.8,"played",NA,NA,NA,326,"Q4"
"4512",4512,"New HavenFordham12-22",2025-12-22,"nc","New Haven","Fordham","NEC","A10","A","L","47-65",0.109352159726003,0.520630114053518,0.789142831518436,0.775076087478428,-0.775076087478428,9.9,"played",NA,NA,NA,226,"Q3"
"4513",4513,"NJITButler12-22",2025-12-22,"nc","Butler","NJIT","BE","AE","H","W","101-52",0.858613464070704,0.108362596707915,0.87694452176131,0.983232201292529,0.0167677987074712,99,"played",NA,NA,NA,332,"Q4"
"4514",4514,"NJITButler12-22",2025-12-22,"nc","NJIT","Butler","AE","BE","A","L","52-101",0.108362596707915,0.858613464070704,0.789142831518436,0.381295065510961,-0.381295065510961,0.8,"played",NA,NA,NA,48,"Q1"
"4515",4515,"Norfolk St.UC Irvine12-22",2025-12-22,"nc","Norfolk St.","UC Irvine","MEAC","BW","N","L","70-89",0.164872515944976,0.647327546461626,0.837778001870703,0.73778249099188,-0.73778249099188,7.5,"played",NA,NA,NA,128,"Q3"
"4516",4516,"Norfolk St.UC Irvine12-22",2025-12-22,"nc","UC Irvine","Norfolk St.","BW","MEAC","N","W","89-70",0.647327546461626,0.164872515944976,0.837778001870703,0.963180003718313,0.0368199962816866,81.6,"played",NA,NA,NA,303,"Q4"
"4517",4517,"North Dakota St.UTEP12-22",2025-12-22,"nc","North Dakota St.","UTEP","Sum","CUSA","A","L","66-76",0.525202618458169,0.346704940492434,0.789142831518436,0.87580832614611,-0.87580832614611,14.8,"played",NA,NA,NA,276,"Q4"
"4518",4518,"North Dakota St.UTEP12-22",2025-12-22,"nc","UTEP","North Dakota St.","CUSA","Sum","H","W","76-66",0.346704940492434,0.525202618458169,0.87694452176131,0.865636057338206,0.134363942661794,77.1,"played",NA,NA,NA,132,"Q3"
"4519",4519,"NortheasternRhode Island12-22",2025-12-22,"nc","Northeastern","Rhode Island","CAA","A10","A","L","77-85",0.250737593781546,0.656655293009964,0.789142831518436,0.661803604151082,-0.661803604151082,35.5,"played",NA,NA,NA,133,"Q2"
"4520",4520,"NortheasternRhode Island12-22",2025-12-22,"nc","Rhode Island","Northeastern","A10","CAA","H","W","85-77",0.656655293009964,0.250737593781546,0.87694452176131,0.955147684195681,0.0448523158043189,53.8,"played",NA,NA,NA,249,"Q4"
"4521",4521,"Northern IowaSaint Mary's12-22",2025-12-22,"nc","Northern Iowa","Saint Mary's","MVC","WCC","A","L","58-63",0.62119758035374,0.908833684887652,0.789142831518436,0.272949274196153,-0.272949274196153,88.2,"played",NA,NA,NA,28,"Q1"
"4522",4522,"Northern IowaSaint Mary's12-22",2025-12-22,"nc","Saint Mary's","Northern Iowa","WCC","MVC","H","W","63-58",0.908833684887652,0.62119758035374,0.87694452176131,0.812931803778752,0.187068196221248,68.6,"played",NA,NA,NA,102,"Q3"
"4523",4523,"PortlandUC Santa Barbara12-22",2025-12-22,"nc","Portland","UC Santa Barbara","WCC","BW","A","L","61-79",0.394760979258516,0.641009132198243,0.789142831518436,0.677000142650276,-0.677000142650276,9.7,"played",NA,NA,NA,145,"Q3"
"4524",4524,"PortlandUC Santa Barbara12-22",2025-12-22,"nc","UC Santa Barbara","Portland","BW","WCC","H","W","79-61",0.641009132198243,0.394760979258516,0.87694452176131,0.916150061931773,0.0838499380682269,91.6,"played",NA,NA,NA,215,"Q4"
"4525",4525,"Prairie View A&MLSU12-22",2025-12-22,"nc","LSU","Prairie View A&M","SEC","SWAC","H","W","104-90",0.86991035902452,0.172466558867004,0.87694452176131,0.971586187483802,0.0284138125161976,34.3,"played",NA,NA,NA,296,"Q4"
"4526",4526,"Prairie View A&MLSU12-22",2025-12-22,"nc","Prairie View A&M","LSU","SWAC","SEC","A","L","90-104",0.172466558867004,0.86991035902452,0.789142831518436,0.358840545849542,-0.358840545849542,72.8,"played",NA,NA,NA,50,"Q1"
"4527",4527,"PrincetonTemple12-22",2025-12-22,"nc","Princeton","Temple","Ivy","Amer","A","L","61-65",0.302269000525834,0.639379701297134,0.789142831518436,0.67854505050098,-0.67854505050098,43.2,"played",NA,NA,NA,154,"Q3"
"4528",4528,"PrincetonTemple12-22",2025-12-22,"nc","Temple","Princeton","Amer","Ivy","H","W","65-61",0.639379701297134,0.302269000525834,0.87694452176131,0.942693369093223,0.0573066309067766,50.3,"played",NA,NA,NA,239,"Q4"
"4529",4529,"RiderVCU12-22",2025-12-22,"nc","Rider","VCU","MAAC","A10","A","L","79-100",0.0692807104895986,0.832009910410597,0.789142831518436,0.430411360912575,-0.430411360912575,34,"played",NA,NA,NA,55,"Q1"
"4530",4530,"RiderVCU12-22",2025-12-22,"nc","VCU","Rider","A10","MAAC","H","W","100-79",0.832009910410597,0.0692807104895986,0.87694452176131,0.989662640329338,0.010337359670662,41.7,"played",NA,NA,NA,357,"Q4"
"4531",4531,"Sacramento St.Cal St. Northridge12-22",2025-12-22,"nc","Cal St. Northridge","Sacramento St.","BW","BSky","H","W","100-88",0.543814122124777,0.187290241962568,0.87694452176131,0.96867531291602,0.0313246870839802,41.9,"played",NA,NA,NA,279,"Q4"
"4532",4532,"Sacramento St.Cal St. Northridge12-22",2025-12-22,"nc","Sacramento St.","Cal St. Northridge","BSky","BW","A","L","88-100",0.187290241962568,0.543814122124777,0.789142831518436,0.758424134649901,-0.758424134649901,27.6,"played",NA,NA,NA,209,"Q3"
"4533",4533,"Sacred HeartTowson12-22",2025-12-22,"nc","Sacred Heart","Towson","MAAC","CAA","A","L","47-72",0.185258742802667,0.507727245638924,0.789142831518436,0.783953308037154,-0.783953308037154,2.8,"played",NA,NA,NA,162,"Q3"
"4534",4534,"Sacred HeartTowson12-22",2025-12-22,"nc","Towson","Sacred Heart","CAA","MAAC","H","W","72-47",0.507727245638924,0.185258742802667,0.87694452176131,0.969079449264048,0.0309205507359519,89.1,"played",NA,NA,NA,287,"Q4"
"4535",4535,"San DiegoWashington12-22",2025-12-22,"nc","San Diego","Washington","WCC","B10","A","L","56-86",0.386813607349022,0.850500833069505,0.789142831518436,0.396811542881163,-0.396811542881163,6.8,"played",NA,NA,NA,62,"Q1"
"4536",4536,"San DiegoWashington12-22",2025-12-22,"nc","Washington","San Diego","B10","WCC","H","W","86-56",0.850500833069505,0.386813607349022,0.87694452176131,0.918679146869904,0.081320853130096,98,"played",NA,NA,NA,208,"Q4"
"4537",4537,"SeattleUTSA12-22",2025-12-22,"nc","Seattle","UTSA","WCC","Amer","A","W","71-68",0.605972048235407,0.118500483117376,0.789142831518436,0.96532593406337,0.0346740659366295,24.1,"played",NA,NA,NA,349,"Q4"
"4538",4538,"SeattleUTSA12-22",2025-12-22,"nc","UTSA","Seattle","Amer","WCC","H","L","68-71",0.118500483117376,0.605972048235407,0.87694452176131,0.822502708405666,-0.822502708405666,39.5,"played",NA,NA,NA,114,"Q3"
"4539",4539,"SienaIndiana12-22",2025-12-22,"nc","Indiana","Siena","B10","MAAC","H","W","81-60",0.929075305570624,0.390387146522654,0.87694452176131,0.917548378669134,0.0824516213308657,97.5,"played",NA,NA,NA,172,"Q4"
"4540",4540,"SienaIndiana12-22",2025-12-22,"nc","Siena","Indiana","MAAC","B10","A","L","60-81",0.390387146522654,0.929075305570624,0.789142831518436,0.222214997574681,-0.222214997574681,17.8,"played",NA,NA,NA,38,"Q1"
"4541",4541,"SIU EdwardsvilleWestern Illinois12-22",2025-12-22,"conf","SIU Edwardsville","Western Illinois","OVC","OVC","A","W","66-61",0.222517010562244,0.107692571655567,0.789142831518436,0.968759361171826,0.0312406388281743,12.2,"played",NA,NA,NA,356,"Q4"
"4542",4542,"SIU EdwardsvilleWestern Illinois12-22",2025-12-22,"conf","Western Illinois","SIU Edwardsville","OVC","OVC","H","L","61-66",0.107692571655567,0.222517010562244,0.87694452176131,0.961389918559662,-0.961389918559662,19.9,"played",NA,NA,NA,255,"Q4"
"4543",4543,"South Carolina St.South Carolina12-22",2025-12-22,"nc","South Carolina","South Carolina St.","SEC","MEAC","H","W","95-70",0.817726977948728,0.0507325033248179,0.87694452176131,0.992556422425133,0.00744357757486747,45.5,"played",NA,NA,NA,360,"Q4"
"4544",4544,"South Carolina St.South Carolina12-22",2025-12-22,"nc","South Carolina St.","South Carolina","MEAC","SEC","A","L","70-95",0.0507325033248179,0.817726977948728,0.789142831518436,0.454809537531623,-0.454809537531623,22.3,"played",NA,NA,NA,85,"Q2"
"4545",4545,"StetsonOklahoma12-22",2025-12-22,"nc","Oklahoma","Stetson","SEC","ASun","H","W","107-54",0.795763730228384,0.131178587745499,0.87694452176131,0.979252959192397,0.020747040807603,98.2,"played",NA,NA,NA,327,"Q4"
"4546",4546,"StetsonOklahoma12-22",2025-12-22,"nc","Stetson","Oklahoma","ASun","SEC","A","L","54-107",0.131178587745499,0.795763730228384,0.789142831518436,0.489936745058446,-0.489936745058446,1.1,"played",NA,NA,NA,76,"Q2"
"4547",4547,"StonehillSyracuse12-22",2025-12-22,"nc","Stonehill","Syracuse","NEC","ACC","A","L","48-77",0.0863616106872418,0.839475742553748,0.789142831518436,0.417130023189949,-0.417130023189949,7.7,"played",NA,NA,NA,77,"Q2"
"4548",4548,"StonehillSyracuse12-22",2025-12-22,"nc","Syracuse","Stonehill","ACC","NEC","H","W","77-48",0.839475742553748,0.0863616106872418,0.87694452176131,0.986909609419067,0.0130903905809331,85.6,"played",NA,NA,NA,337,"Q4"
"4549",4549,"UT ArlingtonOral Roberts12-22",2025-12-22,"nc","Oral Roberts","UT Arlington","Sum","WAC","H","L","57-69",0.246336680636335,0.429835729480134,0.87694452176131,0.90433348387365,-0.90433348387365,9.2,"played",NA,NA,NA,123,"Q3"
"4550",4550,"UT ArlingtonOral Roberts12-22",2025-12-22,"nc","UT Arlington","Oral Roberts","WAC","Sum","A","W","69-57",0.429835729480134,0.246336680636335,0.789142831518436,0.919680424700408,0.080319575299592,70.8,"played",NA,NA,NA,317,"Q4"
"4551",4551,"Utah TechCreighton12-22",2025-12-22,"nc","Creighton","Utah Tech","BE","WAC","H","W","92-69",0.853766094479856,0.326398450988887,0.87694452176131,0.936334401660849,0.0636655983391512,88.2,"played",NA,NA,NA,199,"Q4"
"4552",4552,"Utah TechCreighton12-22",2025-12-22,"nc","Utah Tech","Creighton","WAC","BE","A","L","69-92",0.326398450988887,0.853766094479856,0.789142831518436,0.390625558612227,-0.390625558612227,27.5,"played",NA,NA,NA,58,"Q1"
"4553",4553,"West GeorgiaGeorgia12-22",2025-12-22,"nc","Georgia","West Georgia","SEC","ASun","H","W","103-74",0.91600808149171,0.124454025605907,0.87694452176131,0.980443929756687,0.0195560702433134,77.3,"played",NA,NA,NA,322,"Q4"
"4554",4554,"West GeorgiaGeorgia12-22",2025-12-22,"nc","West Georgia","Georgia","ASun","SEC","A","L","74-103",0.124454025605907,0.91600808149171,0.789142831518436,0.255490906957154,-0.255490906957154,31.3,"played",NA,NA,NA,24,"Q1"
"4555",4555,"MilliganMiami OH12-22",2025-12-22,"nond1","Miami OH","Milligan","MAC",NA,"H","W","81-135",NA,NA,NA,NA,0,NA,"played",NA,NA,NA,NA,NA
"4556",4556,"CentenarySaint Peter's12-22",2025-12-22,"nond1","Saint Peter's","Centenary","MAAC",NA,"H","W","50-116",NA,NA,NA,NA,0,NA,"played",NA,NA,NA,NA,NA
"4557",4557,"Williams BaptistLittle Rock12-22",2025-12-22,"nond1","Little Rock","Williams Baptist","OVC",NA,"H","W","84-98",NA,NA,NA,NA,0,NA,"played",NA,NA,NA,NA,NA
"4558",4558,"Dallas ChristianLouisiana Tech12-22",2025-12-22,"nond1","Louisiana Tech","Dallas Christian","CUSA",NA,"H","W","37-90",NA,NA,NA,NA,0,NA,"played",NA,NA,NA,NA,NA
"4559",4559,"DefianceWestern Michigan12-22",2025-12-22,"nond1","Western Michigan","Defiance","MAC",NA,"H","W","57-94",NA,NA,NA,NA,0,NA,"played",NA,NA,NA,NA,NA
"4560",4560,"GreensboroElon12-22",2025-12-22,"nond1","Elon","Greensboro","CAA",NA,"H","W","63-97",NA,NA,NA,NA,0,NA,"played",NA,NA,NA,NA,NA
"4561",4561,"Siena HeightsBowling Green12-22",2025-12-22,"nond1","Bowling Green","Siena Heights","MAC",NA,"H","W","66-125",NA,NA,NA,NA,0,NA,"played",NA,NA,NA,NA,NA
"4562",4562,"Penn St.-BehrendBuffalo12-22",2025-12-22,"nond1","Buffalo","Penn St.-Behrend","MAC",NA,"H","W","63-92",NA,NA,NA,NA,0,NA,"played",NA,NA,NA,NA,NA
"4563",4563,"Lincoln (CA)Weber St.12-22",2025-12-22,"nond1","Weber St.","Lincoln (CA)","BSky",NA,"H","W","64-103",NA,NA,NA,NA,0,NA,"played",NA,NA,NA,NA,NA
"4564",4564,"Northwest (WA)Montana St.12-22",2025-12-22,"nond1","Montana St.","Northwest (WA)","BSky",NA,"H","W","54-93",NA,NA,NA,NA,0,NA,"played",NA,NA,NA,NA,NA
"4565",4565,"Trinity BaptistFIU12-22",2025-12-22,"nond1","FIU","Trinity Baptist","CUSA",NA,"H","W","70-121",NA,NA,NA,NA,0,NA,"played",NA,NA,NA,NA,NA
"4566",4566,"CCNYFairfield12-22",2025-12-22,"nond1","Fairfield","CCNY","MAAC",NA,"H","W","58-121",NA,NA,NA,NA,0,NA,"played",NA,NA,NA,NA,NA
"4567",4567,"UMass BostonMassachusetts12-22",2025-12-22,"nond1","Massachusetts","UMass Boston","MAC",NA,"H","W","40-91",NA,NA,NA,NA,0,NA,"played",NA,NA,NA,NA,NA
"4568",4568,"St. Mary's MDGeorge Washington12-22",2025-12-22,"nond1","George Washington","St. Mary's MD","A10",NA,"H","W","40-97",NA,NA,NA,NA,0,NA,"played",NA,NA,NA,NA,NA
"4569",4569,"ManorWagner12-22",2025-12-22,"nond1","Wagner","Manor","NEC",NA,"H","W","57-74",NA,NA,NA,NA,0,NA,"played",NA,NA,NA,NA,NA
"4570",4570,"Science & Arts Okla.North Texas12-22",2025-12-22,"nond1","North Texas","Science & Arts Okla.","Amer",NA,"H","W","56-109",NA,NA,NA,NA,0,NA,"played",NA,NA,NA,NA,NA
"4571",4571,"East-West U.Eastern Illinois12-22",2025-12-22,"nond1","Eastern Illinois","East-West U.","OVC",NA,"H","W","56-110",NA,NA,NA,NA,0,NA,"played",NA,NA,NA,NA,NA
"4572",4572,"Miami HamiltonOhio12-22",2025-12-22,"nond1","Ohio","Miami Hamilton","MAC",NA,"H","W","59-102",NA,NA,NA,NA,0,NA,"played",NA,NA,NA,NA,NA
"4573",4573,"WhittierSan Diego St.12-22",2025-12-22,"nond1","San Diego St.","Whittier","MWC",NA,"H","W","59-121",NA,NA,NA,NA,0,NA,"played",NA,NA,NA,NA,NA
"4574",4574,"BellarmineKentucky12-23",2025-12-23,"nc","Bellarmine","Kentucky","ASun","SEC","A","L","85-99",0.146521869965627,0.894882969930619,0.789142831518436,0.305370611040222,-0.305370611040222,61.1,"played",NA,NA,NA,31,"Q1"
"4575",4575,"BellarmineKentucky12-23",2025-12-23,"nc","Kentucky","Bellarmine","SEC","ASun","H","W","99-85",0.894882969930619,0.146521869965627,0.87694452176131,0.976476566376086,0.0235234336239143,48.2,"played",NA,NA,NA,291,"Q4"
"4576",4576,"BinghamtonArmy12-23",2025-12-23,"nc","Army","Binghamton","Pat","AE","H","W","95-85",0.208126264319721,0.0455455848513069,0.87694452176131,0.993348470028501,0.00665152997149854,12.9,"played",NA,NA,NA,362,"Q4"
"4577",4577,"BinghamtonArmy12-23",2025-12-23,"nc","Binghamton","Army","AE","Pat","A","L","85-95",0.0455455848513069,0.208126264319721,0.789142831518436,0.934381268827168,-0.934381268827168,7.8,"played",NA,NA,NA,320,"Q4"
"4578",4578,"Florida AtlanticUCF12-23",2025-12-23,"nc","Florida Atlantic","UCF","Amer","B12","N","L","80-85",0.736180651695224,0.824969851641639,0.837778001870703,0.522833803676517,-0.522833803676517,78.8,"played",NA,NA,NA,39,"Q1"
"4579",4579,"Florida AtlanticUCF12-23",2025-12-23,"nc","UCF","Florida Atlantic","B12","Amer","N","W","85-80",0.824969851641639,0.736180651695224,0.837778001870703,0.64921181114253,0.35078818885747,77.9,"played",NA,NA,NA,91,"Q2"
"4580",4580,"Grambling St.Ohio St.12-23",2025-12-23,"nc","Grambling St.","Ohio St.","SWAC","B10","A","L","63-89",0.233559697555641,0.895316100144004,0.789142831518436,0.304393013328042,-0.304393013328042,27.5,"played",NA,NA,NA,35,"Q1"
"4581",4581,"Grambling St.Ohio St.12-23",2025-12-23,"nc","Ohio St.","Grambling St.","B10","SWAC","H","W","89-63",0.895316100144004,0.233559697555641,0.87694452176131,0.958992470941088,0.0410075290589117,87.3,"played",NA,NA,NA,266,"Q4"
"4582",4582,"Green BayCampbell12-23",2025-12-23,"nc","Campbell","Green Bay","CAA","Horz","H","W","102-79",0.480657896699851,0.347484853107807,0.87694452176131,0.93046936539492,0.0695306346050797,79.5,"played",NA,NA,NA,230,"Q4"
"4583",4583,"Green BayCampbell12-23",2025-12-23,"nc","Green Bay","Campbell","Horz","CAA","A","L","79-102",0.347484853107807,0.480657896699851,0.789142831518436,0.801734966102244,-0.801734966102244,11.3,"played",NA,NA,NA,203,"Q3"
"4584",4584,"HarvardSt. John's12-23",2025-12-23,"nc","Harvard","St. John's","Ivy","BE","A","L","59-85",0.3540000459956,0.941505441293299,0.789142831518436,0.188653986484811,-0.188653986484811,43.9,"played",NA,NA,NA,23,"Q1"
"4585",4585,"HarvardSt. John's12-23",2025-12-23,"nc","St. John's","Harvard","BE","Ivy","H","W","85-59",0.941505441293299,0.3540000459956,0.87694452176131,0.928595399712616,0.0714046002873839,91.9,"played",NA,NA,NA,182,"Q4"
"4586",4586,"IdahoCal St. Bakersfield12-23",2025-12-23,"nc","Cal St. Bakersfield","Idaho","BW","BSky","H","W","64-63",0.265483872557692,0.431116462873849,0.87694452176131,0.903880582257921,0.0961194177420787,51.9,"played",NA,NA,NA,158,"Q3"
"4587",4587,"IdahoCal St. Bakersfield12-23",2025-12-23,"nc","Idaho","Cal St. Bakersfield","BSky","BW","A","L","63-64",0.431116462873849,0.265483872557692,0.789142831518436,0.911929432395944,-0.911929432395944,20.3,"played",NA,NA,NA,301,"Q4"
"4588",4588,"LindenwoodMissouri St.12-23",2025-12-23,"nc","Lindenwood","Missouri St.","OVC","CUSA","A","L","65-70",0.294360678016868,0.618345928322213,0.789142831518436,0.697882118549372,-0.697882118549372,33,"played",NA,NA,NA,191,"Q3"
"4589",4589,"LindenwoodMissouri St.12-23",2025-12-23,"nc","Missouri St.","Lindenwood","CUSA","OVC","H","W","70-65",0.618345928322213,0.294360678016868,0.87694452176131,0.944700645022092,0.0552993549779085,57.9,"played",NA,NA,NA,224,"Q4"
"4590",4590,"Morgan St.Loyola Marymount12-23",2025-12-23,"nc","Loyola Marymount","Morgan St.","WCC","MEAC","H","W","83-56",0.569167328627858,0.0419653130687214,0.87694452176131,0.99389090633261,0.00610909366739021,71.6,"played",NA,NA,NA,361,"Q4"
"4591",4591,"Morgan St.Loyola Marymount12-23",2025-12-23,"nc","Morgan St.","Loyola Marymount","MEAC","WCC","A","L","56-83",0.0419653130687214,0.569167328627858,0.789142831518436,0.739103014549339,-0.739103014549339,2.2,"played",NA,NA,NA,170,"Q3"
"4592",4592,"UC RiversideUCLA12-23",2025-12-23,"nc","UC Riverside","UCLA","BW","B10","A","L","65-97",0.201552689174799,0.883383237146971,0.789142831518436,0.330682521038581,-0.330682521038581,19.2,"played",NA,NA,NA,40,"Q1"
"4593",4593,"UC RiversideUCLA12-23",2025-12-23,"nc","UCLA","UC Riverside","B10","BW","H","W","97-65",0.883383237146971,0.201552689174799,0.87694452176131,0.965789939307561,0.0342100606924388,88.9,"played",NA,NA,NA,283,"Q4"
"4594",4594,"VillanovaSeton Hall12-23",2025-12-23,"conf","Seton Hall","Villanova","BE","BE","H","L","56-64",0.873855128810157,0.84811313237523,0.87694452176131,0.560681993494687,-0.560681993494687,44,"played",NA,NA,NA,33,"Q2"
"4595",4595,"VillanovaSeton Hall12-23",2025-12-23,"conf","Villanova","Seton Hall","BE","BE","A","W","64-56",0.84811313237523,0.873855128810157,0.789142831518436,0.350756125662828,0.649243874337172,98,"played",NA,NA,NA,45,"Q1"
"4596",4596,"West Va. TechMarshall12-23",2025-12-23,"nond1","Marshall","West Va. Tech","SB",NA,"H","W","52-102",NA,NA,NA,NA,0,NA,"played",NA,NA,NA,NA,NA
"4597",4597,"Cal St. NorthridgeStanford12-27",2025-12-27,"nc","Cal St. Northridge","Stanford","BW","ACC","A","L","80-88",0.385010418560885,0.825268926203313,0.789142831518436,0.442087360782368,-0.442087360782368,71.7,"played",NA,NA,NA,68,"Q1"
"4598",4598,"Cal St. NorthridgeStanford12-27",2025-12-27,"nc","Stanford","Cal St. Northridge","ACC","BW","H","W","88-80",0.825268926203313,0.385010418560885,0.87694452176131,0.91924578431368,0.0807542156863204,53.9,"played",NA,NA,NA,209,"Q4"
"4599",4599,"ClearyDuquesne12-27",2025-12-27,"nond1","Duquesne","Cleary","A10",NA,"H","W","49-99",NA,NA,NA,NA,0,NA,"played",NA,NA,NA,NA,NA
"4600",4600,"Columbia (SC)UNC Wilmington12-27",2025-12-27,"nond1","UNC Wilmington","Columbia (SC)","CAA",NA,"H","W","56-100",NA,NA,NA,NA,0,NA,"played",NA,NA,NA,NA,NA
"4601",4601,"Cal St. FullertonSMU12-28",2025-12-28,"nc","Cal St. Fullerton","SMU","BW","ACC","A","L","63-110",0.331925225797259,0.916602426915101,0.789142831518436,0.254019532125076,-0.254019532125076,4.5,"played",NA,NA,NA,30,"Q1"
"4602",4602,"Cal St. FullertonSMU12-28",2025-12-28,"nc","SMU","Cal St. Fullerton","ACC","BW","H","W","110-63",0.916602426915101,0.331925225797259,0.87694452176131,0.934825940311833,0.0651740596881669,99.1,"played",NA,NA,NA,200,"Q4"
"4603",4603,"Charleston SouthernRichmond12-28",2025-12-28,"nc","Charleston Southern","Richmond","BSth","A10","A","W","77-72",0.304852499335177,0.660447080764919,0.789142831518436,0.658019120873694,0.341980879126306,82.2,"played",NA,NA,NA,126,"Q2"
"4604",4604,"Charleston SouthernRichmond12-28",2025-12-28,"nc","Richmond","Charleston Southern","A10","BSth","H","L","72-77",0.660447080764919,0.304852499335177,0.87694452176131,0.942029615136421,-0.942029615136421,15.6,"played",NA,NA,NA,219,"Q4"
"4605",4605,"ColumbiaNorth Florida12-28",2025-12-28,"nc","Columbia","North Florida","Ivy","ASun","A","W","90-82",0.408052728218098,0.222890542562906,0.789142831518436,0.928817598328057,0.0711824016719433,34.9,"played",NA,NA,NA,341,"Q4"
"4606",4606,"ColumbiaNorth Florida12-28",2025-12-28,"nc","North Florida","Columbia","ASun","Ivy","H","L","82-90",0.222890542562906,0.408052728218098,0.87694452176131,0.911801277983662,-0.911801277983662,26.9,"played",NA,NA,NA,151,"Q3"
"4607",4607,"Florida A&MGeorgia Tech12-28",2025-12-28,"nc","Florida A&M","Georgia Tech","SWAC","ACC","A","L","65-89",0.193160437433708,0.649662104684215,0.789142831518436,0.668678034087465,-0.668678034087465,4.4,"played",NA,NA,NA,146,"Q3"
"4608",4608,"Florida A&MGeorgia Tech12-28",2025-12-28,"nc","Georgia Tech","Florida A&M","ACC","SWAC","H","W","89-65",0.649662104684215,0.193160437433708,0.87694452176131,0.967498013170315,0.0325019868296846,90.7,"played",NA,NA,NA,307,"Q4"
"4609",4609,"GonzagaPepperdine12-28",2025-12-28,"conf","Gonzaga","Pepperdine","WCC","WCC","A","W","96-56",0.937344159237918,0.346226240798316,0.789142831518436,0.876038094973127,0.123961905026873,98.8,"played",NA,NA,NA,267,"Q4"
"4610",4610,"GonzagaPepperdine12-28",2025-12-28,"conf","Pepperdine","Gonzaga","WCC","WCC","H","L","56-96",0.346226240798316,0.937344159237918,0.87694452176131,0.32265760727251,-0.32265760727251,8.5,"played",NA,NA,NA,4,"Q1"
"4611",4611,"HarvardColgate12-28",2025-12-28,"nc","Colgate","Harvard","Pat","Ivy","H","L","69-78",0.520482639527122,0.3540000459956,0.87694452176131,0.928595399712616,-0.928595399712616,19,"played",NA,NA,NA,182,"Q4"
"4612",4612,"HarvardColgate12-28",2025-12-28,"nc","Harvard","Colgate","Ivy","Pat","A","W","78-69",0.3540000459956,0.520482639527122,0.789142831518436,0.775179083646094,0.224820916353906,71.7,"played",NA,NA,NA,196,"Q3"
"4613",4613,"Le MoyneBoston College12-28",2025-12-28,"nc","Boston College","Le Moyne","ACC","NEC","H","W","72-64",0.611273164360049,0.233859733605385,0.87694452176131,0.958926535914673,0.0410734640853271,44.9,"played",NA,NA,NA,263,"Q4"
"4614",4614,"Le MoyneBoston College12-28",2025-12-28,"nc","Le Moyne","Boston College","NEC","ACC","A","L","64-72",0.233859733605385,0.611273164360049,0.789142831518436,0.704141763062635,-0.704141763062635,37,"played",NA,NA,NA,157,"Q3"
"4615",4615,"LibertyFIU12-28",2025-12-28,"conf","FIU","Liberty","CUSA","CUSA","H","L","94-97",0.568091309363212,0.617063960398147,0.87694452176131,0.815583004897484,-0.815583004897484,58.5,"played",NA,NA,NA,84,"Q3"
"4616",4616,"LibertyFIU12-28",2025-12-28,"conf","Liberty","FIU","CUSA","CUSA","A","W","97-94",0.617063960398147,0.568091309363212,0.789142831518436,0.739948017865934,0.260051982134066,60,"played",NA,NA,NA,198,"Q3"
"4617",4617,"Louisiana MonroeKansas St.12-28",2025-12-28,"nc","Kansas St.","Louisiana Monroe","B12","SB","H","W","94-85",0.787642451679584,0.0612505362259951,0.87694452176131,0.990927418635129,0.0090725813648711,18.8,"played",NA,NA,NA,359,"Q4"
"4618",4618,"Louisiana MonroeKansas St.12-28",2025-12-28,"nc","Louisiana Monroe","Kansas St.","SB","B12","A","L","85-94",0.0612505362259951,0.787642451679584,0.789142831518436,0.502248363029673,-0.502248363029673,51.1,"played",NA,NA,NA,82,"Q2"
"4619",4619,"Nebraska OmahaOregon12-28",2025-12-28,"nc","Nebraska Omaha","Oregon","Sum","B10","A","L","57-80",0.245482919288472,0.81299290274961,0.789142831518436,0.462617524270081,-0.462617524270081,14.6,"played",NA,NA,NA,104,"Q2"
"4620",4620,"Nebraska OmahaOregon12-28",2025-12-28,"nc","Oregon","Nebraska Omaha","B10","Sum","H","W","80-57",0.81299290274961,0.245482919288472,0.87694452176131,0.956339074498325,0.0436609255016746,89.2,"played",NA,NA,NA,281,"Q4"
"4621",4621,"Norfolk St.Louisiana12-28",2025-12-28,"nc","Louisiana","Norfolk St.","SB","MEAC","H","W","63-54",0.233108569263396,0.12516166540671,0.87694452176131,0.980319327860556,0.019680672139444,61.9,"played",NA,NA,NA,303,"Q4"
"4622",4622,"Norfolk St.Louisiana12-28",2025-12-28,"nc","Norfolk St.","Louisiana","MEAC","SB","A","L","54-63",0.12516166540671,0.233108569263396,0.789142831518436,0.924882092909863,-0.924882092909863,2.6,"played",NA,NA,NA,334,"Q4"
"4623",4623,"Northern ColoradoColorado12-28",2025-12-28,"nc","Colorado","Northern Colorado","B12","BSky","H","L","81-86",0.772290823716488,0.441176952284647,0.87694452176131,0.900267043852585,-0.900267043852585,31.7,"played",NA,NA,NA,164,"Q4"
"4624",4624,"Northern ColoradoColorado12-28",2025-12-28,"nc","Northern Colorado","Colorado","BSky","B12","A","W","86-81",0.441176952284647,0.772290823716488,0.789142831518436,0.524598733389019,0.475401266610981,85.2,"played",NA,NA,NA,78,"Q2"
"4625",4625,"Old DominionMaryland12-28",2025-12-28,"nc","Maryland","Old Dominion","B10","SB","H","W","73-58",0.718765491706146,0.270343466440864,0.87694452176131,0.950578683851748,0.0494213161482524,95.5,"played",NA,NA,NA,250,"Q4"
"4626",4626,"Old DominionMaryland12-28",2025-12-28,"nc","Old Dominion","Maryland","SB","B10","A","L","58-73",0.270343466440864,0.718765491706146,0.789142831518436,0.594215563299714,-0.594215563299714,4.3,"played",NA,NA,NA,152,"Q3"
"4627",4627,"PacificSan Diego12-28",2025-12-28,"conf","Pacific","San Diego","WCC","WCC","A","L","54-66",0.522643024911776,0.545701106777343,0.789142831518436,0.75702731189978,-0.75702731189978,7.9,"played",NA,NA,NA,208,"Q3"
"4628",4628,"PacificSan Diego12-28",2025-12-28,"conf","San Diego","Pacific","WCC","WCC","H","W","66-54",0.545701106777343,0.522643024911776,0.87694452176131,0.866825148339616,0.133174851660384,93.9,"played",NA,NA,NA,110,"Q3"
"4629",4629,"PennGeorge Mason12-28",2025-12-28,"nc","George Mason","Penn","A10","Ivy","H","W","83-79",0.758834600748699,0.395413064060764,0.87694452176131,0.915940225457352,0.0840597745426485,55.9,"played",NA,NA,NA,178,"Q4"
"4630",4630,"PennGeorge Mason12-28",2025-12-28,"nc","Penn","George Mason","Ivy","A10","A","L","79-83",0.395413064060764,0.758834600748699,0.789142831518436,0.543257964252141,-0.543257964252141,61.9,"played",NA,NA,NA,63,"Q1"
"4631",4631,"Saint Mary'sLoyola Marymount12-28",2025-12-28,"conf","Loyola Marymount","Saint Mary's","WCC","WCC","H","L","73-78",0.569167328627858,0.839624194120796,0.87694452176131,0.576488293922997,-0.576488293922997,76.8,"played",NA,NA,NA,28,"Q1"
"4632",4632,"Saint Mary'sLoyola Marymount12-28",2025-12-28,"conf","Saint Mary's","Loyola Marymount","WCC","WCC","A","W","78-73",0.839624194120796,0.569167328627858,0.789142831518436,0.739103014549339,0.260896985450661,67.6,"played",NA,NA,NA,170,"Q3"
"4633",4633,"San FranciscoSeattle12-28",2025-12-28,"conf","San Francisco","Seattle","WCC","WCC","A","W","67-59",0.598637247467795,0.74544303723052,0.789142831518436,0.561022355526039,0.438977644473961,91.9,"played",NA,NA,NA,114,"Q2"
"4634",4634,"San FranciscoSeattle12-28",2025-12-28,"conf","Seattle","San Francisco","WCC","WCC","H","L","59-67",0.74544303723052,0.598637247467795,0.87694452176131,0.826929190551848,-0.826929190551848,27.9,"played",NA,NA,NA,107,"Q3"
"4635",4635,"Santa ClaraOregon St.12-28",2025-12-28,"conf","Oregon St.","Santa Clara","WCC","WCC","H","L","64-102",0.48746862199899,0.832662968850565,0.87694452176131,0.588844197277155,-0.588844197277155,4,"played",NA,NA,NA,44,"Q2"
"4636",4636,"Santa ClaraOregon St.12-28",2025-12-28,"conf","Santa Clara","Oregon St.","WCC","WCC","A","W","102-64",0.832662968850565,0.48746862199899,0.789142831518436,0.797364378973173,0.202635621026827,99.1,"played",NA,NA,NA,213,"Q3"
"4637",4637,"Washington St.Portland12-28",2025-12-28,"conf","Portland","Washington St.","WCC","WCC","H","L","62-67",0.553963766133518,0.483069117975872,0.87694452176131,0.884070838462682,-0.884070838462682,29.2,"played",NA,NA,NA,156,"Q3"
"4638",4638,"Washington St.Portland12-28",2025-12-28,"conf","Washington St.","Portland","WCC","WCC","A","W","67-62",0.483069117975872,0.553963766133518,0.789142831518436,0.750834377479532,0.249165622520468,73.8,"played",NA,NA,NA,215,"Q3"
"4639",4639,"WinthropTexas Tech12-28",2025-12-28,"nc","Texas Tech","Winthrop","B12","BSth","H","W","87-57",0.952998790803517,0.429719171865507,0.87694452176131,0.904374623248957,0.095625376751043,99.6,"played",NA,NA,NA,130,"Q3"
"4640",4640,"WinthropTexas Tech12-28",2025-12-28,"nc","Winthrop","Texas Tech","BSth","B12","A","L","57-87",0.429719171865507,0.952998790803517,0.789142831518436,0.155818723619252,-0.155818723619252,5.2,"played",NA,NA,NA,17,"Q1"
"4641",4641,"FiskAustin Peay12-28",2025-12-28,"nond1","Austin Peay","Fisk","ASun",NA,"H","W","59-110",NA,NA,NA,NA,0,NA,"played",NA,NA,NA,NA,NA
"4642",4642,"ArcadiaSaint Joseph's12-28",2025-12-28,"nond1","Saint Joseph's","Arcadia","A10",NA,"H","W","65-87",NA,NA,NA,NA,0,NA,"played",NA,NA,NA,NA,NA
"4643",4643,"Dakota St.North Dakota12-28",2025-12-28,"nond1","North Dakota","Dakota St.","Sum",NA,"H","W","56-88",NA,NA,NA,NA,0,NA,"played",NA,NA,NA,NA,NA
"4644",4644,"PrincipiaSaint Louis12-28",2025-12-28,"nond1","Saint Louis","Principia","A10",NA,"H","W","33-114",NA,NA,NA,NA,0,NA,"played",NA,NA,NA,NA,NA
"4645",4645,"AverettLongwood12-28",2025-12-28,"nond1","Longwood","Averett","BSth",NA,"H","W","49-92",NA,NA,NA,NA,0,NA,"played",NA,NA,NA,NA,NA
"4646",4646,"Biblical Stud. (TX)Sam Houston St.12-28",2025-12-28,"nond1","Sam Houston St.","Biblical Stud. (TX)","CUSA",NA,"H","W","57-117",NA,NA,NA,NA,0,NA,"played",NA,NA,NA,NA,NA
"4647",4647,"Mt. MartySouth Dakota12-28",2025-12-28,"nond1","South Dakota","Mt. Marty","Sum",NA,"H","W","61-85",NA,NA,NA,NA,0,NA,"played",NA,NA,NA,NA,NA
"4648",4648,"Worcester St.Bryant12-28",2025-12-28,"nond1","Bryant","Worcester St.","AE",NA,"H","W","59-95",NA,NA,NA,NA,0,NA,"played",NA,NA,NA,NA,NA
"4649",4649,"Columbia (SC)Georgia St.12-28",2025-12-28,"nond1","Georgia St.","Columbia (SC)","SB",NA,"H","W","72-110",NA,NA,NA,NA,0,NA,"played",NA,NA,NA,NA,NA
"4650",4650,"PfeifferHigh Point12-28",2025-12-28,"nond1","High Point","Pfeiffer","BSth",NA,"H","W","64-123",NA,NA,NA,NA,0,NA,"played",NA,NA,NA,NA,NA
"4651",4651,"Baptist U. (FL)Mercer12-28",2025-12-28,"nond1","Mercer","Baptist U. (FL)","SC",NA,"H","W","49-122",NA,NA,NA,NA,0,NA,"played",NA,NA,NA,NA,NA
"4652",4652,"Cent. Christian Bib.UMKC12-28",2025-12-28,"nond1","UMKC","Cent. Christian Bib.","Sum",NA,"H","W","78-91",NA,NA,NA,NA,0,NA,"played",NA,NA,NA,NA,NA
"4653",4653,"Truett-McConnellPresbyterian12-28",2025-12-28,"nond1","Presbyterian","Truett-McConnell","BSth",NA,"H","W","64-91",NA,NA,NA,NA,0,NA,"played",NA,NA,NA,NA,NA
"4654",4654,"Fort LauderdaleFlorida Gulf Coast12-28",2025-12-28,"nond1","Florida Gulf Coast","Fort Lauderdale","ASun",NA,"H","W","43-84",NA,NA,NA,NA,0,NA,"played",NA,NA,NA,NA,NA
"4655",4655,"Alice LloydMorehead St.12-28",2025-12-28,"nond1","Morehead St.","Alice Lloyd","OVC",NA,"H","W","65-115",NA,NA,NA,NA,0,NA,"played",NA,NA,NA,NA,NA
"4656",4656,"North Central (MN)St. Thomas12-28",2025-12-28,"nond1","St. Thomas","North Central (MN)","Sum",NA,"H","W","59-105",NA,NA,NA,NA,0,NA,"played",NA,NA,NA,NA,NA
"4657",4657,"Union CommonwealthWofford12-28",2025-12-28,"nond1","Wofford","Union Commonwealth","SC",NA,"H","W","54-88",NA,NA,NA,NA,0,NA,"played",NA,NA,NA,NA,NA
"4658",4658,"ShenandoahRadford12-28",2025-12-28,"nond1","Radford","Shenandoah","BSth",NA,"H","W","44-87",NA,NA,NA,NA,0,NA,"played",NA,NA,NA,NA,NA
"4659",4659,"Southwest (NM)New Mexico St.12-28",2025-12-28,"nond1","New Mexico St.","Southwest (NM)","CUSA",NA,"H","W","33-104",NA,NA,NA,NA,0,NA,"played",NA,NA,NA,NA,NA
"4660",4660,"StantonUC San Diego12-28",2025-12-28,"nond1","UC San Diego","Stanton","BW",NA,"H","W","62-85",NA,NA,NA,NA,0,NA,"played",NA,NA,NA,NA,NA
"4661",4661,"Pacific UnionUC Davis12-28",2025-12-28,"nond1","UC Davis","Pacific Union","BW",NA,"H","W","52-108",NA,NA,NA,NA,0,NA,"played",NA,NA,NA,NA,NA
"4662",4662,"Alabama St.Mississippi St.12-29",2025-12-29,"nc","Alabama St.","Mississippi St.","SWAC","SEC","A","L","56-94",0.161273195651384,0.769828564240354,0.789142831518436,0.528076163539221,-0.528076163539221,3.2,"played",NA,NA,NA,99,"Q2"
"4663",4663,"Alabama St.Mississippi St.12-29",2025-12-29,"nc","Mississippi St.","Alabama St.","SEC","SWAC","H","W","94-56",0.769828564240354,0.161273195651384,0.87694452176131,0.973727114931155,0.026272885068845,95.2,"played",NA,NA,NA,313,"Q4"
"4664",4664,"Alcorn St.Mississippi12-29",2025-12-29,"nc","Alcorn St.","Mississippi","SWAC","SEC","A","L","43-79",0.0996439667646336,0.782795445947566,0.789142831518436,0.509432503898883,-0.509432503898883,3.2,"played",NA,NA,NA,87,"Q2"
"4665",4665,"Alcorn St.Mississippi12-29",2025-12-29,"nc","Mississippi","Alcorn St.","SEC","SWAC","H","W","79-43",0.782795445947566,0.0996439667646336,0.87694452176131,0.984707696986526,0.0152923030134736,92.3,"played",NA,NA,NA,351,"Q4"
"4666",4666,"BelmontIndiana St.12-29",2025-12-29,"conf","Belmont","Indiana St.","MVC","MVC","A","L","80-81",0.686175756192134,0.52112194682298,0.789142831518436,0.774732331268569,-0.774732331268569,54.1,"played",NA,NA,NA,205,"Q3"
"4667",4667,"BelmontIndiana St.12-29",2025-12-29,"conf","Indiana St.","Belmont","MVC","MVC","H","W","81-80",0.52112194682298,0.686175756192134,0.87694452176131,0.76521878965505,0.23478121034495,66.8,"played",NA,NA,NA,64,"Q2"
"4668",4668,"Bethune CookmanOklahoma St.12-29",2025-12-29,"nc","Bethune Cookman","Oklahoma St.","SWAC","B12","A","L","77-103",0.251758726760507,0.819344264260517,0.789142831518436,0.452111051323319,-0.452111051323319,22.6,"played",NA,NA,NA,73,"Q1"
"4669",4669,"Bethune CookmanOklahoma St.12-29",2025-12-29,"nc","Oklahoma St.","Bethune Cookman","B12","SWAC","H","W","103-77",0.819344264260517,0.251758726760507,0.87694452176131,0.954914569002642,0.0450854309973584,84,"played",NA,NA,NA,268,"Q4"
"4670",4670,"Cal BaptistUtah Valley12-29",2025-12-29,"conf","Cal Baptist","Utah Valley","WAC","WAC","A","L","66-73",0.540609234029639,0.786139268528895,0.789142831518436,0.50448923133059,-0.50448923133059,67.5,"played",NA,NA,NA,96,"Q2"
"4671",4671,"Cal BaptistUtah Valley12-29",2025-12-29,"conf","Utah Valley","Cal Baptist","WAC","WAC","H","W","73-66",0.786139268528895,0.540609234029639,0.87694452176131,0.858272191250011,0.141727808749989,67.5,"played",NA,NA,NA,120,"Q3"
"4672",4672,"CampbellHofstra12-29",2025-12-29,"conf","Campbell","Hofstra","CAA","CAA","A","L","72-86",0.327073956545687,0.699970786275648,0.789142831518436,0.616000755318418,-0.616000755318418,15.9,"played",NA,NA,NA,106,"Q2"
"4673",4673,"CampbellHofstra12-29",2025-12-29,"conf","Hofstra","Campbell","CAA","CAA","H","W","86-72",0.699970786275648,0.327073956545687,0.87694452176131,0.936151100895773,0.0638488991042273,85.7,"played",NA,NA,NA,203,"Q4"
"4674",4674,"CornellMichigan St.12-29",2025-12-29,"nc","Cornell","Michigan St.","Ivy","B10","A","L","97-114",0.377743777487108,0.96316998011938,0.789142831518436,0.125192612565118,-0.125192612565118,89.4,"played",NA,NA,NA,11,"Q1"
"4675",4675,"CornellMichigan St.12-29",2025-12-29,"nc","Michigan St.","Cornell","B10","Ivy","H","W","114-97",0.96316998011938,0.377743777487108,0.87694452176131,0.921502900364643,0.0784970996353572,65.3,"played",NA,NA,NA,188,"Q4"
"4676",4676,"DartmouthFlorida12-29",2025-12-29,"nc","Dartmouth","Florida","Ivy","SEC","A","L","72-94",0.313883565357004,0.967769745662781,0.789142831518436,0.110826915239594,-0.110826915239594,38.4,"played",NA,NA,NA,14,"Q1"
"4677",4677,"DartmouthFlorida12-29",2025-12-29,"nc","Florida","Dartmouth","SEC","Ivy","H","W","94-72",0.967769745662781,0.313883565357004,0.87694452176131,0.939677619552002,0.060322380447998,95.7,"played",NA,NA,NA,222,"Q4"
"4678",4678,"Delaware St.Rutgers12-29",2025-12-29,"nc","Delaware St.","Rutgers","MEAC","B10","A","L","50-65",0.0497573037483458,0.593817364755892,0.789142831518436,0.719099142122945,-0.719099142122945,7.3,"played",NA,NA,NA,153,"Q3"
"4679",4679,"Delaware St.Rutgers12-29",2025-12-29,"nc","Rutgers","Delaware St.","B10","MEAC","H","W","65-50",0.593817364755892,0.0497573037483458,0.87694452176131,0.99270589963853,0.00729410036147027,49.2,"played",NA,NA,NA,358,"Q4"
"4680",4680,"Detroit MercyYoungstown St.12-29",2025-12-29,"conf","Detroit Mercy","Youngstown St.","Horz","Horz","A","W","73-68",0.268076298487336,0.546812666972655,0.789142831518436,0.756201472941003,0.243798527058997,83.1,"played",NA,NA,NA,221,"Q3"
"4681",4681,"Detroit MercyYoungstown St.12-29",2025-12-29,"conf","Youngstown St.","Detroit Mercy","Horz","Horz","H","L","68-73",0.546812666972655,0.268076298487336,0.87694452176131,0.951117264043805,-0.951117264043805,8.2,"played",NA,NA,NA,273,"Q4"
"4682",4682,"DrexelCharleston12-29",2025-12-29,"conf","Charleston","Drexel","CAA","CAA","H","W","72-63",0.52079730801882,0.350598890322103,0.87694452176131,0.929577423313673,0.0704225766863269,50.2,"played",NA,NA,NA,211,"Q4"
"4683",4683,"DrexelCharleston12-29",2025-12-29,"conf","Drexel","Charleston","CAA","CAA","A","L","63-72",0.350598890322103,0.52079730801882,0.789142831518436,0.774959275716584,-0.774959275716584,36.8,"played",NA,NA,NA,175,"Q3"
"4684",4684,"EvansvilleBradley12-29",2025-12-29,"conf","Bradley","Evansville","MVC","MVC","H","W","76-68",0.630393603174275,0.195465563513328,0.87694452176131,0.967031802152611,0.0329681978473889,27.9,"played",NA,NA,NA,284,"Q4"
"4685",4685,"EvansvilleBradley12-29",2025-12-29,"conf","Evansville","Bradley","MVC","MVC","A","L","68-76",0.195465563513328,0.630393603174275,0.789142831518436,0.686941833214128,-0.686941833214128,51.8,"played",NA,NA,NA,124,"Q2"
"4686",4686,"Fairleigh DickinsonMinnesota12-29",2025-12-29,"nc","Fairleigh Dickinson","Minnesota","NEC","B10","A","L","43-60",0.105857899301199,0.837995134981792,0.789142831518436,0.419793884137052,-0.419793884137052,18.9,"played",NA,NA,NA,83,"Q2"
"4687",4687,"Fairleigh DickinsonMinnesota12-29",2025-12-29,"nc","Minnesota","Fairleigh Dickinson","B10","NEC","H","W","60-43",0.837995134981792,0.105857899301199,0.87694452176131,0.983658574348393,0.0163414256516066,72.5,"played",NA,NA,NA,339,"Q4"
"4688",4688,"Houston ChristianIowa St.12-29",2025-12-29,"nc","Houston Christian","Iowa St.","Slnd","B12","A","L","61-89",0.166904500846973,0.963201567205515,0.789142831518436,0.125095084414269,-0.125095084414269,51.9,"played",NA,NA,NA,6,"Q1"
"4689",4689,"Houston ChristianIowa St.12-29",2025-12-29,"nc","Iowa St.","Houston Christian","B12","Slnd","H","W","89-61",0.963201567205515,0.166904500846973,0.87694452176131,0.972656041762217,0.0273439582377828,82.9,"played",NA,NA,NA,297,"Q4"
"4690",4690,"Illinois St.Drake12-29",2025-12-29,"conf","Drake","Illinois St.","MVC","MVC","H","L","56-73",0.53888123509143,0.699786014575313,0.87694452176131,0.753530147840397,-0.753530147840397,17.1,"played",NA,NA,NA,79,"Q3"
"4691",4691,"Illinois St.Drake12-29",2025-12-29,"conf","Illinois St.","Drake","MVC","MVC","A","W","73-56",0.699786014575313,0.53888123509143,0.789142831518436,0.762045499978807,0.237954500021193,93,"played",NA,NA,NA,166,"Q3"
"4692",4692,"IonaMount St. Mary's12-29",2025-12-29,"conf","Iona","Mount St. Mary's","MAAC","MAAC","A","L","59-66",0.289732912826144,0.282514165173045,0.789142831518436,0.904804899863118,-0.904804899863118,15.2,"played",NA,NA,NA,304,"Q4"
"4693",4693,"IonaMount St. Mary's12-29",2025-12-29,"conf","Mount St. Mary's","Iona","MAAC","MAAC","H","W","66-59",0.282514165173045,0.289732912826144,0.87694452176131,0.945858398301721,0.054141601698279,47.3,"played",NA,NA,NA,218,"Q4"
"4694",4694,"IU IndyCleveland St.12-29",2025-12-29,"conf","Cleveland St.","IU Indy","Horz","Horz","H","W","99-86",0.281782786451229,0.178820401046325,0.87694452176131,0.970349240873804,0.0296507591261961,57.1,"played",NA,NA,NA,310,"Q4"
"4695",4695,"IU IndyCleveland St.12-29",2025-12-29,"conf","IU Indy","Cleveland St.","Horz","Horz","A","L","86-99",0.178820401046325,0.281782786451229,0.789142831518436,0.905115473700407,-0.905115473700407,6,"played",NA,NA,NA,321,"Q4"
"4696",4696,"Jackson St.TCU12-29",2025-12-29,"nc","Jackson St.","TCU","SWAC","B12","A","L","64-115",0.118376704856031,0.865296099885822,0.789142831518436,0.368134924888612,-0.368134924888612,3.3,"played",NA,NA,NA,46,"Q1"
"4697",4697,"Jackson St.TCU12-29",2025-12-29,"nc","TCU","Jackson St.","B12","SWAC","H","W","115-64",0.865296099885822,0.118376704856031,0.87694452176131,0.981507081310067,0.0184929186899327,96.1,"played",NA,NA,NA,347,"Q4"
"4698",4698,"James MadisonArkansas12-29",2025-12-29,"nc","Arkansas","James Madison","SEC","SB","H","W","103-74",0.944779447184236,0.248008473110579,0.87694452176131,0.955768164170376,0.0442318358296244,89.8,"played",NA,NA,NA,244,"Q4"
"4699",4699,"James MadisonArkansas12-29",2025-12-29,"nc","James Madison","Arkansas","SB","SEC","A","L","74-103",0.248008473110579,0.944779447184236,0.789142831518436,0.17948361785422,-0.17948361785422,39,"played",NA,NA,NA,20,"Q1"
"4700",4700,"Kent St.Purdue12-29",2025-12-29,"nc","Kent St.","Purdue","MAC","B10","A","L","60-101",0.481287807626764,0.968858276411217,0.789142831518436,0.107378422298164,-0.107378422298164,18,"played",NA,NA,NA,5,"Q1"
"4701",4701,"Kent St.Purdue12-29",2025-12-29,"nc","Purdue","Kent St.","B10","MAC","H","W","101-60",0.968858276411217,0.481287807626764,0.87694452176131,0.884800030107753,0.115199969892247,99.2,"played",NA,NA,NA,148,"Q3"
"4702",4702,"LamarNorthwestern St.12-29",2025-12-29,"conf","Lamar","Northwestern St.","Slnd","Slnd","A","W","76-61",0.29006579149575,0.284845739227625,0.789142831518436,0.903812007986627,0.0961879920133734,88.1,"played",NA,NA,NA,306,"Q4"
"4703",4703,"LamarNorthwestern St.12-29",2025-12-29,"conf","Northwestern St.","Lamar","Slnd","Slnd","H","L","61-76",0.284845739227625,0.29006579149575,0.87694452176131,0.945775529853966,-0.945775529853966,2.1,"played",NA,NA,NA,220,"Q4"
"4704",4704,"LipscombCincinnati12-29",2025-12-29,"nc","Cincinnati","Lipscomb","B12","ASun","H","W","89-62",0.873465038086542,0.400063738169319,0.87694452176131,0.914433271367804,0.0855667286321963,96.5,"played",NA,NA,NA,160,"Q3"
"4705",4705,"LipscombCincinnati12-29",2025-12-29,"nc","Lipscomb","Cincinnati","ASun","B12","A","L","62-89",0.400063738169319,0.873465038086542,0.789142831518436,0.351561364376916,-0.351561364376916,14.3,"played",NA,NA,NA,72,"Q1"
"4706",4706,"LIUGeorgia12-29",2025-12-29,"nc","Georgia","LIU","SEC","NEC","H","W","89-74",0.91600808149171,0.325501227881235,0.87694452176131,0.936577409173886,0.0634225908261143,57.4,"played",NA,NA,NA,201,"Q4"
"4707",4707,"LIUGeorgia12-29",2025-12-29,"nc","LIU","Georgia","NEC","SEC","A","L","74-89",0.325501227881235,0.91600808149171,0.789142831518436,0.255490906957154,-0.255490906957154,79.6,"played",NA,NA,NA,24,"Q1"
"4708",4708,"ManhattanRider12-29",2025-12-29,"conf","Manhattan","Rider","MAAC","MAAC","A","W","74-71",0.115503480599443,0.124145130175934,0.789142831518436,0.963508975356504,0.0364910246434962,12.6,"played",NA,NA,NA,357,"Q4"
"4709",4709,"ManhattanRider12-29",2025-12-29,"conf","Rider","Manhattan","MAAC","MAAC","H","L","71-74",0.124145130175934,0.115503480599443,0.87694452176131,0.982005422167543,-0.982005422167543,11.4,"played",NA,NA,NA,330,"Q4"
"4710",4710,"MaristQuinnipiac12-29",2025-12-29,"conf","Marist","Quinnipiac","MAAC","MAAC","A","L","58-64",0.444102896546951,0.56676972583644,0.789142831518436,0.740982745235832,-0.740982745235832,31.7,"played",NA,NA,NA,184,"Q3"
"4711",4711,"MaristQuinnipiac12-29",2025-12-29,"conf","Quinnipiac","Marist","MAAC","MAAC","H","W","64-58",0.56676972583644,0.444102896546951,0.87694452176131,0.899197121104733,0.100802878895267,69.2,"played",NA,NA,NA,150,"Q3"
"4712",4712,"McNeese St.Michigan12-29",2025-12-29,"nc","McNeese St.","Michigan","Slnd","B10","A","L","71-112",0.683026270437139,0.98755383780862,0.789142831518436,0.0450428444038855,-0.0450428444038855,29.9,"played",NA,NA,NA,1,"Q1"
"4713",4713,"McNeese St.Michigan12-29",2025-12-29,"nc","Michigan","McNeese St.","B10","Slnd","H","W","112-71",0.98755383780862,0.683026270437139,0.87694452176131,0.767829201135309,0.232170798864691,99.8,"played",NA,NA,NA,57,"Q2"
"4714",4714,"MerrimackSacred Heart12-29",2025-12-29,"conf","Merrimack","Sacred Heart","MAAC","MAAC","A","W","80-72",0.339779292896384,0.302151169708424,0.789142831518436,0.896306351960381,0.103693648039619,68.9,"played",NA,NA,NA,287,"Q4"
"4715",4715,"MerrimackSacred Heart12-29",2025-12-29,"conf","Sacred Heart","Merrimack","MAAC","MAAC","H","L","72-80",0.302151169708424,0.339779292896384,0.87694452176131,0.932647440717921,-0.932647440717921,9.1,"played",NA,NA,NA,217,"Q4"
"4716",4716,"Middle TennesseeHouston12-29",2025-12-29,"nc","Houston","Middle Tennessee","B12","CUSA","H","W","69-60",0.978859960512281,0.617437484215807,0.87694452176131,0.815345086458109,0.184654913541891,87.5,"played",NA,NA,NA,111,"Q3"
"4717",4717,"Middle TennesseeHouston12-29",2025-12-29,"nc","Middle Tennessee","Houston","CUSA","B12","A","L","60-69",0.617437484215807,0.978859960512281,0.789142831518436,0.0747819159995559,-0.0747819159995559,91.4,"played",NA,NA,NA,10,"Q1"
"4718",4718,"Mississippi Valley St.Oklahoma12-29",2025-12-29,"nc","Mississippi Valley St.","Oklahoma","SWAC","SEC","A","L","69-93",0.0200041175334786,0.795763730228384,0.789142831518436,0.489936745058446,-0.489936745058446,25.9,"played",NA,NA,NA,76,"Q2"
"4719",4719,"Mississippi Valley St.Oklahoma12-29",2025-12-29,"nc","Oklahoma","Mississippi Valley St.","SEC","SWAC","H","W","93-69",0.795763730228384,0.0200041175334786,0.87694452176131,0.997143844867186,0.00285615513281423,18.6,"played",NA,NA,NA,365,"Q4"
"4720",4720,"Missouri St.Delaware12-29",2025-12-29,"conf","Delaware","Missouri St.","CUSA","CUSA","H","L","43-61",0.290475626387562,0.459710378911034,0.87694452176131,0.893339623025375,-0.893339623025375,1.7,"played",NA,NA,NA,191,"Q4"
"4721",4721,"Missouri St.Delaware12-29",2025-12-29,"conf","Missouri St.","Delaware","CUSA","CUSA","A","W","61-43",0.459710378911034,0.290475626387562,0.789142831518436,0.901396772388435,0.0986032276115646,95.3,"played",NA,NA,NA,300,"Q4"
"4722",4722,"New HavenVanderbilt12-29",2025-12-29,"nc","New Haven","Vanderbilt","NEC","SEC","A","L","53-96",0.109352159726003,0.960919519146125,0.789142831518436,0.132101847871506,-0.132101847871506,6.8,"played",NA,NA,NA,16,"Q1"
"4723",4723,"New HavenVanderbilt12-29",2025-12-29,"nc","Vanderbilt","New Haven","SEC","NEC","H","W","96-53",0.960919519146125,0.109352159726003,0.87694452176131,0.983063190078944,0.0169368099210561,97.6,"played",NA,NA,NA,326,"Q4"
"4724",4724,"New OrleansUT Rio Grande Valley12-29",2025-12-29,"conf","New Orleans","UT Rio Grande Valley","Slnd","Slnd","A","W","85-69",0.331235610868882,0.55726232666861,0.789142831518436,0.748326675227506,0.251673324772494,90.6,"played",NA,NA,NA,194,"Q3"
"4725",4725,"New OrleansUT Rio Grande Valley12-29",2025-12-29,"conf","UT Rio Grande Valley","New Orleans","Slnd","Slnd","H","L","69-85",0.55726232666861,0.331235610868882,0.87694452176131,0.93501525605322,-0.93501525605322,6.1,"played",NA,NA,NA,231,"Q4"
"4726",4726,"Nicholls St.Texas A&M Corpus Chris12-29",2025-12-29,"conf","Nicholls St.","Texas A&M Corpus Chris","Slnd","Slnd","A","W","76-71",0.298838774145833,0.574962601011334,0.789142831518436,0.734512356833687,0.265487643166313,73.2,"played",NA,NA,NA,181,"Q3"
"4727",4727,"Nicholls St.Texas A&M Corpus Chris12-29",2025-12-29,"conf","Texas A&M Corpus Chris","Nicholls St.","Slnd","Slnd","H","L","71-76",0.574962601011334,0.298838774145833,0.87694452176131,0.943568533420601,-0.943568533420601,17.5,"played",NA,NA,NA,214,"Q4"
"4728",4728,"North Carolina CentralPenn St.12-29",2025-12-29,"nc","North Carolina Central","Penn St.","MEAC","B10","A","L","67-90",0.082756424692227,0.644016964773121,0.789142831518436,0.674129982609513,-0.674129982609513,15.6,"played",NA,NA,NA,131,"Q2"
"4729",4729,"North Carolina CentralPenn St.12-29",2025-12-29,"nc","Penn St.","North Carolina Central","B10","MEAC","H","W","90-67",0.644016964773121,0.082756424692227,0.87694452176131,0.987497925961696,0.0125020740383036,46.9,"played",NA,NA,NA,344,"Q4"
"4730",4730,"NortheasternElon12-29",2025-12-29,"conf","Elon","Northeastern","CAA","CAA","H","W","103-91",0.576866467930946,0.250737593781546,0.87694452176131,0.955147684195681,0.0448523158043189,52.5,"played",NA,NA,NA,249,"Q4"
"4731",4731,"NortheasternElon12-29",2025-12-29,"conf","Northeastern","Elon","CAA","CAA","A","L","91-103",0.250737593781546,0.576866467930946,0.789142831518436,0.732989491121582,-0.732989491121582,29.2,"played",NA,NA,NA,168,"Q3"
"4732",4732,"Northern KentuckyRobert Morris12-29",2025-12-29,"conf","Northern Kentucky","Robert Morris","Horz","Horz","A","W","79-77",0.406379079596688,0.517536678288298,0.789142831518436,0.777229028620444,0.222770971379556,53.5,"played",NA,NA,NA,186,"Q3"
"4733",4733,"Northern KentuckyRobert Morris12-29",2025-12-29,"conf","Robert Morris","Northern Kentucky","Horz","Horz","H","L","77-79",0.517536678288298,0.406379079596688,0.87694452176131,0.91235726676444,-0.91235726676444,39,"played",NA,NA,NA,177,"Q4"
"4734",4734,"OaklandWright St.12-29",2025-12-29,"conf","Oakland","Wright St.","Horz","Horz","A","L","73-88",0.482772141388938,0.717548418206008,0.789142831518436,0.595664611268505,-0.595664611268505,13.3,"played",NA,NA,NA,136,"Q3"
"4735",4735,"OaklandWright St.12-29",2025-12-29,"conf","Wright St.","Oakland","Horz","Horz","H","W","88-73",0.717548418206008,0.482772141388938,0.87694452176131,0.884192673060866,0.115807326939134,93.9,"played",NA,NA,NA,135,"Q3"
"4736",4736,"Prairie View A&MTexas A&M12-29",2025-12-29,"nc","Prairie View A&M","Texas A&M","SWAC","SEC","A","L","82-111",0.172466558867004,0.915550420652576,0.789142831518436,0.256621248205328,-0.256621248205328,18.5,"played",NA,NA,NA,41,"Q1"
"4737",4737,"Prairie View A&MTexas A&M12-29",2025-12-29,"nc","Texas A&M","Prairie View A&M","SEC","SWAC","H","W","111-82",0.915550420652576,0.172466558867004,0.87694452176131,0.971586187483802,0.0284138125161976,90.9,"played",NA,NA,NA,296,"Q4"
"4738",4738,"Purdue Fort WayneMilwaukee12-29",2025-12-29,"conf","Milwaukee","Purdue Fort Wayne","Horz","Horz","H","W","77-55",0.384994055716157,0.292872856878609,0.87694452176131,0.945074204187965,0.054925795812035,97.2,"played",NA,NA,NA,210,"Q4"
"4739",4739,"Purdue Fort WayneMilwaukee12-29",2025-12-29,"conf","Purdue Fort Wayne","Milwaukee","Horz","Horz","A","L","55-77",0.292872856878609,0.384994055716157,0.789142831518436,0.856702814984429,-0.856702814984429,0.7,"played",NA,NA,NA,233,"Q3"
"4740",4740,"QueensAuburn12-29",2025-12-29,"nc","Auburn","Queens","SEC","ASun","H","W","106-65",0.914477539067104,0.358618140773719,0.87694452176131,0.927248717001686,0.0727512829983142,99.5,"played",NA,NA,NA,183,"Q4"
"4741",4741,"QueensAuburn12-29",2025-12-29,"nc","Queens","Auburn","ASun","SEC","A","L","65-106",0.358618140773719,0.914477539067104,0.789142831518436,0.259262066114196,-0.259262066114196,2.7,"played",NA,NA,NA,34,"Q1"
"4742",4742,"Saint Peter'sFairfield12-29",2025-12-29,"conf","Fairfield","Saint Peter's","MAAC","MAAC","H","L","66-70",0.35586849615359,0.312643989802408,0.87694452176131,0.940003404180597,-0.940003404180597,26.8,"played",NA,NA,NA,223,"Q4"
"4743",4743,"Saint Peter'sFairfield12-29",2025-12-29,"conf","Saint Peter's","Fairfield","MAAC","MAAC","A","W","70-66",0.312643989802408,0.35586849615359,0.789142831518436,0.871367911823899,0.128632088176101,40.7,"played",NA,NA,NA,248,"Q4"
"4744",4744,"South Dakota St.Arizona12-29",2025-12-29,"nc","Arizona","South Dakota St.","B12","Sum","H","W","99-71",0.977752465301565,0.37728213329656,0.87694452176131,0.921644883236383,0.0783551167636174,95.3,"played",NA,NA,NA,180,"Q4"
"4745",4745,"South Dakota St.Arizona12-29",2025-12-29,"nc","South Dakota St.","Arizona","Sum","B12","A","L","71-99",0.37728213329656,0.977752465301565,0.789142831518436,0.0784743366007909,-0.0784743366007909,57,"played",NA,NA,NA,3,"Q1"
"4746",4746,"Southern IllinoisMurray St.12-29",2025-12-29,"conf","Murray St.","Southern Illinois","MVC","MVC","H","W","84-81",0.768671365816874,0.429692892721203,0.87694452176131,0.904383896749159,0.0956161032508414,70.2,"played",NA,NA,NA,143,"Q3"
"4747",4747,"Southern IllinoisMurray St.12-29",2025-12-29,"conf","Southern Illinois","Murray St.","MVC","MVC","A","L","81-84",0.429692892721203,0.768671365816874,0.789142831518436,0.52970054022595,-0.52970054022595,51.5,"played",NA,NA,NA,74,"Q1"
"4748",4748,"Southern MissLSU12-29",2025-12-29,"nc","LSU","Southern Miss","SEC","SB","H","W","90-62",0.86991035902452,0.288887976904287,0.87694452176131,0.946068457441536,0.0539315425584639,93.4,"played",NA,NA,NA,236,"Q4"
"4749",4749,"Southern MissLSU12-29",2025-12-29,"nc","Southern Miss","LSU","SB","SEC","A","L","62-90",0.288887976904287,0.86991035902452,0.789142831518436,0.358840545849542,-0.358840545849542,16,"played",NA,NA,NA,50,"Q1"
"4750",4750,"Southern UtahUtah Tech12-29",2025-12-29,"conf","Southern Utah","Utah Tech","WAC","WAC","A","L","66-80",0.206808186371712,0.479891400510013,0.789142831518436,0.802222630355226,-0.802222630355226,20,"played",NA,NA,NA,199,"Q3"
"4751",4751,"Southern UtahUtah Tech12-29",2025-12-29,"conf","Utah Tech","Southern Utah","WAC","WAC","H","W","80-66",0.479891400510013,0.206808186371712,0.87694452176131,0.964705025156547,0.0352949748434535,49,"played",NA,NA,NA,294,"Q4"
"4752",4752,"SouthernIllinois12-29",2025-12-29,"nc","Illinois","Southern","B10","SWAC","H","W","90-55",0.970104643724092,0.265907681407748,0.87694452176131,0.951629886177392,0.0483701138226084,97.7,"played",NA,NA,NA,278,"Q4"
"4753",4753,"SouthernIllinois12-29",2025-12-29,"nc","Southern","Illinois","SWAC","B10","A","L","55-90",0.265907681407748,0.970104643724092,0.789142831518436,0.103406530476857,-0.103406530476857,21.5,"played",NA,NA,NA,9,"Q1"
"4754",4754,"Stephen F. AustinEast Texas A&M12-29",2025-12-29,"conf","East Texas A&M","Stephen F. Austin","Slnd","Slnd","H","L","48-75",0.343115860118082,0.698277000404957,0.87694452176131,0.75485983588986,-0.75485983588986,10,"played",NA,NA,NA,88,"Q3"
"4755",4755,"Stephen F. AustinEast Texas A&M12-29",2025-12-29,"conf","Stephen F. Austin","East Texas A&M","Slnd","Slnd","A","W","75-48",0.698277000404957,0.343115860118082,0.789142831518436,0.877525786598482,0.122474213401518,91.6,"played",NA,NA,NA,277,"Q4"
"4756",4756,"Stony BrookHampton12-29",2025-12-29,"conf","Hampton","Stony Brook","CAA","CAA","H","W","62-59",0.35585106001734,0.309545341676412,0.87694452176131,0.940813650809901,0.0591863491900992,33.4,"played",NA,NA,NA,234,"Q4"
"4757",4757,"Stony BrookHampton12-29",2025-12-29,"conf","Stony Brook","Hampton","CAA","CAA","A","L","59-62",0.309545341676412,0.35585106001734,0.789142831518436,0.871376437514081,-0.871376437514081,33.1,"played",NA,NA,NA,238,"Q3"
"4758",4758,"Tarleton St.UT Arlington12-29",2025-12-29,"conf","Tarleton St.","UT Arlington","WAC","WAC","A","W","69-63",0.400519815714214,0.58940849732773,0.789142831518436,0.722770423127821,0.277229576872179,84.4,"played",NA,NA,NA,123,"Q2"
"4759",4759,"Tarleton St.UT Arlington12-29",2025-12-29,"conf","UT Arlington","Tarleton St.","WAC","WAC","H","L","63-69",0.58940849732773,0.400519815714214,0.87694452176131,0.914284499452316,-0.914284499452316,15,"played",NA,NA,NA,185,"Q4"
"4760",4760,"TowsonWilliam & Mary12-29",2025-12-29,"conf","Towson","William & Mary","CAA","CAA","A","L","70-84",0.35134538872408,0.684495357208954,0.789142831518436,0.633034687260019,-0.633034687260019,21.7,"played",NA,NA,NA,108,"Q2"
"4761",4761,"TowsonWilliam & Mary12-29",2025-12-29,"conf","William & Mary","Towson","CAA","CAA","H","W","84-70",0.684495357208954,0.35134538872408,0.87694452176131,0.929362589848566,0.0706374101514337,80.9,"played",NA,NA,NA,162,"Q4"
"4762",4762,"UMass LowellIowa12-29",2025-12-29,"nc","Iowa","UMass Lowell","B10","AE","H","W","90-62",0.951016965997977,0.165007692678497,0.87694452176131,0.973018164018987,0.0269818359810133,92.9,"played",NA,NA,NA,319,"Q4"
"4763",4763,"UMass LowellIowa12-29",2025-12-29,"nc","UMass Lowell","Iowa","AE","B10","A","L","62-90",0.165007692678497,0.951016965997977,0.789142831518436,0.161610786773865,-0.161610786773865,22.6,"played",NA,NA,NA,21,"Q1"
"4764",4764,"UMBCCoppin St.12-29",2025-12-29,"nc","Coppin St.","UMBC","MEAC","AE","H","L","59-93",0.0483363016192594,0.209748829553563,0.87694452176131,0.96409275773184,-0.96409275773184,0.5,"played",NA,NA,NA,274,"Q4"
"4765",4765,"UMBCCoppin St.12-29",2025-12-29,"nc","UMBC","Coppin St.","AE","MEAC","A","W","93-59",0.209748829553563,0.0483363016192594,0.789142831518436,0.986610377031088,0.0133896229689121,74,"played",NA,NA,NA,364,"Q4"
"4766",4766,"UNC WilmingtonNorth Carolina A&T12-29",2025-12-29,"conf","North Carolina A&T","UNC Wilmington","CAA","CAA","H","L","78-87",0.276662006999724,0.45266192968586,0.87694452176131,0.896016774005065,-0.896016774005065,33.4,"played",NA,NA,NA,109,"Q3"
"4767",4767,"UNC WilmingtonNorth Carolina A&T12-29",2025-12-29,"conf","UNC Wilmington","North Carolina A&T","CAA","CAA","A","W","87-78",0.45266192968586,0.276662006999724,0.789142831518436,0.907278273097433,0.0927217269025665,38.7,"played",NA,NA,NA,270,"Q4"
"4768",4768,"UtahWashington12-29",2025-12-29,"nc","Utah","Washington","B12","B10","A","L","65-74",0.594076360174539,0.850500833069505,0.789142831518436,0.396811542881163,-0.396811542881163,66,"played",NA,NA,NA,62,"Q1"
"4769",4769,"UtahWashington12-29",2025-12-29,"nc","Washington","Utah","B10","B12","H","W","74-65",0.850500833069505,0.594076360174539,0.87694452176131,0.82962411412064,0.17037588587936,81.1,"played",NA,NA,NA,117,"Q3"
"4770",4770,"UTEPLouisiana Tech12-29",2025-12-29,"conf","Louisiana Tech","UTEP","CUSA","CUSA","H","W","75-63",0.333416655235645,0.217959569432829,0.87694452176131,0.962363042817825,0.0376369571821751,78.1,"played",NA,NA,NA,276,"Q4"
"4771",4771,"UTEPLouisiana Tech12-29",2025-12-29,"conf","UTEP","Louisiana Tech","CUSA","CUSA","A","L","63-75",0.217959569432829,0.333416655235645,0.789142831518436,0.882107278744537,-0.882107278744537,3.8,"played",NA,NA,NA,264,"Q4"
"4772",4772,"ValparaisoNorthern Iowa12-29",2025-12-29,"conf","Northern Iowa","Valparaiso","MVC","MVC","H","W","58-48",0.757436564872932,0.458749949196083,0.87694452176131,0.893707567155318,0.106292432844682,79.1,"played",NA,NA,NA,171,"Q4"
"4773",4773,"ValparaisoNorthern Iowa12-29",2025-12-29,"conf","Valparaiso","Northern Iowa","MVC","MVC","A","L","48-58",0.458749949196083,0.757436564872932,0.789142831518436,0.545149141228804,-0.545149141228804,41.1,"played",NA,NA,NA,102,"Q2"
"4774",4774,"Western KentuckyJacksonville St.12-29",2025-12-29,"conf","Jacksonville St.","Western Kentucky","CUSA","CUSA","H","W","78-67",0.444551537137328,0.381373069076346,0.87694452176131,0.920380838248542,0.0796191617514583,88.1,"played",NA,NA,NA,167,"Q4"
"4775",4775,"Western KentuckyJacksonville St.12-29",2025-12-29,"conf","Western Kentucky","Jacksonville St.","CUSA","CUSA","A","L","67-78",0.381373069076346,0.444551537137328,0.789142831518436,0.823824402356089,-0.823824402356089,6.3,"played",NA,NA,NA,245,"Q4"
"4776",4776,"YaleAlabama12-29",2025-12-29,"nc","Alabama","Yale","SEC","Ivy","H","W","102-78",0.954434190116709,0.697398462944221,0.87694452176131,0.755630003204374,0.244369996795626,98.2,"played",NA,NA,NA,61,"Q2"
"4777",4777,"YaleAlabama12-29",2025-12-29,"nc","Yale","Alabama","Ivy","SEC","A","L","78-102",0.697398462944221,0.954434190116709,0.789142831518436,0.151588690123373,-0.151588690123373,46.6,"played",NA,NA,NA,19,"Q1"
"4778",4778,"SUNY CantonNJIT12-29",2025-12-29,"nond1","NJIT","SUNY Canton","AE",NA,"H","W","60-95",NA,NA,NA,NA,0,NA,"played",NA,NA,NA,NA,NA
"4779",4779,"La SierraUNLV12-29",2025-12-29,"nond1","UNLV","La Sierra","MWC",NA,"H","W","47-89",NA,NA,NA,NA,0,NA,"played",NA,NA,NA,NA,NA
"4780",4780,"Benedictine MesaNorthern Arizona12-29",2025-12-29,"nond1","Northern Arizona","Benedictine Mesa","BSky",NA,"H","W","60-112",NA,NA,NA,NA,0,NA,"played",NA,NA,NA,NA,NA
"4781",4781,"Arlington BaptistBaylor12-29",2025-12-29,"nond1","Baylor","Arlington Baptist","B12",NA,"H","W","61-124",NA,NA,NA,NA,0,NA,"played",NA,NA,NA,NA,NA
"4782",4782,"Georgia CollegeSouth Florida12-29",2025-12-29,"nond1","South Florida","Georgia College","Amer",NA,"H","W","50-111",NA,NA,NA,NA,0,NA,"played",NA,NA,NA,NA,NA
"4783",4783,"EarlhamBall St.12-29",2025-12-29,"nond1","Ball St.","Earlham","MAC",NA,"H","W","30-93",NA,NA,NA,NA,0,NA,"played",NA,NA,NA,NA,NA
"4784",4784,"IITIllinois Chicago12-29",2025-12-29,"nond1","Illinois Chicago","IIT","MVC",NA,"H","W","64-102",NA,NA,NA,NA,0,NA,"played",NA,NA,NA,NA,NA
"4785",4785,"MobileSouth Alabama12-29",2025-12-29,"nond1","South Alabama","Mobile","SB",NA,"H","W","52-85",NA,NA,NA,NA,0,NA,"played",NA,NA,NA,NA,NA
"4786",4786,"ElmiraBinghamton12-29",2025-12-29,"nond1","Binghamton","Elmira","AE",NA,"H","W","60-100",NA,NA,NA,NA,0,NA,"played",NA,NA,NA,NA,NA
"4787",4787,"ConcordAkron12-29",2025-12-29,"nond1","Akron","Concord","MAC",NA,"H","W","64-115",NA,NA,NA,NA,0,NA,"played",NA,NA,NA,NA,NA
"4788",4788,"AlbanySouth Carolina12-30",2025-12-30,"nc","Albany","South Carolina","AE","SEC","A","L","67-96",0.187386733437233,0.817726977948728,0.789142831518436,0.454809537531623,-0.454809537531623,12.4,"played",NA,NA,NA,85,"Q2"
"4789",4789,"AlbanySouth Carolina12-30",2025-12-30,"nc","South Carolina","Albany","SEC","AE","H","W","96-67",0.817726977948728,0.187386733437233,0.87694452176131,0.968656075522331,0.0313439244776691,88,"played",NA,NA,NA,309,"Q4"
"4790",4790,"ButlerCreighton12-30",2025-12-30,"conf","Butler","Creighton","BE","BE","A","L","85-89",0.761292597156938,0.853766094479856,0.789142831518436,0.390625558612227,-0.390625558612227,66.5,"played",NA,NA,NA,58,"Q1"
"4791",4791,"ButlerCreighton12-30",2025-12-30,"conf","Creighton","Butler","BE","BE","H","W","89-85",0.853766094479856,0.761292597156938,0.87694452176131,0.690835707123408,0.309164292876592,90.4,"played",NA,NA,NA,48,"Q2"
"4792",4792,"DuquesneDavidson12-30",2025-12-30,"conf","Davidson","Duquesne","A10","A10","H","L","83-89",0.692626171471865,0.509896069293123,0.87694452176131,0.872608167411856,-0.872608167411856,47.4,"played",NA,NA,NA,155,"Q3"
"4793",4793,"DuquesneDavidson12-30",2025-12-30,"conf","Duquesne","Davidson","A10","A10","A","W","89-83",0.509896069293123,0.692626171471865,0.789142831518436,0.624182848539627,0.375817151460373,72.2,"played",NA,NA,NA,119,"Q2"
"4794",4794,"East Tennessee St.The Citadel12-30",2025-12-30,"conf","East Tennessee St.","The Citadel","SC","SC","A","W","74-49",0.448888433472161,0.140154923802397,0.789142831518436,0.958264437000095,0.0417355629999049,88.5,"played",NA,NA,NA,350,"Q4"
"4795",4795,"East Tennessee St.The Citadel12-30",2025-12-30,"conf","The Citadel","East Tennessee St.","SC","SC","H","L","49-74",0.140154923802397,0.448888433472161,0.87694452176131,0.897428314939119,-0.897428314939119,1.7,"played",NA,NA,NA,129,"Q3"
"4796",4796,"Florida St.North Carolina12-30",2025-12-30,"conf","Florida St.","North Carolina","ACC","ACC","A","L","66-79",0.567618274698031,0.914942599410585,0.789142831518436,0.258118902076419,-0.258118902076419,62.8,"played",NA,NA,NA,27,"Q1"
"4797",4797,"Florida St.North Carolina12-30",2025-12-30,"conf","North Carolina","Florida St.","ACC","ACC","H","W","79-66",0.914942599410585,0.567618274698031,0.87694452176131,0.844443407314126,0.155556592685874,89.3,"played",NA,NA,NA,115,"Q3"
"4798",4798,"GonzagaSan Diego12-30",2025-12-30,"conf","Gonzaga","San Diego","WCC","WCC","A","W","99-93",0.937344159237918,0.545701106777343,0.789142831518436,0.75702731189978,0.24297268810022,82.9,"played",NA,NA,NA,208,"Q3"
"4799",4799,"GonzagaSan Diego12-30",2025-12-30,"conf","San Diego","Gonzaga","WCC","WCC","H","L","93-99",0.545701106777343,0.937344159237918,0.87694452176131,0.32265760727251,-0.32265760727251,78.8,"played",NA,NA,NA,4,"Q1"
"4800",4800,"HowardNorthwestern12-30",2025-12-30,"nc","Howard","Northwestern","MEAC","B10","A","L","60-80",0.233389525482971,0.848307220201776,0.789142831518436,0.400923368847485,-0.400923368847485,37.6,"played",NA,NA,NA,69,"Q1"
"4801",4801,"HowardNorthwestern12-30",2025-12-30,"nc","Northwestern","Howard","B10","MEAC","H","W","80-60",0.848307220201776,0.233389525482971,0.87694452176131,0.95902984853669,0.0409701514633097,73.9,"played",NA,NA,NA,252,"Q4"
"4802",4802,"LouisvilleCalifornia12-30",2025-12-30,"conf","California","Louisville","ACC","ACC","H","L","70-90",0.828977030903702,0.927853101372083,0.87694452176131,0.356552099528878,-0.356552099528878,33.3,"played",NA,NA,NA,15,"Q1"
"4803",4803,"LouisvilleCalifornia12-30",2025-12-30,"conf","Louisville","California","ACC","ACC","A","W","90-70",0.927853101372083,0.828977030903702,0.789142831518436,0.435700951290163,0.564299048709837,99.2,"played",NA,NA,NA,60,"Q1"
"4804",4804,"MassachusettsEastern Michigan12-30",2025-12-30,"conf","Eastern Michigan","Massachusetts","MAC","MAC","H","W","80-74",0.534059422473723,0.413278035203541,0.87694452176131,0.910049454018875,0.0899505459811247,58.9,"played",NA,NA,NA,195,"Q4"
"4805",4805,"MassachusettsEastern Michigan12-30",2025-12-30,"conf","Massachusetts","Eastern Michigan","MAC","MAC","A","L","74-80",0.413278035203541,0.534059422473723,0.789142831518436,0.765543748596947,-0.765543748596947,36,"played",NA,NA,NA,179,"Q3"
"4806",4806,"Miami OHBowling Green12-30",2025-12-30,"conf","Bowling Green","Miami OH","MAC","MAC","H","L","83-93",0.717673284740088,0.696611503750518,0.87694452176131,0.756317426282864,-0.756317426282864,21.2,"played",NA,NA,NA,49,"Q2"
"4807",4807,"Miami OHBowling Green12-30",2025-12-30,"conf","Miami OH","Bowling Green","MAC","MAC","A","W","93-83",0.696611503750518,0.717673284740088,0.789142831518436,0.595516196130015,0.404483803869985,95.6,"played",NA,NA,NA,101,"Q2"
"4808",4808,"MilwaukeeWisconsin12-30",2025-12-30,"nc","Milwaukee","Wisconsin","Horz","B10","A","L","60-80",0.247415137782907,0.913235229454143,0.789142831518436,0.262304234633571,-0.262304234633571,22.9,"played",NA,NA,NA,36,"Q1"
"4809",4809,"MilwaukeeWisconsin12-30",2025-12-30,"nc","Wisconsin","Milwaukee","B10","Horz","H","W","80-60",0.913235229454143,0.247415137782907,0.87694452176131,0.955902572692459,0.0440974273075413,92.1,"played",NA,NA,NA,233,"Q4"
"4810",4810,"NevadaColorado St.12-30",2025-12-30,"conf","Colorado St.","Nevada","MWC","MWC","H","L","62-75",0.761948848530048,0.739452783455418,0.87694452176131,0.715181068389696,-0.715181068389696,38.5,"played",NA,NA,NA,65,"Q2"
"4811",4811,"NevadaColorado St.12-30",2025-12-30,"conf","Nevada","Colorado St.","MWC","MWC","A","W","75-62",0.739452783455418,0.761948848530048,0.789142831518436,0.539013660019678,0.460986339980322,93.5,"played",NA,NA,NA,92,"Q2"
"4812",4812,"New HampshireNebraska12-30",2025-12-30,"nc","Nebraska","New Hampshire","B10","AE","H","W","86-55",0.960111303481749,0.179474847733072,0.87694452176131,0.970220927546977,0.0297790724530229,84.5,"played",NA,NA,NA,323,"Q4"
"4813",4813,"New HampshireNebraska12-30",2025-12-30,"nc","New Hampshire","Nebraska","AE","B10","A","L","55-86",0.179474847733072,0.960111303481749,0.789142831518436,0.134564422606148,-0.134564422606148,49.2,"played",NA,NA,NA,7,"Q1"
"4814",4814,"New MexicoBoise St.12-30",2025-12-30,"conf","Boise St.","New Mexico","MWC","MWC","H","W","62-53",0.83001126375618,0.808195778802625,0.87694452176131,0.628428109075613,0.371571890924387,90.4,"played",NA,NA,NA,42,"Q2"
"4815",4815,"New MexicoBoise St.12-30",2025-12-30,"conf","New Mexico","Boise St.","MWC","MWC","A","L","53-62",0.808195778802625,0.83001126375618,0.789142831518436,0.433903907888668,-0.433903907888668,68.7,"played",NA,NA,NA,71,"Q1"
"4816",4816,"Notre DameStanford12-30",2025-12-30,"conf","Notre Dame","Stanford","ACC","ACC","A","W","47-40",0.645182423439833,0.825268926203313,0.789142831518436,0.442087360782368,0.557912639217632,97.3,"played",NA,NA,NA,68,"Q1"
"4817",4817,"Notre DameStanford12-30",2025-12-30,"conf","Stanford","Notre Dame","ACC","ACC","H","L","40-47",0.825268926203313,0.645182423439833,0.87694452176131,0.796713547399044,-0.796713547399044,19.3,"played",NA,NA,NA,81,"Q3"
"4818",4818,"OhioCentral Michigan12-30",2025-12-30,"conf","Central Michigan","Ohio","MAC","MAC","H","L","64-80",0.241994330286212,0.300680871365136,0.87694452176131,0.943099418758103,-0.943099418758103,7.4,"played",NA,NA,NA,216,"Q4"
"4819",4819,"OhioCentral Michigan12-30",2025-12-30,"conf","Ohio","Central Michigan","MAC","MAC","A","W","80-64",0.300680871365136,0.241994330286212,0.789142831518436,0.921401475256222,0.0785985247437777,63.1,"played",NA,NA,NA,329,"Q4"
"4820",4820,"PacificLoyola Marymount12-30",2025-12-30,"conf","Loyola Marymount","Pacific","WCC","WCC","H","W","80-71",0.569167328627858,0.522643024911776,0.87694452176131,0.866825148339616,0.133174851660384,65.2,"played",NA,NA,NA,110,"Q3"
"4821",4821,"PacificLoyola Marymount12-30",2025-12-30,"conf","Pacific","Loyola Marymount","WCC","WCC","A","L","71-80",0.522643024911776,0.569167328627858,0.789142831518436,0.739103014549339,-0.739103014549339,43.6,"played",NA,NA,NA,170,"Q3"
"4822",4822,"PittsburghMiami FL12-30",2025-12-30,"conf","Miami FL","Pittsburgh","ACC","ACC","H","W","76-69",0.882624997146115,0.587700127965515,0.87694452176131,0.83332008576474,0.16667991423526,69.2,"played",NA,NA,NA,121,"Q3"
"4823",4823,"PittsburghMiami FL12-30",2025-12-30,"conf","Pittsburgh","Miami FL","ACC","ACC","A","L","69-76",0.587700127965515,0.882624997146115,0.789142831518436,0.332309029138053,-0.332309029138053,82.7,"played",NA,NA,NA,37,"Q1"
"4824",4824,"Saint Mary'sPepperdine12-30",2025-12-30,"conf","Pepperdine","Saint Mary's","WCC","WCC","H","L","45-72",0.346226240798316,0.839624194120796,0.87694452176131,0.576488293922997,-0.576488293922997,7.1,"played",NA,NA,NA,28,"Q1"
"4825",4825,"Saint Mary'sPepperdine12-30",2025-12-30,"conf","Saint Mary's","Pepperdine","WCC","WCC","A","W","72-45",0.839624194120796,0.346226240798316,0.789142831518436,0.876038094973127,0.123961905026873,97.3,"played",NA,NA,NA,267,"Q4"
"4826",4826,"San Diego St.San Jose St.12-30",2025-12-30,"conf","San Diego St.","San Jose St.","MWC","MWC","A","W","81-68",0.806407529368549,0.426462166380668,0.789142831518436,0.834251951782731,0.165748048217269,75.8,"played",NA,NA,NA,259,"Q4"
"4827",4827,"San Diego St.San Jose St.12-30",2025-12-30,"conf","San Jose St.","San Diego St.","MWC","MWC","H","L","68-81",0.426462166380668,0.806407529368549,0.87694452176131,0.631108325214088,-0.631108325214088,49.7,"played",NA,NA,NA,52,"Q2"
"4828",4828,"San FranciscoOregon St.12-30",2025-12-30,"conf","Oregon St.","San Francisco","WCC","WCC","H","W","70-62",0.48746862199899,0.598637247467795,0.87694452176131,0.826929190551848,0.173070809448152,80.9,"played",NA,NA,NA,107,"Q3"
"4829",4829,"San FranciscoOregon St.12-30",2025-12-30,"conf","San Francisco","Oregon St.","WCC","WCC","A","L","62-70",0.598637247467795,0.48746862199899,0.789142831518436,0.797364378973173,-0.797364378973173,25,"played",NA,NA,NA,213,"Q3"
"4830",4830,"Santa ClaraPortland12-30",2025-12-30,"conf","Portland","Santa Clara","WCC","WCC","H","L","85-92",0.553963766133518,0.832662968850565,0.87694452176131,0.588844197277155,-0.588844197277155,76.2,"played",NA,NA,NA,44,"Q2"
"4831",4831,"Santa ClaraPortland12-30",2025-12-30,"conf","Santa Clara","Portland","WCC","WCC","A","W","92-85",0.832662968850565,0.553963766133518,0.789142831518436,0.750834377479532,0.249165622520468,65.9,"played",NA,NA,NA,215,"Q3"
"4832",4832,"Seton HallMarquette12-30",2025-12-30,"conf","Marquette","Seton Hall","BE","BE","H","L","73-79",0.679338014949704,0.784391079417502,0.87694452176131,0.662032950990562,-0.662032950990562,73.4,"played",NA,NA,NA,45,"Q2"
"4833",4833,"Seton HallMarquette12-30",2025-12-30,"conf","Seton Hall","Marquette","BE","BE","A","W","79-73",0.784391079417502,0.679338014949704,0.789142831518436,0.638540499954744,0.361459500045256,73.7,"played",NA,NA,NA,142,"Q3"
"4834",4834,"South Carolina St.Tennessee12-30",2025-12-30,"nc","South Carolina St.","Tennessee","MEAC","SEC","A","L","54-105",0.0507325033248179,0.951108153148531,0.789142831518436,0.161345502513521,-0.161345502513521,7.9,"played",NA,NA,NA,26,"Q1"
"4835",4835,"South Carolina St.Tennessee12-30",2025-12-30,"nc","Tennessee","South Carolina St.","SEC","MEAC","H","W","105-54",0.951108153148531,0.0507325033248179,0.87694452176131,0.992556422425133,0.00744357757486747,92.4,"played",NA,NA,NA,360,"Q4"
"4836",4836,"Southeastern LouisianaIncarnate Word12-30",2025-12-30,"conf","Incarnate Word","Southeastern Louisiana","Slnd","Slnd","H","W","79-70",0.403222433818588,0.210763265088124,0.87694452176131,0.963880666391084,0.0361193336089162,47.8,"played",NA,NA,NA,288,"Q4"
"4837",4837,"Southeastern LouisianaIncarnate Word12-30",2025-12-30,"conf","Southeastern Louisiana","Incarnate Word","Slnd","Slnd","A","L","70-79",0.210763265088124,0.403222433818588,0.789142831518436,0.847072516115336,-0.847072516115336,16.5,"played",NA,NA,NA,246,"Q4"
"4838",4838,"TempleCharlotte12-30",2025-12-30,"conf","Charlotte","Temple","Amer","Amer","H","L","73-76",0.567723178537992,0.482165271889948,0.87694452176131,0.884441310768963,-0.884441310768963,27.2,"played",NA,NA,NA,154,"Q3"
"4839",4839,"TempleCharlotte12-30",2025-12-30,"conf","Temple","Charlotte","Amer","Amer","A","W","76-73",0.482165271889948,0.567723178537992,0.789142831518436,0.740236588946491,0.259763411053509,76.6,"played",NA,NA,NA,173,"Q3"
"4840",4840,"Tennessee St.Tennessee Tech12-30",2025-12-30,"conf","Tennessee St.","Tennessee Tech","OVC","OVC","A","W","88-76",0.211923958515258,0.15372993043803,0.789142831518436,0.953708845262442,0.0462911547375577,53.6,"played",NA,NA,NA,331,"Q4"
"4841",4841,"Tennessee St.Tennessee Tech12-30",2025-12-30,"conf","Tennessee Tech","Tennessee St.","OVC","OVC","H","L","76-88",0.15372993043803,0.211923958515258,0.87694452176131,0.963637441578405,-0.963637441578405,4.1,"played",NA,NA,NA,229,"Q4"
"4842",4842,"Utah St.Fresno St.12-30",2025-12-30,"conf","Fresno St.","Utah St.","MWC","MWC","H","L","63-72",0.639155744766348,0.849238029418344,0.87694452176131,0.558523317336614,-0.558523317336614,48.5,"played",NA,NA,NA,25,"Q1"
"4843",4843,"Utah St.Fresno St.12-30",2025-12-30,"conf","Utah St.","Fresno St.","MWC","MWC","A","W","72-63",0.849238029418344,0.639155744766348,0.789142831518436,0.678756847319588,0.321243152680412,91.4,"played",NA,NA,NA,139,"Q3"
"4844",4844,"VermontPrinceton12-30",2025-12-30,"nc","Princeton","Vermont","Ivy","AE","H","W","75-69",0.452029450467109,0.297392585715157,0.87694452176131,0.943935425917984,0.0560645740820156,56,"played",NA,NA,NA,207,"Q4"
"4845",4845,"VermontPrinceton12-30",2025-12-30,"nc","Vermont","Princeton","AE","Ivy","A","L","69-75",0.297392585715157,0.452029450467109,0.789142831518436,0.819393021194762,-0.819393021194762,21.5,"played",NA,NA,NA,239,"Q3"
"4846",4846,"Washington St.Seattle12-30",2025-12-30,"conf","Seattle","Washington St.","WCC","WCC","H","W","69-55",0.74544303723052,0.483069117975872,0.87694452176131,0.884070838462682,0.115929161537318,89,"played",NA,NA,NA,156,"Q3"
"4847",4847,"Washington St.Seattle12-30",2025-12-30,"conf","Washington St.","Seattle","WCC","WCC","A","L","55-69",0.483069117975872,0.74544303723052,0.789142831518436,0.561022355526039,-0.561022355526039,25.2,"played",NA,NA,NA,114,"Q2"
"4848",4848,"Western MichiganToledo12-30",2025-12-30,"conf","Toledo","Western Michigan","MAC","MAC","H","W","84-79",0.565070766531367,0.256976620663072,0.87694452176131,0.953715171476899,0.0462848285231012,29.2,"played",NA,NA,NA,256,"Q4"
"4849",4849,"Western MichiganToledo12-30",2025-12-30,"conf","Western Michigan","Toledo","MAC","MAC","A","L","79-84",0.256976620663072,0.565070766531367,0.789142831518436,0.742307911949207,-0.742307911949207,52.1,"played",NA,NA,NA,169,"Q3"
"4850",4850,"WyomingAir Force12-30",2025-12-30,"conf","Air Force","Wyoming","MWC","MWC","H","L","56-68",0.183685442633759,0.628540397083757,0.87694452176131,0.80812121966831,-0.80812121966831,20.5,"played",NA,NA,NA,100,"Q3"
"4851",4851,"WyomingAir Force12-30",2025-12-30,"conf","Wyoming","Air Force","MWC","MWC","A","W","68-56",0.628540397083757,0.183685442633759,0.789142831518436,0.943285622791657,0.0567143772083434,59.7,"played",NA,NA,NA,336,"Q4"
"4852",4852,"Huston-TillotsonTexas Southern12-30",2025-12-30,"nond1","Texas Southern","Huston-Tillotson","SWAC",NA,"H","W","56-80",NA,NA,NA,NA,0,NA,"played",NA,NA,NA,NA,NA
"4853",4853,"Penn St. BrandywineMorgan St.12-30",2025-12-30,"nond1","Morgan St.","Penn St. Brandywine","MEAC",NA,"H","W","55-92",NA,NA,NA,NA,0,NA,"played",NA,NA,NA,NA,NA
"4854",4854,"FiskAlabama A&M12-30",2025-12-30,"nond1","Alabama A&M","Fisk","SWAC",NA,"H","W","58-90",NA,NA,NA,NA,0,NA,"played",NA,NA,NA,NA,NA
"4855",4855,"Me.-Fort KentMaine12-30",2025-12-30,"nond1","Maine","Me.-Fort Kent","AE",NA,"H","W","66-104",NA,NA,NA,NA,0,NA,"played",NA,NA,NA,NA,NA
"4856",4856,"CentenaryGrambling St.12-30",2025-12-30,"nond1","Grambling St.","Centenary","SWAC",NA,"H","W","58-90",NA,NA,NA,NA,0,NA,"played",NA,NA,NA,NA,NA
"4857",4857,"Lincoln (CA)Long Beach St.12-30",2025-12-30,"nond1","Long Beach St.","Lincoln (CA)","BW",NA,"H","W","66-113",NA,NA,NA,NA,0,NA,"played",NA,NA,NA,NA,NA
"4858",4858,"Arkansas TechArkansas St.12-30",2025-12-30,"nond1","Arkansas St.","Arkansas Tech","SB",NA,"H","W","63-107",NA,NA,NA,NA,0,NA,"played",NA,NA,NA,NA,NA
"4859",4859,"Appalachian St.Old Dominion12-31",2025-12-31,"conf","Appalachian St.","Old Dominion","SB","SB","A","W","81-73",0.322413113123934,0.413664087476716,0.789142831518436,0.841389735962245,0.158610264037755,86.8,"played",NA,NA,NA,250,"Q4"
"4860",4860,"Appalachian St.Old Dominion12-31",2025-12-31,"conf","Old Dominion","Appalachian St.","SB","SB","H","L","73-81",0.413664087476716,0.322413113123934,0.87694452176131,0.937409842186305,-0.937409842186305,4.8,"played",NA,NA,NA,212,"Q4"
"4861",4861,"ArmyLehigh12-31",2025-12-31,"conf","Army","Lehigh","Pat","Pat","A","W","85-78",0.121286957424866,0.26032083125622,0.789142831518436,0.914045954914765,0.0859540450852349,43.9,"played",NA,NA,NA,298,"Q4"
"4862",4862,"ArmyLehigh12-31",2025-12-31,"conf","Lehigh","Army","Pat","Pat","H","L","78-85",0.26032083125622,0.121286957424866,0.87694452176131,0.980999516370392,-0.980999516370392,5.9,"played",NA,NA,NA,320,"Q4"
"4863",4863,"Boston UniversityNavy12-31",2025-12-31,"conf","Boston University","Navy","Pat","Pat","A","L","77-82",0.173160301084916,0.465453988539404,0.789142831518436,0.811252761824176,-0.811252761824176,24.1,"played",NA,NA,NA,193,"Q3"
"4864",4864,"Boston UniversityNavy12-31",2025-12-31,"conf","Navy","Boston University","Pat","Pat","H","W","82-77",0.465453988539404,0.173160301084916,0.87694452176131,0.97145190396275,0.0285480960372501,36.4,"played",NA,NA,NA,292,"Q4"
"4865",4865,"BucknellHoly Cross12-31",2025-12-31,"conf","Bucknell","Holy Cross","Pat","Pat","A","L","58-65",0.127187121287998,0.203196040881925,0.789142831518436,0.936207636608896,-0.936207636608896,6.3,"played",NA,NA,NA,314,"Q4"
"4866",4866,"BucknellHoly Cross12-31",2025-12-31,"conf","Holy Cross","Bucknell","Pat","Pat","H","W","65-58",0.203196040881925,0.127187121287998,0.87694452176131,0.979961742807954,0.0200382571920457,35.5,"played",NA,NA,NA,333,"Q4"
"4867",4867,"BuffaloNorthern Illinois12-31",2025-12-31,"conf","Buffalo","Northern Illinois","MAC","MAC","A","W","81-67",0.387632809783295,0.231423124479628,0.789142831518436,0.925536135207541,0.0744638647924589,67.5,"played",NA,NA,NA,312,"Q4"
"4868",4868,"BuffaloNorthern Illinois12-31",2025-12-31,"conf","Northern Illinois","Buffalo","MAC","MAC","H","L","67-81",0.231423124479628,0.387632809783295,0.87694452176131,0.918420848754699,-0.918420848754699,8.4,"played",NA,NA,NA,165,"Q4"
"4869",4869,"CampbellMonmouth12-31",2025-12-31,"conf","Campbell","Monmouth","CAA","CAA","A","W","68-65",0.327073956545687,0.470690741874601,0.789142831518436,0.808011054668748,0.191988945331252,48.4,"played",NA,NA,NA,204,"Q3"
"4870",4870,"CampbellMonmouth12-31",2025-12-31,"conf","Monmouth","Campbell","CAA","CAA","H","L","65-68",0.470690741874601,0.327073956545687,0.87694452176131,0.936151100895773,-0.936151100895773,31.6,"played",NA,NA,NA,203,"Q4"
"4871",4871,"Charleston SouthernGardner Webb12-31",2025-12-31,"conf","Charleston Southern","Gardner Webb","BSth","BSth","A","W","89-79",0.304852499335177,0.0575179811498203,0.789142831518436,0.983955042501081,0.016044957498919,8.9,"played",NA,NA,NA,363,"Q4"
"4872",4872,"Charleston SouthernGardner Webb12-31",2025-12-31,"conf","Gardner Webb","Charleston Southern","BSth","BSth","H","L","79-89",0.0575179811498203,0.304852499335177,0.87694452176131,0.942029615136421,-0.942029615136421,21.5,"played",NA,NA,NA,219,"Q4"
"4873",4873,"CharlestonElon12-31",2025-12-31,"conf","Charleston","Elon","CAA","CAA","A","W","85-81",0.363361259870032,0.576866467930946,0.789142831518436,0.732989491121582,0.267010508878418,80.4,"played",NA,NA,NA,168,"Q3"
"4874",4874,"CharlestonElon12-31",2025-12-31,"conf","Elon","Charleston","CAA","CAA","H","L","81-85",0.576866467930946,0.363361259870032,0.87694452176131,0.92584938839268,-0.92584938839268,16,"played",NA,NA,NA,175,"Q4"
"4875",4875,"ClemsonSyracuse12-31",2025-12-31,"conf","Clemson","Syracuse","ACC","ACC","A","W","64-61",0.887421585948118,0.839475742553748,0.789142831518436,0.417130023189949,0.582869976810051,92.7,"played",NA,NA,NA,77,"Q2"
"4876",4876,"ClemsonSyracuse12-31",2025-12-31,"conf","Syracuse","Clemson","ACC","ACC","H","L","61-64",0.839475742553748,0.887421585948118,0.87694452176131,0.474805920858777,-0.474805920858777,76.4,"played",NA,NA,NA,32,"Q2"
"4877",4877,"ColgateLafayette12-31",2025-12-31,"conf","Colgate","Lafayette","Pat","Pat","A","W","85-77",0.363069644263239,0.247759908493423,0.789142831518436,0.919113429490502,0.0808865705094981,38.8,"played",NA,NA,NA,328,"Q4"
"4878",4878,"ColgateLafayette12-31",2025-12-31,"conf","Lafayette","Colgate","Pat","Pat","H","L","77-85",0.247759908493423,0.363069644263239,0.87694452176131,0.925935900293245,-0.925935900293245,22.9,"played",NA,NA,NA,196,"Q4"
"4879",4879,"ConnecticutXavier12-31",2025-12-31,"conf","Connecticut","Xavier","BE","BE","A","W","90-67",0.948353630627273,0.780139218822579,0.789142831518436,0.513318973154326,0.486681026845674,99.3,"played",NA,NA,NA,94,"Q2"
"4880",4880,"ConnecticutXavier12-31",2025-12-31,"conf","Xavier","Connecticut","BE","BE","H","L","67-90",0.780139218822579,0.948353630627273,0.87694452176131,0.279589420810512,-0.279589420810512,30.2,"played",NA,NA,NA,8,"Q1"
"4881",4881,"DePaulVillanova12-31",2025-12-31,"conf","DePaul","Villanova","BE","BE","A","L","66-71",0.57837139577554,0.914034335117992,0.789142831518436,0.260349308981246,-0.260349308981246,89.6,"played",NA,NA,NA,33,"Q1"
"4882",4882,"DePaulVillanova12-31",2025-12-31,"conf","Villanova","DePaul","BE","BE","H","W","71-66",0.914034335117992,0.57837139577554,0.87694452176131,0.838582265959197,0.161417734040803,62.8,"played",NA,NA,NA,113,"Q3"
"4883",4883,"DrexelUNC Wilmington12-31",2025-12-31,"conf","Drexel","UNC Wilmington","CAA","CAA","A","L","53-65",0.350598890322103,0.611618585583143,0.789142831518436,0.703838784355614,-0.703838784355614,12,"played",NA,NA,NA,109,"Q2"
"4884",4884,"DrexelUNC Wilmington12-31",2025-12-31,"conf","UNC Wilmington","Drexel","CAA","CAA","H","W","65-53",0.611618585583143,0.350598890322103,0.87694452176131,0.929577423313673,0.0704225766863269,86.2,"played",NA,NA,NA,211,"Q4"
"4885",4885,"FordhamDayton12-31",2025-12-31,"conf","Dayton","Fordham","A10","A10","H","W","63-56",0.806502743818976,0.363206300265358,0.87694452176131,0.925895367207,0.0741046327929997,73.4,"played",NA,NA,NA,226,"Q4"
"4886",4886,"FordhamDayton12-31",2025-12-31,"conf","Fordham","Dayton","A10","A10","A","L","56-63",0.363206300265358,0.806502743818976,0.789142831518436,0.473106576585408,-0.473106576585408,46.3,"played",NA,NA,NA,80,"Q2"
"4887",4887,"George MasonLa Salle12-31",2025-12-31,"conf","George Mason","La Salle","A10","A10","A","W","80-75",0.622989999921908,0.503258861337018,0.789142831518436,0.786965573726056,0.213034426273944,50.2,"played",NA,NA,NA,227,"Q3"
"4888",4888,"George MasonLa Salle12-31",2025-12-31,"conf","La Salle","George Mason","A10","A10","H","L","75-80",0.503258861337018,0.622989999921908,0.87694452176131,0.811769579931046,-0.811769579931046,62.4,"played",NA,NA,NA,63,"Q2"
"4889",4889,"George WashingtonRichmond12-31",2025-12-31,"conf","George Washington","Richmond","A10","A10","A","W","99-85",0.685508618398289,0.660447080764919,0.789142831518436,0.658019120873694,0.341980879126306,92.4,"played",NA,NA,NA,126,"Q2"
"4890",4890,"George WashingtonRichmond12-31",2025-12-31,"conf","Richmond","George Washington","A10","A10","H","L","85-99",0.660447080764919,0.685508618398289,0.87694452176131,0.765774611648292,-0.765774611648292,25.8,"played",NA,NA,NA,75,"Q2"
"4891",4891,"Georgia St.Marshall12-31",2025-12-31,"conf","Georgia St.","Marshall","SB","SB","A","L","80-84",0.207313157197796,0.564591704093553,0.789142831518436,0.74268055731084,-0.74268055731084,43,"played",NA,NA,NA,138,"Q3"
"4892",4892,"Georgia St.Marshall12-31",2025-12-31,"conf","Marshall","Georgia St.","SB","SB","H","W","84-80",0.564591704093553,0.207313157197796,0.87694452176131,0.964600153744441,0.0353998462555593,31,"played",NA,NA,NA,261,"Q4"
"4893",4893,"Georgia TechDuke12-31",2025-12-31,"conf","Duke","Georgia Tech","ACC","ACC","H","W","85-79",0.967169328775528,0.493378438439407,0.87694452176131,0.879774473681039,0.120225526318961,59.8,"played",NA,NA,NA,146,"Q3"
"4894",4894,"Georgia TechDuke12-31",2025-12-31,"conf","Georgia Tech","Duke","ACC","ACC","A","L","79-85",0.493378438439407,0.967169328775528,0.789142831518436,0.1127209681814,-0.1127209681814,95.1,"played",NA,NA,NA,2,"Q1"
"4895",4895,"High PointUNC Asheville12-31",2025-12-31,"conf","High Point","UNC Asheville","BSth","BSth","A","W","87-69",0.620370956724355,0.418702865698982,0.789142831518436,0.838602545116366,0.161397454883634,90.8,"played",NA,NA,NA,232,"Q3"
"4896",4896,"High PointUNC Asheville12-31",2025-12-31,"conf","UNC Asheville","High Point","BSth","BSth","H","L","69-87",0.418702865698982,0.620370956724355,0.87694452176131,0.813465209380118,-0.813465209380118,10.7,"played",NA,NA,NA,90,"Q3"
"4897",4897,"LamarEast Texas A&M12-31",2025-12-31,"conf","East Texas A&M","Lamar","Slnd","Slnd","H","L","62-69",0.343115860118082,0.29006579149575,0.87694452176131,0.945775529853966,-0.945775529853966,19.5,"played",NA,NA,NA,220,"Q4"
"4898",4898,"LamarEast Texas A&M12-31",2025-12-31,"conf","Lamar","East Texas A&M","Slnd","Slnd","A","W","69-62",0.29006579149575,0.343115860118082,0.789142831518436,0.877525786598482,0.122474213401518,46.8,"played",NA,NA,NA,277,"Q4"
"4899",4899,"Loyola ChicagoRhode Island12-31",2025-12-31,"conf","Loyola Chicago","Rhode Island","A10","A10","A","W","61-57",0.1760796726165,0.656655293009964,0.789142831518436,0.661803604151082,0.338196395848918,90.2,"played",NA,NA,NA,133,"Q2"
"4900",4900,"Loyola ChicagoRhode Island12-31",2025-12-31,"conf","Rhode Island","Loyola Chicago","A10","A10","H","L","57-61",0.656655293009964,0.1760796726165,0.87694452176131,0.970884750422331,-0.970884750422331,4.2,"played",NA,NA,NA,315,"Q4"
"4901",4901,"Loyola MDAmerican12-31",2025-12-31,"conf","American","Loyola MD","Pat","Pat","H","W","84-69",0.508095570002426,0.0922603677365822,0.87694452176131,0.985938471534303,0.0140615284656967,50,"played",NA,NA,NA,340,"Q4"
"4902",4902,"Loyola MDAmerican12-31",2025-12-31,"conf","Loyola MD","American","Pat","Pat","A","L","69-84",0.0922603677365822,0.508095570002426,0.789142831518436,0.783703607940069,-0.783703607940069,9.5,"played",NA,NA,NA,228,"Q3"
"4903",4903,"MercerFurman12-31",2025-12-31,"conf","Furman","Mercer","SC","SC","H","W","74-72",0.548536258475982,0.497972452629038,0.87694452176131,0.877817047848107,0.122182952151893,65.7,"played",NA,NA,NA,125,"Q3"
"4904",4904,"MercerFurman12-31",2025-12-31,"conf","Mercer","Furman","SC","SC","A","L","72-74",0.497972452629038,0.548536258475982,0.789142831518436,0.754916473669213,-0.754916473669213,38.7,"played",NA,NA,NA,189,"Q3"
"4905",4905,"New OrleansTexas A&M Corpus Chris12-31",2025-12-31,"conf","New Orleans","Texas A&M Corpus Chris","Slnd","Slnd","A","L","69-83",0.331235610868882,0.574962601011334,0.789142831518436,0.734512356833687,-0.734512356833687,21,"played",NA,NA,NA,181,"Q3"
"4906",4906,"New OrleansTexas A&M Corpus Chris12-31",2025-12-31,"conf","Texas A&M Corpus Chris","New Orleans","Slnd","Slnd","H","W","83-69",0.574962601011334,0.331235610868882,0.87694452176131,0.93501525605322,0.0649847439467803,71.6,"played",NA,NA,NA,231,"Q4"
"4907",4907,"Nicholls St.UT Rio Grande Valley12-31",2025-12-31,"conf","Nicholls St.","UT Rio Grande Valley","Slnd","Slnd","A","W","71-69",0.298838774145833,0.55726232666861,0.789142831518436,0.748326675227506,0.251673324772494,66.3,"played",NA,NA,NA,194,"Q3"
"4908",4908,"Nicholls St.UT Rio Grande Valley12-31",2025-12-31,"conf","UT Rio Grande Valley","Nicholls St.","Slnd","Slnd","H","L","69-71",0.55726232666861,0.298838774145833,0.87694452176131,0.943568533420601,-0.943568533420601,21.4,"played",NA,NA,NA,214,"Q4"
"4909",4909,"NJITPenn12-31",2025-12-31,"nc","NJIT","Penn","AE","Ivy","A","L","61-80",0.108362596707915,0.554637837343646,0.789142831518436,0.750323581088423,-0.750323581088423,11.8,"played",NA,NA,NA,178,"Q3"
"4910",4910,"NJITPenn12-31",2025-12-31,"nc","Penn","NJIT","Ivy","AE","H","W","80-61",0.554637837343646,0.108362596707915,0.87694452176131,0.983232201292529,0.0167677987074712,53.2,"played",NA,NA,NA,332,"Q4"
"4911",4911,"North TexasMemphis12-31",2025-12-31,"conf","Memphis","North Texas","Amer","Amer","H","W","57-48",0.777847739912943,0.455092616735083,0.87694452176131,0.895099567727526,0.104900432272474,91.5,"played",NA,NA,NA,147,"Q3"
"4912",4912,"North TexasMemphis12-31",2025-12-31,"conf","North Texas","Memphis","Amer","Amer","A","L","48-57",0.455092616735083,0.777847739912943,0.789142831518436,0.516643488894951,-0.516643488894951,21.4,"played",NA,NA,NA,112,"Q2"
"4913",4913,"NortheasternNorth Carolina A&T12-31",2025-12-31,"conf","North Carolina A&T","Northeastern","CAA","CAA","H","L","74-85",0.276662006999724,0.250737593781546,0.87694452176131,0.955147684195681,-0.955147684195681,9.2,"played",NA,NA,NA,249,"Q4"
"4914",4914,"NortheasternNorth Carolina A&T12-31",2025-12-31,"conf","Northeastern","North Carolina A&T","CAA","CAA","A","W","85-74",0.250737593781546,0.276662006999724,0.789142831518436,0.907278273097433,0.0927217269025665,55.7,"played",NA,NA,NA,270,"Q4"
"4915",4915,"RadfordUSC Upstate12-31",2025-12-31,"conf","Radford","USC Upstate","BSth","BSth","A","W","76-69",0.229310238486478,0.283031250289585,0.789142831518436,0.904585070554709,0.0954149294452906,52.2,"played",NA,NA,NA,285,"Q4"
"4916",4916,"RadfordUSC Upstate12-31",2025-12-31,"conf","USC Upstate","Radford","BSth","BSth","H","L","69-76",0.283031250289585,0.229310238486478,0.87694452176131,0.959921770218191,-0.959921770218191,9.7,"played",NA,NA,NA,260,"Q4"
"4917",4917,"RiceTulsa12-31",2025-12-31,"conf","Rice","Tulsa","Amer","Amer","A","L","48-97",0.305946467034478,0.855650066325967,0.789142831518436,0.387020296107445,-0.387020296107445,3.4,"played",NA,NA,NA,47,"Q1"
"4918",4918,"RiceTulsa12-31",2025-12-31,"conf","Tulsa","Rice","Amer","Amer","H","W","97-48",0.855650066325967,0.305946467034478,0.87694452176131,0.941747346673167,0.0582526533268328,98.7,"played",NA,NA,NA,253,"Q4"
"4919",4919,"Saint Joseph'sSaint Louis12-31",2025-12-31,"conf","Saint Joseph's","Saint Louis","A10","A10","A","L","79-102",0.441375051805727,0.934398970437872,0.789142831518436,0.20807868025584,-0.20807868025584,57.5,"played",NA,NA,NA,22,"Q1"
"4920",4920,"Saint Joseph'sSaint Louis12-31",2025-12-31,"conf","Saint Louis","Saint Joseph's","A10","A10","H","W","102-79",0.934398970437872,0.441375051805727,0.87694452176131,0.90019487903602,0.0998051209639798,89.3,"played",NA,NA,NA,192,"Q4"
"4921",4921,"South AlabamaLouisiana12-31",2025-12-31,"conf","Louisiana","South Alabama","SB","SB","H","L","58-63",0.233108569263396,0.306238592181222,0.87694452176131,0.941671849852463,-0.941671849852463,17.9,"played",NA,NA,NA,197,"Q4"
"4922",4922,"South AlabamaLouisiana12-31",2025-12-31,"conf","South Alabama","Louisiana","SB","SB","A","W","63-58",0.306238592181222,0.233108569263396,0.789142831518436,0.924882092909863,0.0751179070901371,38.1,"played",NA,NA,NA,334,"Q4"
"4923",4923,"South DakotaNorth Dakota St.12-31",2025-12-31,"conf","North Dakota St.","South Dakota","Sum","Sum","H","W","84-61",0.678074728815918,0.214647067407385,0.87694452176131,0.963064474227078,0.036935525772922,79.6,"played",NA,NA,NA,272,"Q4"
"4924",4924,"South DakotaNorth Dakota St.12-31",2025-12-31,"conf","South Dakota","North Dakota St.","Sum","Sum","A","L","61-84",0.214647067407385,0.678074728815918,0.789142831518436,0.639876531050688,-0.639876531050688,12.9,"played",NA,NA,NA,132,"Q2"
"4925",4925,"St. BonaventureVCU12-31",2025-12-31,"conf","St. Bonaventure","VCU","A10","A10","A","L","82-89",0.42887918075561,0.832009910410597,0.789142831518436,0.430411360912575,-0.430411360912575,76,"played",NA,NA,NA,55,"Q1"
"4926",4926,"St. BonaventureVCU12-31",2025-12-31,"conf","VCU","St. Bonaventure","A10","A10","H","W","89-82",0.832009910410597,0.42887918075561,0.87694452176131,0.904670714557104,0.0953292854428963,54,"played",NA,NA,NA,144,"Q3"
"4927",4927,"St. John'sGeorgetown12-31",2025-12-31,"conf","Georgetown","St. John's","BE","BE","H","L","83-95",0.736066932523059,0.894211859941309,0.87694452176131,0.457429346097337,-0.457429346097337,71.4,"played",NA,NA,NA,23,"Q1"
"4928",4928,"St. John'sGeorgetown12-31",2025-12-31,"conf","St. John's","Georgetown","BE","BE","A","W","95-83",0.894211859941309,0.736066932523059,0.789142831518436,0.573009575192196,0.426990424807804,90.4,"played",NA,NA,NA,118,"Q2"
"4929",4929,"Stephen F. AustinNorthwestern St.12-31",2025-12-31,"conf","Northwestern St.","Stephen F. Austin","Slnd","Slnd","H","L","64-74",0.284845739227625,0.698277000404957,0.87694452176131,0.75485983588986,-0.75485983588986,28.3,"played",NA,NA,NA,88,"Q3"
"4930",4930,"Stephen F. AustinNorthwestern St.12-31",2025-12-31,"conf","Stephen F. Austin","Northwestern St.","Slnd","Slnd","A","W","74-64",0.698277000404957,0.284845739227625,0.789142831518436,0.903812007986627,0.0961879920133734,70.1,"played",NA,NA,NA,306,"Q4"
"4931",4931,"Stony BrookWilliam & Mary12-31",2025-12-31,"conf","Stony Brook","William & Mary","CAA","CAA","A","L","57-76",0.309545341676412,0.684495357208954,0.789142831518436,0.633034687260019,-0.633034687260019,16.4,"played",NA,NA,NA,108,"Q2"
"4932",4932,"Stony BrookWilliam & Mary12-31",2025-12-31,"conf","William & Mary","Stony Brook","CAA","CAA","H","W","76-57",0.684495357208954,0.309545341676412,0.87694452176131,0.940813650809901,0.0591863491900992,83.2,"played",NA,NA,NA,234,"Q4"
"4933",4933,"Texas St.Troy12-31",2025-12-31,"conf","Texas St.","Troy","SB","SB","A","L","80-100",0.245509808153534,0.719734730060241,0.789142831518436,0.593057675690047,-0.593057675690047,24.5,"played",NA,NA,NA,103,"Q2"
"4934",4934,"Texas St.Troy12-31",2025-12-31,"conf","Troy","Texas St.","SB","SB","H","W","100-80",0.719734730060241,0.245509808153534,0.87694452176131,0.956333012725181,0.043666987274819,72.1,"played",NA,NA,NA,265,"Q4"
"4935",4935,"TowsonHampton12-31",2025-12-31,"conf","Hampton","Towson","CAA","CAA","H","W","63-62",0.35585106001734,0.35134538872408,0.87694452176131,0.929362589848566,0.0706374101514337,40.9,"played",NA,NA,NA,162,"Q4"
"4936",4936,"TowsonHampton12-31",2025-12-31,"conf","Towson","Hampton","CAA","CAA","A","L","62-63",0.35134538872408,0.35585106001734,0.789142831518436,0.871376437514081,-0.871376437514081,30.2,"played",NA,NA,NA,238,"Q3"
"4937",4937,"TulaneEast Carolina12-31",2025-12-31,"conf","East Carolina","Tulane","Amer","Amer","H","L","70-79",0.262679066039086,0.343744187026903,0.87694452176131,0.931531828337849,-0.931531828337849,20.1,"played",NA,NA,NA,202,"Q4"
"4938",4938,"TulaneEast Carolina12-31",2025-12-31,"conf","Tulane","East Carolina","Amer","Amer","A","W","79-70",0.343744187026903,0.262679066039086,0.789142831518436,0.913081687465795,0.0869183125342055,42.6,"played",NA,NA,NA,299,"Q4"
"4939",4939,"UMKCDenver12-31",2025-12-31,"conf","Denver","UMKC","Sum","Sum","H","W","87-74",0.405627761111882,0.0841485058607757,0.87694452176131,0.987271223453189,0.0127287765468107,50,"played",NA,NA,NA,346,"Q4"
"4940",4940,"UMKCDenver12-31",2025-12-31,"conf","UMKC","Denver","Sum","Sum","A","L","74-87",0.0841485058607757,0.405627761111882,0.789142831518436,0.845774407421677,-0.845774407421677,5.9,"played",NA,NA,NA,251,"Q4"
"4941",4941,"UTSAFlorida Atlantic12-31",2025-12-31,"conf","Florida Atlantic","UTSA","Amer","Amer","H","W","110-70",0.793840431015816,0.0659428297410237,0.87694452176131,0.990190615450233,0.00980938454976721,91.1,"played",NA,NA,NA,349,"Q4"
"4942",4942,"UTSAFlorida Atlantic12-31",2025-12-31,"conf","UTSA","Florida Atlantic","Amer","Amer","A","L","70-110",0.0659428297410237,0.793840431015816,0.789142831518436,0.492884070110421,-0.492884070110421,2.6,"played",NA,NA,NA,91,"Q2"
"4943",4943,"VirginiaVirginia Tech12-31",2025-12-31,"conf","Virginia","Virginia Tech","ACC","ACC","A","L","85-95",0.941543118572919,0.853893151640768,0.789142831518436,0.39038325210195,-0.39038325210195,71.5,"played",NA,NA,NA,51,"Q1"
"4944",4944,"VirginiaVirginia Tech12-31",2025-12-31,"conf","Virginia Tech","Virginia","ACC","ACC","H","W","95-85",0.853893151640768,0.941543118572919,0.87694452176131,0.306736242269756,0.693263757730244,97.4,"played",NA,NA,NA,13,"Q1"
"4945",4945,"Wake ForestN.C. State12-31",2025-12-31,"conf","N.C. State","Wake Forest","ACC","ACC","H","W","70-57",0.928506150979041,0.719689280913198,0.87694452176131,0.73514545115225,0.26485454884775,95.1,"played",NA,NA,NA,67,"Q2"
"4946",4946,"Wake ForestN.C. State12-31",2025-12-31,"conf","Wake Forest","N.C. State","ACC","ACC","A","L","57-70",0.719689280913198,0.928506150979041,0.789142831518436,0.223705894573487,-0.223705894573487,63,"played",NA,NA,NA,29,"Q1"
"4947",4947,"Wichita St.UAB12-31",2025-12-31,"conf","UAB","Wichita St.","Amer","Amer","H","L","70-75",0.677896014710966,0.597783953153128,0.87694452176131,0.82743668853645,-0.82743668853645,62.3,"played",NA,NA,NA,95,"Q3"
"4948",4948,"Wichita St.UAB12-31",2025-12-31,"conf","Wichita St.","UAB","Amer","Amer","A","W","75-70",0.597783953153128,0.677896014710966,0.789142831518436,0.640065139338454,0.359934860661546,65.4,"played",NA,NA,NA,122,"Q2"
"4949",4949,"WinthropLongwood12-31",2025-12-31,"conf","Longwood","Winthrop","BSth","BSth","H","W","82-70",0.312752660506419,0.429719171865507,0.87694452176131,0.904374623248957,0.095625376751043,82,"played",NA,NA,NA,130,"Q3"
"4950",4950,"WinthropLongwood12-31",2025-12-31,"conf","Winthrop","Longwood","BSth","BSth","A","L","70-82",0.429719171865507,0.312752660506419,0.789142831518436,0.891586317792624,-0.891586317792624,7,"played",NA,NA,NA,271,"Q4"
"4951",4951,"WoffordWestern Carolina12-31",2025-12-31,"conf","Western Carolina","Wofford","SC","SC","H","L","74-79",0.307831220822344,0.281320852120458,0.87694452176131,0.947931772553643,-0.947931772553643,16.1,"played",NA,NA,NA,225,"Q4"
"4952",4952,"WoffordWestern Carolina12-31",2025-12-31,"conf","Wofford","Western Carolina","SC","SC","A","W","79-74",0.281320852120458,0.307831220822344,0.789142831518436,0.89378923595296,0.10621076404704,47.5,"played",NA,NA,NA,289,"Q4"
"4953",4953,"JWU (Providence)Brown12-31",2025-12-31,"nond1","Brown","JWU (Providence)","Ivy",NA,"H","W","47-105",NA,NA,NA,NA,0,NA,"played",NA,NA,NA,NA,NA
"4954",4954,"Penn St.-AbingtonColumbia12-31",2025-12-31,"nond1","Columbia","Penn St.-Abington","Ivy",NA,"H","W","51-106",NA,NA,NA,NA,0,NA,"played",NA,NA,NA,NA,NA
"4955",4955,"BellarmineWest Georgia1-1",2026-01-01,"conf","Bellarmine","West Georgia","ASun","ASun","A","L","85-87",0.146521869965627,0.213011210585839,0.789142831518436,0.932556250535378,-0.932556250535378,6.5,"played",NA,NA,NA,322,"Q4"
"4956",4956,"BellarmineWest Georgia1-1",2026-01-01,"conf","West Georgia","Bellarmine","ASun","ASun","H","W","87-85",0.213011210585839,0.146521869965627,0.87694452176131,0.976476566376086,0.0235234336239143,40.2,"played",NA,NA,NA,291,"Q4"
"4957",4957,"BradleyBelmont1-1",2026-01-01,"conf","Belmont","Bradley","MVC","MVC","H","W","88-78",0.80633083929574,0.472493714824135,0.87694452176131,0.888344836283847,0.111655163716153,72.4,"played",NA,NA,NA,124,"Q3"
"4958",4958,"BradleyBelmont1-1",2026-01-01,"conf","Bradley","Belmont","MVC","MVC","A","L","78-88",0.472493714824135,0.80633083929574,0.789142831518436,0.473381084368494,-0.473381084368494,58.7,"played",NA,NA,NA,64,"Q1"
"4959",4959,"Cal BaptistUT Arlington1-1",2026-01-01,"conf","Cal Baptist","UT Arlington","WAC","WAC","A","L","51-63",0.540609234029639,0.58940849732773,0.789142831518436,0.722770423127821,-0.722770423127821,20.4,"played",NA,NA,NA,123,"Q2"
"4960",4960,"Cal BaptistUT Arlington1-1",2026-01-01,"conf","UT Arlington","Cal Baptist","WAC","WAC","H","W","63-51",0.58940849732773,0.540609234029639,0.87694452176131,0.858272191250011,0.141727808749989,86.8,"played",NA,NA,NA,120,"Q3"
"4961",4961,"Cal St. NorthridgeUC Davis1-1",2026-01-01,"conf","Cal St. Northridge","UC Davis","BW","BW","A","L","80-89",0.385010418560885,0.569719928859357,0.789142831518436,0.738668165713469,-0.738668165713469,28.7,"played",NA,NA,NA,176,"Q3"
"4962",4962,"Cal St. NorthridgeUC Davis1-1",2026-01-01,"conf","UC Davis","Cal St. Northridge","BW","BW","H","W","89-80",0.569719928859357,0.385010418560885,0.87694452176131,0.91924578431368,0.0807542156863204,67.3,"played",NA,NA,NA,209,"Q4"
"4963",4963,"ChattanoogaUNC Greensboro1-1",2026-01-01,"conf","Chattanooga","UNC Greensboro","SC","SC","A","L","72-77",0.193922737600882,0.281789356639244,0.789142831518436,0.9051126855927,-0.9051126855927,18.5,"played",NA,NA,NA,295,"Q4"
"4964",4964,"ChattanoogaUNC Greensboro1-1",2026-01-01,"conf","UNC Greensboro","Chattanooga","SC","SC","H","W","77-72",0.281789356639244,0.193922737600882,0.87694452176131,0.967344083601197,0.0326559163988029,29.3,"played",NA,NA,NA,280,"Q4"
"4965",4965,"Eastern IllinoisSoutheast Missouri St.1-1",2026-01-01,"conf","Eastern Illinois","Southeast Missouri St.","OVC","OVC","A","L","59-68",0.152001874020281,0.342914782088887,0.789142831518436,0.877621650282935,-0.877621650282935,22.4,"played",NA,NA,NA,242,"Q4"
"4966",4966,"Eastern IllinoisSoutheast Missouri St.1-1",2026-01-01,"conf","Southeast Missouri St.","Eastern Illinois","OVC","OVC","H","W","68-59",0.342914782088887,0.152001874020281,0.87694452176131,0.975464530911887,0.0245354690881132,24.4,"played",NA,NA,NA,305,"Q4"
"4967",4967,"Eastern KentuckyQueens1-1",2026-01-01,"conf","Eastern Kentucky","Queens","ASun","ASun","A","L","89-91",0.223192376556858,0.515663678728228,0.789142831518436,0.77852495592304,-0.77852495592304,45.7,"played",NA,NA,NA,183,"Q3"
"4968",4968,"Eastern KentuckyQueens1-1",2026-01-01,"conf","Queens","Eastern Kentucky","ASun","ASun","H","W","91-89",0.515663678728228,0.223192376556858,0.87694452176131,0.961244908789494,0.0387550912105064,26.6,"played",NA,NA,NA,262,"Q4"
"4969",4969,"EvansvilleIllinois St.1-1",2026-01-01,"conf","Evansville","Illinois St.","MVC","MVC","A","L","47-73",0.195465563513328,0.816126473444108,0.789142831518436,0.457464356306282,-0.457464356306282,7.2,"played",NA,NA,NA,79,"Q2"
"4970",4970,"EvansvilleIllinois St.1-1",2026-01-01,"conf","Illinois St.","Evansville","MVC","MVC","H","W","73-47",0.816126473444108,0.195465563513328,0.87694452176131,0.967031802152611,0.0329681978473889,93.2,"played",NA,NA,NA,284,"Q4"
"4971",4971,"Florida Gulf CoastCentral Arkansas1-1",2026-01-01,"conf","Central Arkansas","Florida Gulf Coast","ASun","ASun","H","W","85-83",0.578184355364173,0.308404183016962,0.87694452176131,0.941110565442255,0.0588894345577446,29.9,"played",NA,NA,NA,237,"Q4"
"4972",4972,"Florida Gulf CoastCentral Arkansas1-1",2026-01-01,"conf","Florida Gulf Coast","Central Arkansas","ASun","ASun","A","L","83-85",0.308404183016962,0.578184355364173,0.789142831518436,0.73193102040683,-0.73193102040683,58.9,"played",NA,NA,NA,206,"Q3"
"4973",4973,"Georgia SouthernCoastal Carolina1-1",2026-01-01,"conf","Coastal Carolina","Georgia Southern","SB","SB","H","L","81-82",0.391019597898515,0.25951963690932,0.87694452176131,0.953125607727472,-0.953125607727472,17.7,"played",NA,NA,NA,243,"Q4"
"4974",4974,"Georgia SouthernCoastal Carolina1-1",2026-01-01,"conf","Georgia Southern","Coastal Carolina","SB","SB","A","W","82-81",0.25951963690932,0.391019597898515,0.789142831518436,0.853559338847739,0.146440661152261,51.1,"played",NA,NA,NA,235,"Q3"
"4975",4975,"Green BayPurdue Fort Wayne1-1",2026-01-01,"conf","Green Bay","Purdue Fort Wayne","Horz","Horz","A","W","72-54",0.347484853107807,0.440919826703015,0.789142831518436,0.825950654976162,0.174049345023838,94.9,"played",NA,NA,NA,210,"Q3"
"4976",4976,"Green BayPurdue Fort Wayne1-1",2026-01-01,"conf","Purdue Fort Wayne","Green Bay","Horz","Horz","H","L","54-72",0.440919826703015,0.347484853107807,0.87694452176131,0.93046936539492,-0.93046936539492,2.2,"played",NA,NA,NA,230,"Q4"
"4977",4977,"HawaiiUC Riverside1-1",2026-01-01,"conf","Hawaii","UC Riverside","BW","BW","A","W","88-45",0.653990887306024,0.32462968162574,0.789142831518436,0.886184093747293,0.113815906252707,99.5,"played",NA,NA,NA,283,"Q4"
"4978",4978,"HawaiiUC Riverside1-1",2026-01-01,"conf","UC Riverside","Hawaii","BW","BW","H","L","45-88",0.32462968162574,0.653990887306024,0.87694452176131,0.790373812577229,-0.790373812577229,0.5,"played",NA,NA,NA,97,"Q3"
"4979",4979,"Indiana St.Northern Iowa1-1",2026-01-01,"conf","Indiana St.","Northern Iowa","MVC","MVC","A","L","66-75",0.363662236714813,0.757436564872932,0.789142831518436,0.545149141228804,-0.545149141228804,57.7,"played",NA,NA,NA,102,"Q2"
"4980",4980,"Indiana St.Northern Iowa1-1",2026-01-01,"conf","Northern Iowa","Indiana St.","MVC","MVC","H","W","75-66",0.757436564872932,0.363662236714813,0.87694452176131,0.925760033172288,0.0742399668277122,56.7,"played",NA,NA,NA,205,"Q4"
"4981",4981,"IU IndyNorthern Kentucky1-1",2026-01-01,"conf","IU Indy","Northern Kentucky","Horz","Horz","A","L","72-81",0.178820401046325,0.56588651357836,0.789142831518436,0.741672343161317,-0.741672343161317,45.5,"played",NA,NA,NA,177,"Q3"
"4982",4982,"IU IndyNorthern Kentucky1-1",2026-01-01,"conf","Northern Kentucky","IU Indy","Horz","Horz","H","W","81-72",0.56588651357836,0.178820401046325,0.87694452176131,0.970349240873804,0.0296507591261961,25.4,"played",NA,NA,NA,310,"Q4"
"4983",4983,"JacksonvilleLipscomb1-1",2026-01-01,"conf","Jacksonville","Lipscomb","ASun","ASun","A","L","57-76",0.161966016954007,0.559428391801076,0.789142831518436,0.74666876697657,-0.74666876697657,6.6,"played",NA,NA,NA,160,"Q3"
"4984",4984,"JacksonvilleLipscomb1-1",2026-01-01,"conf","Lipscomb","Jacksonville","ASun","ASun","H","W","76-57",0.559428391801076,0.161966016954007,0.87694452176131,0.973595990398377,0.0264040096016227,77.6,"played",NA,NA,NA,293,"Q4"
"4985",4985,"MilwaukeeWright St.1-1",2026-01-01,"conf","Milwaukee","Wright St.","Horz","Horz","A","L","70-76",0.247415137782907,0.717548418206008,0.789142831518436,0.595664611268505,-0.595664611268505,37.4,"played",NA,NA,NA,136,"Q3"
"4986",4986,"MilwaukeeWright St.1-1",2026-01-01,"conf","Wright St.","Milwaukee","Horz","Horz","H","W","76-70",0.717548418206008,0.247415137782907,0.87694452176131,0.955902572692459,0.0440974273075413,58.3,"played",NA,NA,NA,233,"Q4"
"4987",4987,"Morehead St.Lindenwood1-1",2026-01-01,"conf","Lindenwood","Morehead St.","OVC","OVC","H","W","77-64",0.442688901303207,0.163264947729151,0.87694452176131,0.973349662894276,0.0266503371057238,54.5,"played",NA,NA,NA,286,"Q4"
"4988",4988,"Morehead St.Lindenwood1-1",2026-01-01,"conf","Morehead St.","Lindenwood","OVC","OVC","A","L","64-77",0.163264947729151,0.442688901303207,0.789142831518436,0.824917009807152,-0.824917009807152,11.5,"played",NA,NA,NA,224,"Q3"
"4989",4989,"Murray St.Illinois Chicago1-1",2026-01-01,"conf","Illinois Chicago","Murray St.","MVC","MVC","H","L","77-81",0.656335877113298,0.635707651012394,0.87694452176131,0.803296496851395,-0.803296496851395,58.9,"played",NA,NA,NA,74,"Q2"
"4990",4990,"Murray St.Illinois Chicago1-1",2026-01-01,"conf","Murray St.","Illinois Chicago","MVC","MVC","A","W","81-77",0.635707651012394,0.656335877113298,0.789142831518436,0.662120554275075,0.337879445724925,69.9,"played",NA,NA,NA,161,"Q3"
"4991",4991,"Nebraska OmahaSouth Dakota St.1-1",2026-01-01,"conf","Nebraska Omaha","South Dakota St.","Sum","Sum","A","L","69-84",0.245482919288472,0.53567472683946,0.789142831518436,0.764376370522328,-0.764376370522328,15.6,"played",NA,NA,NA,180,"Q3"
"4992",4992,"Nebraska OmahaSouth Dakota St.1-1",2026-01-01,"conf","South Dakota St.","Nebraska Omaha","Sum","Sum","H","W","84-69",0.53567472683946,0.245482919288472,0.87694452176131,0.956339074498325,0.0436609255016746,67,"played",NA,NA,NA,281,"Q4"
"4993",4993,"North FloridaAustin Peay1-1",2026-01-01,"conf","Austin Peay","North Florida","ASun","ASun","H","W","102-83",0.626176067152334,0.130909333469256,0.87694452176131,0.979300944347944,0.0206990556520561,49.6,"played",NA,NA,NA,341,"Q4"
"4994",4994,"North FloridaAustin Peay1-1",2026-01-01,"conf","North Florida","Austin Peay","ASun","ASun","A","L","83-102",0.130909333469256,0.626176067152334,0.789142831518436,0.690812314834955,-0.690812314834955,20.4,"played",NA,NA,NA,149,"Q3"
"4995",4995,"Northern ArizonaMontana1-1",2026-01-01,"conf","Montana","Northern Arizona","BSky","BSky","H","W","78-64",0.633343943366853,0.144289047802944,0.87694452176131,0.976885797919125,0.0231142020808752,44,"played",NA,NA,NA,318,"Q4"
"4996",4996,"Northern ArizonaMontana1-1",2026-01-01,"conf","Northern Arizona","Montana","BSky","BSky","A","L","64-78",0.144289047802944,0.633343943366853,0.789142831518436,0.68420773286188,-0.68420773286188,27,"played",NA,NA,NA,163,"Q3"
"4997",4997,"Northern ColoradoMontana St.1-1",2026-01-01,"conf","Montana St.","Northern Colorado","BSky","BSky","H","W","89-75",0.671913057281984,0.441176952284647,0.87694452176131,0.900267043852585,0.0997329561474151,79.5,"played",NA,NA,NA,164,"Q4"
"4998",4998,"Northern ColoradoMontana St.1-1",2026-01-01,"conf","Northern Colorado","Montana St.","BSky","BSky","A","L","75-89",0.441176952284647,0.671913057281984,0.789142831518436,0.64632316760184,-0.64632316760184,29.4,"played",NA,NA,NA,134,"Q2"
"4999",4999,"OaklandYoungstown St.1-1",2026-01-01,"conf","Oakland","Youngstown St.","Horz","Horz","A","W","85-83",0.482772141388938,0.546812666972655,0.789142831518436,0.756201472941003,0.243798527058997,51.6,"played",NA,NA,NA,221,"Q3"
"5000",5000,"OaklandYoungstown St.1-1",2026-01-01,"conf","Youngstown St.","Oakland","Horz","Horz","H","L","83-85",0.546812666972655,0.482772141388938,0.87694452176131,0.884192673060866,-0.884192673060866,51.4,"played",NA,NA,NA,135,"Q3"
"5001",5001,"Oral RobertsNorth Dakota1-1",2026-01-01,"conf","North Dakota","Oral Roberts","Sum","Sum","H","W","72-61",0.343317996272495,0.14650394031066,0.87694452176131,0.976479859681162,0.0235201403188382,67.8,"played",NA,NA,NA,317,"Q4"
"5002",5002,"Oral RobertsNorth Dakota1-1",2026-01-01,"conf","Oral Roberts","North Dakota","Sum","Sum","A","L","61-72",0.14650394031066,0.343317996272495,0.789142831518436,0.877429380407867,-0.877429380407867,4.1,"played",NA,NA,NA,282,"Q4"
"5003",5003,"Portland St.Weber St.1-1",2026-01-01,"conf","Portland St.","Weber St.","BSky","BSky","A","W","95-90",0.428876901216264,0.519652525465715,0.789142831518436,0.775758164330446,0.224241835669554,58.3,"played",NA,NA,NA,190,"Q3"
"5004",5004,"Portland St.Weber St.1-1",2026-01-01,"conf","Weber St.","Portland St.","BSky","BSky","H","L","90-95",0.519652525465715,0.428876901216264,0.87694452176131,0.904671517158032,-0.904671517158032,36.7,"played",NA,NA,NA,137,"Q3"
"5005",5005,"Sacramento St.Idaho St.1-1",2026-01-01,"conf","Idaho St.","Sacramento St.","BSky","BSky","H","W","97-84",0.482382067045718,0.187290241962568,0.87694452176131,0.96867531291602,0.0313246870839802,60,"played",NA,NA,NA,279,"Q4"
"5006",5006,"Sacramento St.Idaho St.1-1",2026-01-01,"conf","Sacramento St.","Idaho St.","BSky","BSky","A","L","84-97",0.187290241962568,0.482382067045718,0.789142831518436,0.800634908501729,-0.800634908501729,12.5,"played",NA,NA,NA,174,"Q3"
"5007",5007,"SamfordVMI1-1",2026-01-01,"conf","Samford","VMI","SC","SC","A","W","78-58",0.172321727445834,0.144010141026281,0.789142831518436,0.956980979604427,0.0430190203955733,51.2,"played",NA,NA,NA,353,"Q4"
"5008",5008,"SamfordVMI1-1",2026-01-01,"conf","VMI","Samford","SC","SC","H","L","58-78",0.144010141026281,0.172321727445834,0.87694452176131,0.971614197909055,-0.971614197909055,3.2,"played",NA,NA,NA,269,"Q4"
"5009",5009,"Southern IndianaSIU Edwardsville1-1",2026-01-01,"conf","SIU Edwardsville","Southern Indiana","OVC","OVC","H","W","59-55",0.352740157956621,0.0957595304080808,0.87694452176131,0.985357317458812,0.0146426825411878,31.6,"played",NA,NA,NA,338,"Q4"
"5010",5010,"Southern IndianaSIU Edwardsville1-1",2026-01-01,"conf","Southern Indiana","SIU Edwardsville","OVC","OVC","A","L","55-59",0.0957595304080808,0.352740157956621,0.789142831518436,0.872892862348331,-0.872892862348331,11.1,"played",NA,NA,NA,255,"Q4"
"5011",5011,"Southern MissLouisiana Monroe1-1",2026-01-01,"conf","Louisiana Monroe","Southern Miss","SB","SB","H","L","73-87",0.110510816070549,0.288887976904287,0.87694452176131,0.946068457441536,-0.946068457441536,5,"played",NA,NA,NA,236,"Q4"
"5012",5012,"Southern MissLouisiana Monroe1-1",2026-01-01,"conf","Southern Miss","Louisiana Monroe","SB","SB","A","W","87-73",0.288887976904287,0.110510816070549,0.789142831518436,0.967869772859297,0.0321302271407032,49,"played",NA,NA,NA,359,"Q4"
"5013",5013,"StetsonNorth Alabama1-1",2026-01-01,"conf","North Alabama","Stetson","ASun","ASun","H","L","67-70",0.155996475577486,0.131178587745499,0.87694452176131,0.979252959192397,-0.979252959192397,10.8,"played",NA,NA,NA,327,"Q4"
"5014",5014,"StetsonNorth Alabama1-1",2026-01-01,"conf","Stetson","North Alabama","ASun","ASun","A","W","70-67",0.131178587745499,0.155996475577486,0.789142831518436,0.952938253331221,0.0470617466687792,18.7,"played",NA,NA,NA,335,"Q4"
"5015",5015,"Tennessee TechLittle Rock1-1",2026-01-01,"conf","Little Rock","Tennessee Tech","OVC","OVC","H","W","77-58",0.216987170533557,0.08709095231161,0.87694452176131,0.986790111553305,0.0132098884466947,45.7,"played",NA,NA,NA,331,"Q4"
"5016",5016,"Tennessee TechLittle Rock1-1",2026-01-01,"conf","Tennessee Tech","Little Rock","OVC","OVC","A","L","58-77",0.08709095231161,0.216987170533557,0.789142831518436,0.931059361043289,-0.931059361043289,3,"played",NA,NA,NA,302,"Q4"
"5017",5017,"UC IrvineCal St. Bakersfield1-1",2026-01-01,"conf","Cal St. Bakersfield","UC Irvine","BW","BW","H","L","77-81",0.265483872557692,0.570843061730183,0.87694452176131,0.842708029324452,-0.842708029324452,32.6,"played",NA,NA,NA,128,"Q3"
"5018",5018,"UC IrvineCal St. Bakersfield1-1",2026-01-01,"conf","UC Irvine","Cal St. Bakersfield","BW","BW","A","W","81-77",0.570843061730183,0.265483872557692,0.789142831518436,0.911929432395944,0.0880705676040564,49.9,"played",NA,NA,NA,301,"Q4"
"5019",5019,"UC San DiegoCal Poly1-1",2026-01-01,"conf","Cal Poly","UC San Diego","BW","BW","H","W","67-65",0.356782664805302,0.591942410772934,0.87694452176131,0.830870239432055,0.169129760567945,59.2,"played",NA,NA,NA,98,"Q3"
"5020",5020,"UC San DiegoCal Poly1-1",2026-01-01,"conf","UC San Diego","Cal Poly","BW","BW","A","L","65-67",0.591942410772934,0.356782664805302,0.789142831518436,0.870920500600285,-0.870920500600285,35.6,"played",NA,NA,NA,257,"Q4"
"5021",5021,"UC Santa BarbaraCal St. Fullerton1-1",2026-01-01,"conf","Cal St. Fullerton","UC Santa Barbara","BW","BW","H","W","95-84",0.486141474245039,0.483931703427263,0.87694452176131,0.883716358848983,0.116283641151017,89.1,"played",NA,NA,NA,145,"Q3"
"5022",5022,"UC Santa BarbaraCal St. Fullerton1-1",2026-01-01,"conf","UC Santa Barbara","Cal St. Fullerton","BW","BW","A","L","84-95",0.483931703427263,0.486141474245039,0.789142831518436,0.798221354022513,-0.798221354022513,9.8,"played",NA,NA,NA,200,"Q3"
"5023",5023,"Utah TechAbilene Christian1-1",2026-01-01,"conf","Abilene Christian","Utah Tech","WAC","WAC","H","L","64-79",0.395357780875213,0.326398450988887,0.87694452176131,0.936334401660849,-0.936334401660849,2.7,"played",NA,NA,NA,199,"Q4"
"5024",5024,"Utah TechAbilene Christian1-1",2026-01-01,"conf","Utah Tech","Abilene Christian","WAC","WAC","A","W","79-64",0.326398450988887,0.395357780875213,0.789142831518436,0.851271945390759,0.148728054609241,91.8,"played",NA,NA,NA,241,"Q4"
"5025",5025,"Utah ValleyTarleton St.1-1",2026-01-01,"conf","Tarleton St.","Utah Valley","WAC","WAC","H","L","85-91",0.559896594488506,0.65875856803625,0.87694452176131,0.786850012957824,-0.786850012957824,51.9,"played",NA,NA,NA,96,"Q3"
"5026",5026,"Utah ValleyTarleton St.1-1",2026-01-01,"conf","Utah Valley","Tarleton St.","WAC","WAC","A","W","91-85",0.65875856803625,0.559896594488506,0.789142831518436,0.746309231111213,0.253690768888787,69.5,"played",NA,NA,NA,185,"Q3"
"5027",5027,"ValparaisoSouthern Illinois1-1",2026-01-01,"conf","Southern Illinois","Valparaiso","MVC","MVC","H","W","75-70",0.58926743721773,0.458749949196083,0.87694452176131,0.893707567155318,0.106292432844682,71.6,"played",NA,NA,NA,171,"Q4"
"5028",5028,"ValparaisoSouthern Illinois1-1",2026-01-01,"conf","Valparaiso","Southern Illinois","MVC","MVC","A","L","70-75",0.458749949196083,0.58926743721773,0.789142831518436,0.722887195145564,-0.722887195145564,32.5,"played",NA,NA,NA,143,"Q3"
"5029",5029,"Western IllinoisTennessee Martin1-1",2026-01-01,"conf","Tennessee Martin","Western Illinois","OVC","OVC","H","W","67-60",0.371890241689694,0.0596043465683944,0.87694452176131,0.991184425486864,0.0088155745131363,9.1,"played",NA,NA,NA,356,"Q4"
"5030",5030,"Western IllinoisTennessee Martin1-1",2026-01-01,"conf","Western Illinois","Tennessee Martin","OVC","OVC","A","L","60-67",0.0596043465683944,0.371890241689694,0.789142831518436,0.863407239429369,-0.863407239429369,27.2,"played",NA,NA,NA,187,"Q3"
"5031",5031,"ElmsDartmouth1-1",2026-01-01,"nond1","Dartmouth","Elms","Ivy",NA,"H","W","43-107",NA,NA,NA,NA,0,NA,"played",NA,NA,NA,NA,NA
"5032",5032,"Central ConnecticutLIU1-2",2026-01-02,"conf","Central Connecticut","LIU","NEC","NEC","A","L","78-84",0.185254014996825,0.478872202881425,0.789142831518436,0.802869762385744,-0.802869762385744,33.7,"played",NA,NA,NA,201,"Q3"
"5033",5033,"Central ConnecticutLIU1-2",2026-01-02,"conf","LIU","Central Connecticut","NEC","NEC","H","W","84-78",0.478872202881425,0.185254014996825,0.87694452176131,0.969080387831991,0.0309196121680093,29.2,"played",NA,NA,NA,247,"Q4"
"5034",5034,"FairfieldCanisius1-2",2026-01-02,"conf","Canisius","Fairfield","MAAC","MAAC","H","W","85-81",0.168655818164591,0.22489171654641,0.87694452176131,0.960879115225298,0.0391208847747024,38.4,"played",NA,NA,NA,248,"Q4"
"5035",5035,"FairfieldCanisius1-2",2026-01-02,"conf","Fairfield","Canisius","MAAC","MAAC","A","L","81-85",0.22489171654641,0.168655818164591,0.789142831518436,0.948580548987064,-0.948580548987064,8.6,"played",NA,NA,NA,342,"Q4"
"5036",5036,"Fairleigh DickinsonMercyhurst1-2",2026-01-02,"conf","Fairleigh Dickinson","Mercyhurst","NEC","NEC","A","W","74-67",0.105857899301199,0.319386016835833,0.789142831518436,0.888584293689684,0.111415706310316,42.7,"played",NA,NA,NA,290,"Q4"
"5037",5037,"Fairleigh DickinsonMercyhurst1-2",2026-01-02,"conf","Mercyhurst","Fairleigh Dickinson","NEC","NEC","H","L","67-74",0.319386016835833,0.105857899301199,0.87694452176131,0.983658574348393,-0.983658574348393,6.9,"played",NA,NA,NA,339,"Q4"
"5038",5038,"Jacksonville St.Delaware1-2",2026-01-02,"conf","Delaware","Jacksonville St.","CUSA","CUSA","H","L","64-67",0.290475626387562,0.295930609897491,0.87694452176131,0.944305079945083,-0.944305079945083,16.2,"played",NA,NA,NA,245,"Q4"
"5039",5039,"Jacksonville St.Delaware1-2",2026-01-02,"conf","Jacksonville St.","Delaware","CUSA","CUSA","A","W","67-64",0.295930609897491,0.290475626387562,0.789142831518436,0.901396772388435,0.0986032276115646,47.1,"played",NA,NA,NA,300,"Q4"
"5040",5040,"Kennesaw St.Liberty1-2",2026-01-02,"conf","Kennesaw St.","Liberty","CUSA","CUSA","A","L","73-81",0.417773718358861,0.754201371304044,0.789142831518436,0.549492294681649,-0.549492294681649,37.4,"played",NA,NA,NA,84,"Q2"
"5041",5041,"Kennesaw St.Liberty1-2",2026-01-02,"conf","Liberty","Kennesaw St.","CUSA","CUSA","H","W","81-73",0.754201371304044,0.417773718358861,0.87694452176131,0.908522587405783,0.0914774125942168,78.6,"played",NA,NA,NA,159,"Q3"
"5042",5042,"LamarMcNeese St.1-2",2026-01-02,"conf","Lamar","McNeese St.","Slnd","Slnd","A","L","70-82",0.29006579149575,0.804042842508263,0.789142831518436,0.477018666749508,-0.477018666749508,50.7,"played",NA,NA,NA,57,"Q1"
"5043",5043,"LamarMcNeese St.1-2",2026-01-02,"conf","McNeese St.","Lamar","Slnd","Slnd","H","W","82-70",0.804042842508263,0.29006579149575,0.87694452176131,0.945775529853966,0.0542244701460342,62,"played",NA,NA,NA,220,"Q4"
"5044",5044,"Le MoyneSaint Francis1-2",2026-01-02,"conf","Le Moyne","Saint Francis","NEC","NEC","A","W","84-58",0.233859733605385,0.11893327333037,0.789142831518436,0.965187205836041,0.0348127941639589,71,"played",NA,NA,NA,354,"Q4"
"5045",5045,"Le MoyneSaint Francis1-2",2026-01-02,"conf","Saint Francis","Le Moyne","NEC","NEC","H","L","58-84",0.11893327333037,0.233859733605385,0.87694452176131,0.958926535914673,-0.958926535914673,1.7,"played",NA,NA,NA,263,"Q4"
"5046",5046,"Louisiana TechMiddle Tennessee1-2",2026-01-02,"conf","Louisiana Tech","Middle Tennessee","CUSA","CUSA","A","L","51-88",0.208034428147825,0.754494348969183,0.789142831518436,0.54910087733936,-0.54910087733936,1.8,"played",NA,NA,NA,111,"Q2"
"5047",5047,"Louisiana TechMiddle Tennessee1-2",2026-01-02,"conf","Middle Tennessee","Louisiana Tech","CUSA","CUSA","H","W","88-51",0.754494348969183,0.208034428147825,0.87694452176131,0.964450169222807,0.0355498307771926,97.8,"played",NA,NA,NA,264,"Q4"
"5048",5048,"LouisvilleStanford1-2",2026-01-02,"conf","Louisville","Stanford","ACC","ACC","A","L","76-80",0.927853101372083,0.825268926203313,0.789142831518436,0.442087360782368,-0.442087360782368,70.7,"played",NA,NA,NA,68,"Q1"
"5049",5049,"LouisvilleStanford1-2",2026-01-02,"conf","Stanford","Louisville","ACC","ACC","H","W","80-76",0.825268926203313,0.927853101372083,0.87694452176131,0.356552099528878,0.643447900471122,96.2,"played",NA,NA,NA,15,"Q1"
"5050",5050,"Loyola MarymountWashington St.1-2",2026-01-02,"conf","Loyola Marymount","Washington St.","WCC","WCC","A","L","76-78",0.409607691238367,0.640213899600399,0.789142831518436,0.67775499260287,-0.67775499260287,62,"played",NA,NA,NA,156,"Q3"
"5051",5051,"Loyola MarymountWashington St.1-2",2026-01-02,"conf","Washington St.","Loyola Marymount","WCC","WCC","H","W","78-76",0.640213899600399,0.409607691238367,0.87694452176131,0.911282503732018,0.0887174962679816,43,"played",NA,NA,NA,170,"Q4"
"5052",5052,"MaristSaint Peter's1-2",2026-01-02,"conf","Marist","Saint Peter's","MAAC","MAAC","A","L","59-69",0.444102896546951,0.464125461254959,0.789142831518436,0.812069164133623,-0.812069164133623,19.2,"played",NA,NA,NA,223,"Q3"
"5053",5053,"MaristSaint Peter's1-2",2026-01-02,"conf","Saint Peter's","Marist","MAAC","MAAC","H","W","69-59",0.464125461254959,0.444102896546951,0.87694452176131,0.899197121104733,0.100802878895267,74.4,"played",NA,NA,NA,150,"Q3"
"5054",5054,"Michigan St.Nebraska1-2",2026-01-02,"conf","Michigan St.","Nebraska","B10","B10","A","L","56-58",0.932129770868875,0.960111303481749,0.789142831518436,0.134564422606148,-0.134564422606148,94.4,"played",NA,NA,NA,7,"Q1"
"5055",5055,"Michigan St.Nebraska1-2",2026-01-02,"conf","Nebraska","Michigan St.","B10","B10","H","W","58-56",0.960111303481749,0.932129770868875,0.87694452176131,0.341623855432532,0.658376144567468,95.2,"played",NA,NA,NA,11,"Q1"
"5056",5056,"Mount St. Mary'sMerrimack1-2",2026-01-02,"conf","Merrimack","Mount St. Mary's","MAAC","MAAC","H","W","75-65",0.494941213645724,0.171353269912124,0.87694452176131,0.97180128755884,0.0281987124411597,43.4,"played",NA,NA,NA,304,"Q4"
"5057",5057,"Mount St. Mary'sMerrimack1-2",2026-01-02,"conf","Mount St. Mary's","Merrimack","MAAC","MAAC","A","L","65-75",0.171353269912124,0.494941213645724,0.789142831518436,0.792490301797105,-0.792490301797105,20.9,"played",NA,NA,NA,217,"Q3"
"5058",5058,"New HavenStonehill1-2",2026-01-02,"conf","New Haven","Stonehill","NEC","NEC","A","W","70-55",0.109352159726003,0.152535767937579,0.789142831518436,0.954113683718504,0.0458863162814964,55.6,"played",NA,NA,NA,337,"Q4"
"5059",5059,"New HavenStonehill1-2",2026-01-02,"conf","Stonehill","New Haven","NEC","NEC","H","L","55-70",0.152535767937579,0.109352159726003,0.87694452176131,0.983063190078944,-0.983063190078944,1.7,"played",NA,NA,NA,326,"Q4"
"5060",5060,"New Mexico St.FIU1-2",2026-01-02,"conf","FIU","New Mexico St.","CUSA","CUSA","H","W","89-74",0.568091309363212,0.516577137332239,0.87694452176131,0.869605543564459,0.130394456435541,89.7,"played",NA,NA,NA,140,"Q3"
"5061",5061,"New Mexico St.FIU1-2",2026-01-02,"conf","New Mexico St.","FIU","CUSA","CUSA","A","L","74-89",0.516577137332239,0.568091309363212,0.789142831518436,0.739948017865934,-0.739948017865934,13.9,"played",NA,NA,NA,198,"Q3"
"5062",5062,"Notre DameCalifornia1-2",2026-01-02,"conf","California","Notre Dame","ACC","ACC","H","W","72-71",0.828977030903702,0.645182423439833,0.87694452176131,0.796713547399044,0.203286452600956,62.8,"played",NA,NA,NA,81,"Q3"
"5063",5063,"Notre DameCalifornia1-2",2026-01-02,"conf","Notre Dame","California","ACC","ACC","A","L","71-72",0.645182423439833,0.828977030903702,0.789142831518436,0.435700951290163,-0.435700951290163,83.9,"played",NA,NA,NA,60,"Q1"
"5064",5064,"Ohio St.Rutgers1-2",2026-01-02,"conf","Ohio St.","Rutgers","B10","B10","A","W","80-73",0.817900794713915,0.593817364755892,0.789142831518436,0.719099142122945,0.280900857877055,68.2,"played",NA,NA,NA,153,"Q3"
"5065",5065,"Ohio St.Rutgers1-2",2026-01-02,"conf","Rutgers","Ohio St.","B10","B10","H","L","73-80",0.593817364755892,0.817900794713915,0.87694452176131,0.613398179056679,-0.613398179056679,75.4,"played",NA,NA,NA,35,"Q2"
"5066",5066,"Oregon St.Pacific1-2",2026-01-02,"conf","Oregon St.","Pacific","WCC","WCC","A","L","53-84",0.33310428152549,0.675830586238256,0.789142831518436,0.642237814640784,-0.642237814640784,2.8,"played",NA,NA,NA,110,"Q2"
"5067",5067,"Oregon St.Pacific1-2",2026-01-02,"conf","Pacific","Oregon St.","WCC","WCC","H","W","84-53",0.675830586238256,0.33310428152549,0.87694452176131,0.934501532774554,0.0654984672254456,97.3,"played",NA,NA,NA,213,"Q4"
"5068",5068,"OregonMaryland1-2",2026-01-02,"conf","Maryland","Oregon","B10","B10","H","L","54-64",0.718765491706146,0.695409733355037,0.87694452176131,0.757362731797896,-0.757362731797896,28.4,"played",NA,NA,NA,104,"Q3"
"5069",5069,"OregonMaryland1-2",2026-01-02,"conf","Oregon","Maryland","B10","B10","A","W","64-54",0.695409733355037,0.718765491706146,0.789142831518436,0.594215563299714,0.405784436700286,93.6,"played",NA,NA,NA,152,"Q3"
"5070",5070,"PepperdineSanta Clara1-2",2026-01-02,"conf","Pepperdine","Santa Clara","WCC","WCC","A","L","63-82",0.217599421655683,0.904534982736246,0.789142831518436,0.28314899833366,-0.28314899833366,51.5,"played",NA,NA,NA,44,"Q1"
"5071",5071,"PepperdineSanta Clara1-2",2026-01-02,"conf","Santa Clara","Pepperdine","WCC","WCC","H","W","82-63",0.904534982736246,0.217599421655683,0.87694452176131,0.962439543198769,0.0375604568012314,71.3,"played",NA,NA,NA,267,"Q4"
"5072",5072,"PortlandSaint Mary's1-2",2026-01-02,"conf","Portland","Saint Mary's","WCC","WCC","A","L","57-78",0.394760979258516,0.908833684887652,0.789142831518436,0.272949274196153,-0.272949274196153,25.9,"played",NA,NA,NA,28,"Q1"
"5073",5073,"PortlandSaint Mary's1-2",2026-01-02,"conf","Saint Mary's","Portland","WCC","WCC","H","W","78-57",0.908833684887652,0.394760979258516,0.87694452176131,0.916150061931773,0.0838499380682269,94.9,"played",NA,NA,NA,215,"Q4"
"5074",5074,"QuinnipiacManhattan1-2",2026-01-02,"conf","Manhattan","Quinnipiac","MAAC","MAAC","H","W","80-79",0.199140354213253,0.407246884569133,0.87694452176131,0.912069287849074,0.0879307121509264,31.3,"played",NA,NA,NA,184,"Q4"
"5075",5075,"QuinnipiacManhattan1-2",2026-01-02,"conf","Quinnipiac","Manhattan","MAAC","MAAC","A","L","79-80",0.407246884569133,0.199140354213253,0.789142831518436,0.937698454634616,-0.937698454634616,27.2,"played",NA,NA,NA,330,"Q4"
"5076",5076,"Robert MorrisDetroit Mercy1-2",2026-01-02,"conf","Detroit Mercy","Robert Morris","Horz","Horz","H","L","77-85",0.41087180318306,0.360345110834765,0.87694452176131,0.926741135334995,-0.926741135334995,25.2,"played",NA,NA,NA,186,"Q4"
"5077",5077,"Robert MorrisDetroit Mercy1-2",2026-01-02,"conf","Robert Morris","Detroit Mercy","Horz","Horz","A","W","85-77",0.360345110834765,0.41087180318306,0.789142831518436,0.842921600902124,0.157078399097876,53.8,"played",NA,NA,NA,273,"Q4"
"5078",5078,"Sacred HeartNiagara1-2",2026-01-02,"conf","Niagara","Sacred Heart","MAAC","MAAC","H","W","64-61",0.127205292330729,0.185258742802667,0.87694452176131,0.969079449264048,0.0309205507359519,56.4,"played",NA,NA,NA,287,"Q4"
"5079",5079,"Sacred HeartNiagara1-2",2026-01-02,"conf","Sacred Heart","Niagara","MAAC","MAAC","A","L","61-64",0.185258742802667,0.127205292330729,0.789142831518436,0.962517008599123,-0.962517008599123,2.5,"played",NA,NA,NA,355,"Q4"
"5080",5080,"Sam Houston St.Western Kentucky1-2",2026-01-02,"conf","Sam Houston St.","Western Kentucky","CUSA","CUSA","A","L","91-102",0.562519903891757,0.539993818540962,0.789142831518436,0.761232506402088,-0.761232506402088,40.8,"played",NA,NA,NA,167,"Q3"
"5081",5081,"Sam Houston St.Western Kentucky1-2",2026-01-02,"conf","Western Kentucky","Sam Houston St.","CUSA","CUSA","H","W","102-91",0.539993818540962,0.562519903891757,0.87694452176131,0.847149015990964,0.152850984009036,68.6,"played",NA,NA,NA,105,"Q3"
"5082",5082,"San DiegoSan Francisco1-2",2026-01-02,"conf","San Diego","San Francisco","WCC","WCC","A","L","64-74",0.386813607349022,0.739588765971914,0.789142831518436,0.568549132866206,-0.568549132866206,41.9,"played",NA,NA,NA,107,"Q2"
"5083",5083,"San DiegoSan Francisco1-2",2026-01-02,"conf","San Francisco","San Diego","WCC","WCC","H","W","74-64",0.739588765971914,0.386813607349022,0.87694452176131,0.918679146869904,0.081320853130096,71.3,"played",NA,NA,NA,208,"Q4"
"5084",5084,"SeattleGonzaga1-2",2026-01-02,"conf","Gonzaga","Seattle","WCC","WCC","H","W","80-72",0.966086351861385,0.605972048235407,0.87694452176131,0.822502708405666,0.177497291594334,63.8,"played",NA,NA,NA,114,"Q3"
"5085",5085,"SeattleGonzaga1-2",2026-01-02,"conf","Seattle","Gonzaga","WCC","WCC","A","L","72-80",0.605972048235407,0.966086351861385,0.789142831518436,0.116122856905454,-0.116122856905454,96.1,"played",NA,NA,NA,4,"Q1"
"5086",5086,"SienaIona1-2",2026-01-02,"conf","Iona","Siena","MAAC","MAAC","H","W","75-72",0.437173937533644,0.390387146522654,0.87694452176131,0.917548378669134,0.0824516213308657,57.3,"played",NA,NA,NA,172,"Q4"
"5087",5087,"SienaIona1-2",2026-01-02,"conf","Siena","Iona","MAAC","MAAC","A","L","72-75",0.390387146522654,0.437173937533644,0.789142831518436,0.828126310189698,-0.828126310189698,27.1,"played",NA,NA,NA,218,"Q3"
"5088",5088,"USCMichigan1-2",2026-01-02,"conf","Michigan","USC","B10","B10","H","W","96-66",0.98755383780862,0.749858766690896,0.87694452176131,0.703902122457448,0.296097877542552,99.1,"played",NA,NA,NA,56,"Q2"
"5089",5089,"USCMichigan1-2",2026-01-02,"conf","USC","Michigan","B10","B10","A","L","66-96",0.749858766690896,0.98755383780862,0.789142831518436,0.0450428444038855,-0.0450428444038855,67.4,"played",NA,NA,NA,1,"Q1"
"5090",5090,"UTEPMissouri St.1-2",2026-01-02,"conf","Missouri St.","UTEP","CUSA","CUSA","H","W","79-55",0.618345928322213,0.217959569432829,0.87694452176131,0.962363042817825,0.0376369571821751,95.1,"played",NA,NA,NA,276,"Q4"
"5091",5091,"UTEPMissouri St.1-2",2026-01-02,"conf","UTEP","Missouri St.","CUSA","CUSA","A","L","55-79",0.217959569432829,0.618345928322213,0.789142831518436,0.697882118549372,-0.697882118549372,2.3,"played",NA,NA,NA,191,"Q3"
"5092",5092,"WagnerChicago St.1-2",2026-01-02,"conf","Chicago St.","Wagner","NEC","NEC","H","L","72-79",0.131935258890074,0.136887136003035,0.87694452176131,0.978229684731794,-0.978229684731794,5.2,"played",NA,NA,NA,324,"Q4"
"5093",5093,"WagnerChicago St.1-2",2026-01-02,"conf","Wagner","Chicago St.","NEC","NEC","A","W","79-72",0.136887136003035,0.131935258890074,0.789142831518436,0.960974076944283,0.0390259230557167,30.3,"played",NA,NA,NA,352,"Q4"
"5094",5094,"West VirginiaIowa St.1-2",2026-01-02,"conf","Iowa St.","West Virginia","B12","B12","H","W","80-59",0.963201567205515,0.780378589803463,0.87694452176131,0.667285774701098,0.332714225298902,98.1,"played",NA,NA,NA,59,"Q2"
"5095",5095,"West VirginiaIowa St.1-2",2026-01-02,"conf","West Virginia","Iowa St.","B12","B12","A","L","59-80",0.780378589803463,0.963201567205515,0.789142831518436,0.125095084414269,-0.125095084414269,63.7,"played",NA,NA,NA,6,"Q1"
"5096",5096,"Alfred St.Cornell1-2",2026-01-02,"nond1","Cornell","Alfred St.","Ivy",NA,"H","W","65-133",NA,NA,NA,NA,0,NA,"played",NA,NA,NA,NA,NA
"5097",5097,"Air ForceUNLV1-3",2026-01-03,"conf","Air Force","UNLV","MWC","MWC","A","L","39-67",0.105682919431014,0.708634239033289,0.789142831518436,0.606113922037165,-0.606113922037165,1.1,"played",NA,NA,NA,127,"Q2"
"5098",5098,"Air ForceUNLV1-3",2026-01-03,"conf","UNLV","Air Force","MWC","MWC","H","W","67-39",0.708634239033289,0.105682919431014,0.87694452176131,0.983688285585496,0.0163117144145042,96.3,"played",NA,NA,NA,336,"Q4"
"5099",5099,"AkronMiami OH1-3",2026-01-03,"conf","Akron","Miami OH","MAC","MAC","A","L","73-76",0.745581397618812,0.813854927875804,0.789142831518436,0.461205767573537,-0.461205767573537,79.1,"played",NA,NA,NA,49,"Q1"
"5100",5100,"AkronMiami OH1-3",2026-01-03,"conf","Miami OH","Akron","MAC","MAC","H","W","76-73",0.813854927875804,0.745581397618812,0.87694452176131,0.708606354394313,0.291393645605687,77.2,"played",NA,NA,NA,54,"Q2"
"5101",5101,"Alabama A&MArkansas Pine Bluff1-3",2026-01-03,"conf","Alabama A&M","Arkansas Pine Bluff","SWAC","SWAC","A","L","83-95",0.159091874905061,0.33673558307527,0.789142831518436,0.880549289395955,-0.880549289395955,14.6,"played",NA,NA,NA,311,"Q4"
"5102",5102,"Alabama A&MArkansas Pine Bluff1-3",2026-01-03,"conf","Arkansas Pine Bluff","Alabama A&M","SWAC","SWAC","H","W","95-83",0.33673558307527,0.159091874905061,0.87694452176131,0.974138773713817,0.025861226286183,35.9,"played",NA,NA,NA,308,"Q4"
"5103",5103,"Alabama St.Mississippi Valley St.1-3",2026-01-03,"conf","Alabama St.","Mississippi Valley St.","SWAC","SWAC","A","W","89-69",0.161273195651384,0.0374143704241414,0.789142831518436,0.989721146603053,0.0102788533969466,29.2,"played",NA,NA,NA,365,"Q4"
"5104",5104,"Alabama St.Mississippi Valley St.1-3",2026-01-03,"conf","Mississippi Valley St.","Alabama St.","SWAC","SWAC","H","L","69-89",0.0374143704241414,0.161273195651384,0.87694452176131,0.973727114931155,-0.973727114931155,1.8,"played",NA,NA,NA,313,"Q4"
"5105",5105,"AlbanyUMass Lowell1-3",2026-01-03,"conf","Albany","UMass Lowell","AE","AE","A","L","71-83",0.187386733437233,0.273410301879121,0.789142831518436,0.908641117556753,-0.908641117556753,4.2,"played",NA,NA,NA,319,"Q4"
"5106",5106,"AlbanyUMass Lowell1-3",2026-01-03,"conf","UMass Lowell","Albany","AE","AE","H","W","83-71",0.273410301879121,0.187386733437233,0.87694452176131,0.968656075522331,0.0313439244776691,66.7,"played",NA,NA,NA,309,"Q4"
"5107",5107,"Alcorn St.Jackson St.1-3",2026-01-03,"conf","Alcorn St.","Jackson St.","SWAC","SWAC","A","L","86-89",0.0996439667646336,0.203615154509213,0.789142831518436,0.936052982067883,-0.936052982067883,8.6,"played",NA,NA,NA,347,"Q4"
"5108",5108,"Alcorn St.Jackson St.1-3",2026-01-03,"conf","Jackson St.","Alcorn St.","SWAC","SWAC","H","W","89-86",0.203615154509213,0.0996439667646336,0.87694452176131,0.984707696986526,0.0152923030134736,23.1,"played",NA,NA,NA,351,"Q4"
"5109",5109,"AmericanBoston University1-3",2026-01-03,"conf","American","Boston University","Pat","Pat","A","W","64-62",0.351681313504199,0.285090150805246,0.789142831518436,0.903707677893,0.0962923221069998,49.6,"played",NA,NA,NA,292,"Q4"
"5110",5110,"AmericanBoston University1-3",2026-01-03,"conf","Boston University","American","Pat","Pat","H","L","62-64",0.285090150805246,0.351681313504199,0.87694452176131,0.929265785702261,-0.929265785702261,18,"played",NA,NA,NA,228,"Q4"
"5111",5111,"Appalachian St.Marshall1-3",2026-01-03,"conf","Appalachian St.","Marshall","SB","SB","A","L","81-88",0.322413113123934,0.564591704093553,0.789142831518436,0.74268055731084,-0.74268055731084,24.1,"played",NA,NA,NA,138,"Q3"
"5112",5112,"Appalachian St.Marshall1-3",2026-01-03,"conf","Marshall","Appalachian St.","SB","SB","H","W","88-81",0.564591704093553,0.322413113123934,0.87694452176131,0.937409842186305,0.0625901578136946,66.1,"played",NA,NA,NA,212,"Q4"
"5113",5113,"ArizonaUtah1-3",2026-01-03,"conf","Arizona","Utah","B12","B12","A","W","97-78",0.958472429946254,0.735923022179889,0.789142831518436,0.573190776567456,0.426809223432544,98,"played",NA,NA,NA,117,"Q2"
"5114",5114,"ArizonaUtah1-3",2026-01-03,"conf","Utah","Arizona","B12","B12","H","L","78-97",0.735923022179889,0.958472429946254,0.87694452176131,0.235920885661496,-0.235920885661496,57.4,"played",NA,NA,NA,3,"Q1"
"5115",5115,"AuburnGeorgia1-3",2026-01-03,"conf","Auburn","Georgia","SEC","SEC","A","L","100-104",0.84883999378349,0.91600808149171,0.789142831518436,0.255490906957154,-0.255490906957154,88.2,"played",NA,NA,NA,24,"Q1"
"5116",5116,"AuburnGeorgia1-3",2026-01-03,"conf","Georgia","Auburn","SEC","SEC","H","W","104-100",0.91600808149171,0.84883999378349,0.87694452176131,0.559288913239661,0.440711086760339,89.1,"played",NA,NA,NA,34,"Q2"
"5117",5117,"Ball St.Buffalo1-3",2026-01-03,"conf","Ball St.","Buffalo","MAC","MAC","A","L","72-85",0.175570369203068,0.546556873185776,0.789142831518436,0.756391714958197,-0.756391714958197,7.1,"played",NA,NA,NA,165,"Q3"
"5118",5118,"Ball St.Buffalo1-3",2026-01-03,"conf","Buffalo","Ball St.","MAC","MAC","H","W","85-72",0.546556873185776,0.175570369203068,0.87694452176131,0.970983935499258,0.0290160645007421,77.1,"played",NA,NA,NA,316,"Q4"
"5119",5119,"BaylorTCU1-3",2026-01-03,"conf","Baylor","TCU","B12","B12","A","L","63-69",0.740905781509242,0.865296099885822,0.789142831518436,0.368134924888612,-0.368134924888612,58.6,"played",NA,NA,NA,46,"Q1"
"5120",5120,"BaylorTCU1-3",2026-01-03,"conf","TCU","Baylor","B12","B12","H","W","69-63",0.865296099885822,0.740905781509242,0.87694452176131,0.713639564464455,0.286360435535545,92.9,"played",NA,NA,NA,53,"Q2"
"5121",5121,"BellarmineQueens1-3",2026-01-03,"conf","Bellarmine","Queens","ASun","ASun","A","L","76-98",0.146521869965627,0.515663678728228,0.789142831518436,0.77852495592304,-0.77852495592304,8.5,"played",NA,NA,NA,183,"Q3"
"5122",5122,"BellarmineQueens1-3",2026-01-03,"conf","Queens","Bellarmine","ASun","ASun","H","W","98-76",0.515663678728228,0.146521869965627,0.87694452176131,0.976476566376086,0.0235234336239143,66.2,"played",NA,NA,NA,291,"Q4"
"5123",5123,"Boise St.San Diego St.1-3",2026-01-03,"conf","Boise St.","San Diego St.","MWC","MWC","A","L","107-110",0.719435859842334,0.88804009035819,0.789142831518436,0.320579556111625,-0.320579556111625,74.8,"played",NA,NA,NA,52,"Q1"
"5124",5124,"Boise St.San Diego St.1-3",2026-01-03,"conf","San Diego St.","Boise St.","MWC","MWC","H","W","110-107",0.88804009035819,0.719435859842334,0.87694452176131,0.735389901479989,0.264610098520011,87.3,"played",NA,NA,NA,71,"Q2"
"5125",5125,"Boston CollegeGeorgia Tech1-3",2026-01-03,"conf","Boston College","Georgia Tech","ACC","ACC","A","L","53-65",0.452301733460503,0.649662104684215,0.789142831518436,0.668678034087465,-0.668678034087465,31.2,"played",NA,NA,NA,146,"Q3"
"5126",5126,"Boston CollegeGeorgia Tech1-3",2026-01-03,"conf","Georgia Tech","Boston College","ACC","ACC","H","W","65-53",0.649662104684215,0.452301733460503,0.87694452176131,0.896152158479263,0.103847841520737,77.2,"played",NA,NA,NA,157,"Q3"
"5127",5127,"Bowling GreenMassachusetts1-3",2026-01-03,"conf","Bowling Green","Massachusetts","MAC","MAC","A","W","101-100",0.571728621824331,0.572880082018046,0.789142831518436,0.736169735795053,0.263830264204947,58.6,"played",NA,NA,NA,195,"Q3"
"5128",5128,"Bowling GreenMassachusetts1-3",2026-01-03,"conf","Massachusetts","Bowling Green","MAC","MAC","H","L","100-101",0.572880082018046,0.571728621824331,0.87694452176131,0.842228164877759,-0.842228164877759,55.9,"played",NA,NA,NA,101,"Q3"
"5129",5129,"BryantMaine1-3",2026-01-03,"conf","Bryant","Maine","AE","AE","A","W","56-51",0.0698036017290083,0.117473612685145,0.789142831518436,0.965654705788423,0.0343452942115771,36.4,"played",NA,NA,NA,343,"Q4"
"5130",5130,"BryantMaine1-3",2026-01-03,"conf","Maine","Bryant","AE","AE","H","L","51-56",0.117473612685145,0.0698036017290083,0.87694452176131,0.989579639055569,-0.989579639055569,1.7,"played",NA,NA,NA,345,"Q4"
"5131",5131,"BYUKansas St.1-3",2026-01-03,"conf","BYU","Kansas St.","B12","B12","A","W","83-73",0.897211603893705,0.787642451679584,0.789142831518436,0.502248363029673,0.497751636970327,93.7,"played",NA,NA,NA,82,"Q2"
"5132",5132,"BYUKansas St.1-3",2026-01-03,"conf","Kansas St.","BYU","B12","B12","H","L","73-83",0.787642451679584,0.897211603893705,0.87694452176131,0.44947037290437,-0.44947037290437,68.4,"played",NA,NA,NA,12,"Q1"
"5133",5133,"Cal BaptistTarleton St.1-3",2026-01-03,"conf","Cal Baptist","Tarleton St.","WAC","WAC","A","L","76-81",0.540609234029639,0.559896594488506,0.789142831518436,0.746309231111213,-0.746309231111213,44.2,"played",NA,NA,NA,185,"Q3"
"5134",5134,"Cal BaptistTarleton St.1-3",2026-01-03,"conf","Tarleton St.","Cal Baptist","WAC","WAC","H","W","81-76",0.559896594488506,0.540609234029639,0.87694452176131,0.858272191250011,0.141727808749989,65.4,"played",NA,NA,NA,120,"Q3"
"5135",5135,"Cal PolyLong Beach St.1-3",2026-01-03,"conf","Cal Poly","Long Beach St.","BW","BW","A","L","66-74",0.22558726115521,0.420920977464503,0.789142831518436,0.837366165744844,-0.837366165744844,8,"played",NA,NA,NA,240,"Q3"
"5136",5136,"Cal PolyLong Beach St.1-3",2026-01-03,"conf","Long Beach St.","Cal Poly","BW","BW","H","W","74-66",0.420920977464503,0.22558726115521,0.87694452176131,0.960729012486904,0.0392709875130959,70.8,"played",NA,NA,NA,257,"Q4"
"5137",5137,"Cal St. BakersfieldUC Davis1-3",2026-01-03,"conf","Cal St. Bakersfield","UC Davis","BW","BW","A","W","81-79",0.159533932612316,0.569719928859357,0.789142831518436,0.738668165713469,0.261331834286531,57.1,"played",NA,NA,NA,176,"Q3"
"5138",5138,"Cal St. BakersfieldUC Davis1-3",2026-01-03,"conf","UC Davis","Cal St. Bakersfield","BW","BW","H","L","79-81",0.569719928859357,0.159533932612316,0.87694452176131,0.974055493161456,-0.974055493161456,15.9,"played",NA,NA,NA,301,"Q4"
"5139",5139,"ChattanoogaVMI1-3",2026-01-03,"conf","Chattanooga","VMI","SC","SC","A","L","71-79",0.193922737600882,0.144010141026281,0.789142831518436,0.956980979604427,-0.956980979604427,3,"played",NA,NA,NA,353,"Q4"
"5140",5140,"ChattanoogaVMI1-3",2026-01-03,"conf","VMI","Chattanooga","SC","SC","H","W","79-71",0.144010141026281,0.193922737600882,0.87694452176131,0.967344083601197,0.0326559163988029,57.1,"played",NA,NA,NA,280,"Q4"
"5141",5141,"ClemsonPittsburgh1-3",2026-01-03,"conf","Clemson","Pittsburgh","ACC","ACC","A","W","73-68",0.887421585948118,0.730765128903465,0.789142831518436,0.579630896823016,0.420369103176984,83,"played",NA,NA,NA,121,"Q2"
"5142",5142,"ClemsonPittsburgh1-3",2026-01-03,"conf","Pittsburgh","Clemson","ACC","ACC","H","L","68-73",0.730765128903465,0.887421585948118,0.87694452176131,0.474805920858777,-0.474805920858777,81.5,"played",NA,NA,NA,32,"Q2"
"5143",5143,"ColgateArmy1-3",2026-01-03,"conf","Army","Colgate","Pat","Pat","H","L","69-76",0.208126264319721,0.363069644263239,0.87694452176131,0.925935900293245,-0.925935900293245,19.3,"played",NA,NA,NA,196,"Q4"
"5144",5144,"ColgateArmy1-3",2026-01-03,"conf","Colgate","Army","Pat","Pat","A","W","76-69",0.363069644263239,0.208126264319721,0.789142831518436,0.934381268827168,0.0656187311728325,38.5,"played",NA,NA,NA,320,"Q4"
"5145",5145,"Colorado St.Grand Canyon1-3",2026-01-03,"conf","Colorado St.","Grand Canyon","MWC","MWC","A","W","70-60",0.62699617671433,0.843748589646882,0.789142831518436,0.409357541008259,0.590642458991741,98.4,"played",NA,NA,NA,86,"Q2"
"5146",5146,"Colorado St.Grand Canyon1-3",2026-01-03,"conf","Grand Canyon","Colorado St.","MWC","MWC","H","L","60-70",0.843748589646882,0.62699617671433,0.87694452176131,0.809143842490246,-0.809143842490246,13,"played",NA,NA,NA,92,"Q3"
"5147",5147,"ColoradoArizona St.1-3",2026-01-03,"conf","Arizona St.","Colorado","B12","B12","H","L","89-95",0.764484530115745,0.640434349812151,0.87694452176131,0.800042273749593,-0.800042273749593,40.9,"played",NA,NA,NA,78,"Q3"
"5148",5148,"ColoradoArizona St.1-3",2026-01-03,"conf","Colorado","Arizona St.","B12","B12","A","W","95-89",0.640434349812151,0.764484530115745,0.789142831518436,0.535525330246126,0.464474669753874,89.3,"played",NA,NA,NA,93,"Q2"
"5149",5149,"Coppin St.Delaware St.1-3",2026-01-03,"conf","Coppin St.","Delaware St.","MEAC","MEAC","A","W","53-51",0.0259808577725411,0.090666985933371,0.789142831518436,0.974049833381381,0.0259501666186186,9.5,"played",NA,NA,NA,358,"Q4"
"5150",5150,"Coppin St.Delaware St.1-3",2026-01-03,"conf","Delaware St.","Coppin St.","MEAC","MEAC","H","L","51-53",0.090666985933371,0.0259808577725411,0.87694452176131,0.996271000581672,-0.996271000581672,2.5,"played",NA,NA,NA,364,"Q4"
"5151",5151,"DavidsonSaint Joseph's1-3",2026-01-03,"conf","Davidson","Saint Joseph's","A10","A10","A","W","62-56",0.541996731296271,0.600718255311877,0.789142831518436,0.713267667429442,0.286732332570558,62.3,"played",NA,NA,NA,192,"Q3"
"5152",5152,"DavidsonSaint Joseph's1-3",2026-01-03,"conf","Saint Joseph's","Davidson","A10","A10","H","L","56-62",0.600718255311877,0.541996731296271,0.87694452176131,0.857591084116218,-0.857591084116218,51.8,"played",NA,NA,NA,119,"Q3"
"5153",5153,"DaytonLoyola Chicago1-3",2026-01-03,"conf","Dayton","Loyola Chicago","A10","A10","A","W","70-68",0.686412835074481,0.28923647413666,0.789142831518436,0.901930542270354,0.0980694577296459,22.8,"played",NA,NA,NA,315,"Q4"
"5154",5154,"DaytonLoyola Chicago1-3",2026-01-03,"conf","Loyola Chicago","Dayton","A10","A10","H","L","68-70",0.28923647413666,0.686412835074481,0.87694452176131,0.765020894183328,-0.765020894183328,75.1,"played",NA,NA,NA,80,"Q3"
"5155",5155,"DukeFlorida St.1-3",2026-01-03,"conf","Duke","Florida St.","ACC","ACC","A","W","91-87",0.939287290689777,0.714263605095652,0.789142831518436,0.599548438685226,0.400451561314774,76.1,"played",NA,NA,NA,115,"Q2"
"5156",5156,"DukeFlorida St.1-3",2026-01-03,"conf","Florida St.","Duke","ACC","ACC","H","L","87-91",0.714263605095652,0.939287290689777,0.87694452176131,0.315363975570193,-0.315363975570193,92.4,"played",NA,NA,NA,2,"Q1"
"5157",5157,"East Texas A&MNicholls St.1-3",2026-01-03,"conf","East Texas A&M","Nicholls St.","Slnd","Slnd","A","L","58-80",0.215264103557443,0.447990911854504,0.789142831518436,0.821795222623473,-0.821795222623473,2.9,"played",NA,NA,NA,214,"Q3"
"5158",5158,"East Texas A&MNicholls St.1-3",2026-01-03,"conf","Nicholls St.","East Texas A&M","Slnd","Slnd","H","W","80-58",0.447990911854504,0.215264103557443,0.87694452176131,0.962934186645948,0.0370658133540517,88.2,"played",NA,NA,NA,277,"Q4"
"5159",5159,"Eastern IllinoisTennessee Martin1-3",2026-01-03,"conf","Eastern Illinois","Tennessee Martin","OVC","OVC","A","L","61-65",0.152001874020281,0.371890241689694,0.789142831518436,0.863407239429369,-0.863407239429369,30.1,"played",NA,NA,NA,187,"Q3"
"5160",5160,"Eastern IllinoisTennessee Martin1-3",2026-01-03,"conf","Tennessee Martin","Eastern Illinois","OVC","OVC","H","W","65-61",0.371890241689694,0.152001874020281,0.87694452176131,0.975464530911887,0.0245354690881132,19.8,"played",NA,NA,NA,305,"Q4"
"5161",5161,"Eastern KentuckyWest Georgia1-3",2026-01-03,"conf","Eastern Kentucky","West Georgia","ASun","ASun","A","L","76-88",0.223192376556858,0.213011210585839,0.789142831518436,0.932556250535378,-0.932556250535378,11.6,"played",NA,NA,NA,322,"Q4"
"5162",5162,"Eastern KentuckyWest Georgia1-3",2026-01-03,"conf","West Georgia","Eastern Kentucky","ASun","ASun","H","W","88-76",0.213011210585839,0.223192376556858,0.87694452176131,0.961244908789494,0.0387550912105064,37.3,"played",NA,NA,NA,262,"Q4"
"5163",5163,"Eastern WashingtonIdaho1-3",2026-01-03,"conf","Eastern Washington","Idaho","BSky","BSky","A","L","81-84",0.310791476526984,0.590672129177698,0.789142831518436,0.721722468107655,-0.721722468107655,47.2,"played",NA,NA,NA,158,"Q3"
"5164",5164,"Eastern WashingtonIdaho1-3",2026-01-03,"conf","Idaho","Eastern Washington","BSky","BSky","H","W","84-81",0.590672129177698,0.310791476526984,0.87694452176131,0.940488514720462,0.0595114852795378,42.1,"played",NA,NA,NA,254,"Q4"
"5165",5165,"Florida A&MBethune Cookman1-3",2026-01-03,"conf","Bethune Cookman","Florida A&M","SWAC","SWAC","H","W","87-83",0.390499707456399,0.193160437433708,0.87694452176131,0.967498013170315,0.0325019868296846,34.9,"played",NA,NA,NA,307,"Q4"
"5166",5166,"Florida A&MBethune Cookman1-3",2026-01-03,"conf","Florida A&M","Bethune Cookman","SWAC","SWAC","A","L","83-87",0.193160437433708,0.390499707456399,0.789142831518436,0.853832094366351,-0.853832094366351,22.3,"played",NA,NA,NA,268,"Q4"
"5167",5167,"Florida Gulf CoastNorth Alabama1-3",2026-01-03,"conf","Florida Gulf Coast","North Alabama","ASun","ASun","A","W","72-55",0.308404183016962,0.155996475577486,0.789142831518436,0.952938253331221,0.0470617466687792,72,"played",NA,NA,NA,335,"Q4"
"5168",5168,"Florida Gulf CoastNorth Alabama1-3",2026-01-03,"conf","North Alabama","Florida Gulf Coast","ASun","ASun","H","L","55-72",0.155996475577486,0.308404183016962,0.87694452176131,0.941110565442255,-0.941110565442255,3.1,"played",NA,NA,NA,237,"Q4"
"5169",5169,"FloridaMissouri1-3",2026-01-03,"conf","Florida","Missouri","SEC","SEC","A","L","74-76",0.940366182041113,0.837628198528992,0.789142831518436,0.42045174979891,-0.42045174979891,80.2,"played",NA,NA,NA,70,"Q1"
"5170",5170,"FloridaMissouri1-3",2026-01-03,"conf","Missouri","Florida","SEC","SEC","H","W","76-74",0.837628198528992,0.940366182041113,0.87694452176131,0.311259394238092,0.688740605761908,95.3,"played",NA,NA,NA,14,"Q1"
"5171",5171,"Gardner WebbWinthrop1-3",2026-01-03,"conf","Gardner Webb","Winthrop","BSth","BSth","A","L","77-88",0.031054600359691,0.589293391463423,0.789142831518436,0.72286571295832,-0.72286571295832,49.4,"played",NA,NA,NA,130,"Q2"
"5172",5172,"Gardner WebbWinthrop1-3",2026-01-03,"conf","Winthrop","Gardner Webb","BSth","BSth","H","W","88-77",0.589293391463423,0.031054600359691,0.87694452176131,0.995522798064527,0.00447720193547285,4.5,"played",NA,NA,NA,363,"Q4"
"5173",5173,"Georgia SouthernOld Dominion1-3",2026-01-03,"conf","Georgia Southern","Old Dominion","SB","SB","A","W","93-86",0.25951963690932,0.413664087476716,0.789142831518436,0.841389735962245,0.158610264037755,81.6,"played",NA,NA,NA,250,"Q4"
"5174",5174,"Georgia SouthernOld Dominion1-3",2026-01-03,"conf","Old Dominion","Georgia Southern","SB","SB","H","L","86-93",0.413664087476716,0.25951963690932,0.87694452176131,0.953125607727472,-0.953125607727472,5.3,"played",NA,NA,NA,243,"Q4"
"5175",5175,"Georgia St.Coastal Carolina1-3",2026-01-03,"conf","Coastal Carolina","Georgia St.","SB","SB","H","L","71-89",0.391019597898515,0.207313157197796,0.87694452176131,0.964600153744441,-0.964600153744441,8.5,"played",NA,NA,NA,261,"Q4"
"5176",5176,"Georgia St.Coastal Carolina1-3",2026-01-03,"conf","Georgia St.","Coastal Carolina","SB","SB","A","W","89-71",0.207313157197796,0.391019597898515,0.789142831518436,0.853559338847739,0.146440661152261,64.5,"played",NA,NA,NA,235,"Q3"
"5177",5177,"HamptonUNC Wilmington1-3",2026-01-03,"conf","Hampton","UNC Wilmington","CAA","CAA","A","L","45-49",0.224878457335432,0.611618585583143,0.789142831518436,0.703838784355614,-0.703838784355614,29.5,"played",NA,NA,NA,109,"Q2"
"5178",5178,"HamptonUNC Wilmington1-3",2026-01-03,"conf","UNC Wilmington","Hampton","CAA","CAA","H","W","49-45",0.611618585583143,0.224878457335432,0.87694452176131,0.960881974481878,0.0391180255181218,52.2,"played",NA,NA,NA,238,"Q4"
"5179",5179,"HawaiiUC San Diego1-3",2026-01-03,"conf","Hawaii","UC San Diego","BW","BW","A","L","73-83",0.653990887306024,0.734201130187246,0.789142831518436,0.575352440331897,-0.575352440331897,36.8,"played",NA,NA,NA,98,"Q2"
"5180",5180,"HawaiiUC San Diego1-3",2026-01-03,"conf","UC San Diego","Hawaii","BW","BW","H","W","83-73",0.734201130187246,0.653990887306024,0.87694452176131,0.790373812577229,0.209626187422771,90,"played",NA,NA,NA,97,"Q3"
"5181",5181,"HofstraDrexel1-3",2026-01-03,"conf","Drexel","Hofstra","CAA","CAA","H","L","67-70",0.506908140029048,0.550605304781333,0.87694452176131,0.853296277500354,-0.853296277500354,22.1,"played",NA,NA,NA,106,"Q3"
"5182",5182,"HofstraDrexel1-3",2026-01-03,"conf","Hofstra","Drexel","CAA","CAA","A","W","70-67",0.550605304781333,0.506908140029048,0.789142831518436,0.78450783990208,0.21549216009792,81.6,"played",NA,NA,NA,211,"Q3"
"5183",5183,"Houston ChristianIncarnate Word1-3",2026-01-03,"conf","Houston Christian","Incarnate Word","Slnd","Slnd","A","L","56-73",0.166904500846973,0.403222433818588,0.789142831518436,0.847072516115336,-0.847072516115336,4,"played",NA,NA,NA,246,"Q4"
"5184",5184,"Houston ChristianIncarnate Word1-3",2026-01-03,"conf","Incarnate Word","Houston Christian","Slnd","Slnd","H","W","73-56",0.403222433818588,0.166904500846973,0.87694452176131,0.972656041762217,0.0273439582377828,76.3,"played",NA,NA,NA,297,"Q4"
"5185",5185,"HoustonCincinnati1-3",2026-01-03,"conf","Cincinnati","Houston","B12","B12","H","L","60-67",0.873465038086542,0.960500923846367,0.87694452176131,0.226642204378726,-0.226642204378726,94,"played",NA,NA,NA,10,"Q1"
"5186",5186,"HoustonCincinnati1-3",2026-01-03,"conf","Houston","Cincinnati","B12","B12","A","W","67-60",0.960500923846367,0.873465038086542,0.789142831518436,0.351561364376916,0.648438635623084,91.5,"played",NA,NA,NA,72,"Q1"
"5187",5187,"HowardSouth Carolina St.1-3",2026-01-03,"conf","Howard","South Carolina St.","MEAC","MEAC","A","L","57-58",0.233389525482971,0.0923660430113964,0.789142831518436,0.973528234373433,-0.973528234373433,2.3,"played",NA,NA,NA,360,"Q4"
"5188",5188,"HowardSouth Carolina St.1-3",2026-01-03,"conf","South Carolina St.","Howard","MEAC","MEAC","H","W","58-57",0.0923660430113964,0.233389525482971,0.87694452176131,0.95902984853669,0.0409701514633097,56.6,"played",NA,NA,NA,252,"Q4"
"5189",5189,"IllinoisPenn St.1-3",2026-01-03,"conf","Illinois","Penn St.","B10","B10","A","W","73-65",0.944572611131982,0.644016964773121,0.789142831518436,0.674129982609513,0.325870017390487,93.7,"played",NA,NA,NA,131,"Q2"
"5190",5190,"IllinoisPenn St.1-3",2026-01-03,"conf","Penn St.","Illinois","B10","B10","H","L","65-73",0.644016964773121,0.944572611131982,0.87694452176131,0.294869444924917,-0.294869444924917,67.5,"played",NA,NA,NA,9,"Q1"
"5191",5191,"JacksonvilleAustin Peay1-3",2026-01-03,"conf","Austin Peay","Jacksonville","ASun","ASun","H","W","71-68",0.626176067152334,0.161966016954007,0.87694452176131,0.973595990398377,0.0264040096016227,25.1,"played",NA,NA,NA,293,"Q4"
"5192",5192,"JacksonvilleAustin Peay1-3",2026-01-03,"conf","Jacksonville","Austin Peay","ASun","ASun","A","L","68-71",0.161966016954007,0.626176067152334,0.789142831518436,0.690812314834955,-0.690812314834955,49.1,"played",NA,NA,NA,149,"Q3"
"5193",5193,"James MadisonArkansas St.1-3",2026-01-03,"conf","Arkansas St.","James Madison","SB","SB","H","L","74-78",0.643792601240604,0.248008473110579,0.87694452176131,0.955768164170376,-0.955768164170376,22.5,"played",NA,NA,NA,244,"Q4"
"5194",5194,"James MadisonArkansas St.1-3",2026-01-03,"conf","James Madison","Arkansas St.","SB","SB","A","W","78-74",0.248008473110579,0.643792601240604,0.789142831518436,0.674344903439392,0.325655096560608,67.3,"played",NA,NA,NA,141,"Q3"
"5195",5195,"KansasUCF1-3",2026-01-03,"conf","Kansas","UCF","B12","B12","A","L","75-81",0.923435166348524,0.866736847529921,0.789142831518436,0.365251362941497,-0.365251362941497,77,"played",NA,NA,NA,39,"Q1"
"5196",5196,"KansasUCF1-3",2026-01-03,"conf","UCF","Kansas","B12","B12","H","W","81-75",0.866736847529921,0.923435166348524,0.87694452176131,0.371414287559022,0.628585712440978,95.9,"played",NA,NA,NA,18,"Q1"
"5197",5197,"KentuckyAlabama1-3",2026-01-03,"conf","Alabama","Kentucky","SEC","SEC","H","W","89-74",0.954434190116709,0.817212751797622,0.87694452176131,0.614491502801326,0.385508497198674,97.9,"played",NA,NA,NA,31,"Q2"
"5198",5198,"KentuckyAlabama1-3",2026-01-03,"conf","Kentucky","Alabama","SEC","SEC","A","L","74-89",0.817212751797622,0.954434190116709,0.789142831518436,0.151588690123373,-0.151588690123373,66.6,"played",NA,NA,NA,19,"Q1"
"5199",5199,"La SalleGeorge Washington1-3",2026-01-03,"conf","George Washington","La Salle","A10","A10","H","W","77-55",0.805846857394486,0.347282363436385,0.87694452176131,0.930527128014643,0.0694728719853572,87,"played",NA,NA,NA,227,"Q4"
"5200",5200,"La SalleGeorge Washington1-3",2026-01-03,"conf","La Salle","George Washington","A10","A10","A","L","55-77",0.347282363436385,0.805846857394486,0.789142831518436,0.474153029460988,-0.474153029460988,24.8,"played",NA,NA,NA,75,"Q1"
"5201",5201,"LafayetteLoyola MD1-3",2026-01-03,"conf","Lafayette","Loyola MD","Pat","Pat","A","W","79-64",0.147463233359836,0.162152229273016,0.789142831518436,0.95083072908287,0.0491692709171297,83.3,"played",NA,NA,NA,340,"Q4"
"5202",5202,"LafayetteLoyola MD1-3",2026-01-03,"conf","Loyola MD","Lafayette","Pat","Pat","H","L","64-79",0.162152229273016,0.147463233359836,0.87694452176131,0.976303494184094,-0.976303494184094,0.7,"played",NA,NA,NA,328,"Q4"
"5203",5203,"LehighBucknell1-3",2026-01-03,"conf","Bucknell","Lehigh","Pat","Pat","H","W","72-65",0.217206619977822,0.155993773443698,0.87694452176131,0.974720382753838,0.0252796172461617,20.7,"played",NA,NA,NA,298,"Q4"
"5204",5204,"LehighBucknell1-3",2026-01-03,"conf","Lehigh","Bucknell","Pat","Pat","A","L","65-72",0.155993773443698,0.217206619977822,0.789142831518436,0.930976439518599,-0.930976439518599,16.4,"played",NA,NA,NA,333,"Q4"
"5205",5205,"LongwoodHigh Point1-3",2026-01-03,"conf","High Point","Longwood","BSth","BSth","H","W","80-67",0.756790844012223,0.192892523448795,0.87694452176131,0.967552055004814,0.0324479449951863,61.2,"played",NA,NA,NA,271,"Q4"
"5206",5206,"LongwoodHigh Point1-3",2026-01-03,"conf","Longwood","High Point","BSth","BSth","A","L","67-80",0.192892523448795,0.756790844012223,0.789142831518436,0.546019695713936,-0.546019695713936,32.1,"played",NA,NA,NA,90,"Q2"
"5207",5207,"LSUTexas A&M1-3",2026-01-03,"conf","LSU","Texas A&M","SEC","SEC","A","L","72-75",0.778358211737825,0.915550420652576,0.789142831518436,0.256621248205328,-0.256621248205328,83.4,"played",NA,NA,NA,41,"Q1"
"5208",5208,"LSUTexas A&M1-3",2026-01-03,"conf","Texas A&M","LSU","SEC","SEC","H","W","75-72",0.915550420652576,0.778358211737825,0.87694452176131,0.669889229359921,0.330110770640079,88.4,"played",NA,NA,NA,50,"Q2"
"5209",5209,"MemphisRice1-3",2026-01-03,"conf","Memphis","Rice","Amer","Amer","A","W","76-70",0.647741340141445,0.456337279232508,0.789142831518436,0.816807094698556,0.183192905301444,54.6,"played",NA,NA,NA,253,"Q4"
"5210",5210,"MemphisRice1-3",2026-01-03,"conf","Rice","Memphis","Amer","Amer","H","L","70-76",0.456337279232508,0.647741340141445,0.87694452176131,0.794894141174265,-0.794894141174265,56.2,"played",NA,NA,NA,112,"Q3"
"5211",5211,"MercerEast Tennessee St.1-3",2026-01-03,"conf","East Tennessee St.","Mercer","SC","SC","H","W","77-71",0.607991931766003,0.497972452629038,0.87694452176131,0.877817047848107,0.122182952151893,64,"played",NA,NA,NA,125,"Q3"
"5212",5212,"MercerEast Tennessee St.1-3",2026-01-03,"conf","Mercer","East Tennessee St.","SC","SC","A","L","71-77",0.497972452629038,0.607991931766003,0.789142831518436,0.707006029827842,-0.707006029827842,46.4,"played",NA,NA,NA,129,"Q2"
"5213",5213,"MinnesotaNorthwestern1-3",2026-01-03,"conf","Minnesota","Northwestern","B10","B10","A","W","84-78",0.730929552070615,0.848307220201776,0.789142831518436,0.400923368847485,0.599076631152515,87.7,"played",NA,NA,NA,69,"Q1"
"5214",5214,"MinnesotaNorthwestern1-3",2026-01-03,"conf","Northwestern","Minnesota","B10","B10","H","L","78-84",0.848307220201776,0.730929552070615,0.87694452176131,0.724014798467854,-0.724014798467854,68,"played",NA,NA,NA,83,"Q3"
"5215",5215,"Mississippi St.Texas1-3",2026-01-03,"conf","Mississippi St.","Texas","SEC","SEC","A","W","101-98",0.637216067206247,0.887271095950039,0.789142831518436,0.322261464403328,0.677738535596672,91.4,"played",NA,NA,NA,43,"Q1"
"5216",5216,"Mississippi St.Texas1-3",2026-01-03,"conf","Texas","Mississippi St.","SEC","SEC","H","L","98-101",0.887271095950039,0.637216067206247,0.87694452176131,0.802264340981144,-0.802264340981144,56.5,"played",NA,NA,NA,99,"Q3"
"5217",5217,"MississippiOklahoma1-3",2026-01-03,"conf","Mississippi","Oklahoma","SEC","SEC","A","L","70-86",0.654298907124239,0.795763730228384,0.789142831518436,0.489936745058446,-0.489936745058446,43.6,"played",NA,NA,NA,76,"Q2"
"5218",5218,"MississippiOklahoma1-3",2026-01-03,"conf","Oklahoma","Mississippi","SEC","SEC","H","W","86-70",0.795763730228384,0.654298907124239,0.87694452176131,0.790148149620637,0.209851850379363,90.5,"played",NA,NA,NA,87,"Q3"
"5219",5219,"MonmouthTowson1-3",2026-01-03,"conf","Monmouth","Towson","CAA","CAA","A","W","62-48",0.318339421823734,0.507727245638924,0.789142831518436,0.783953308037154,0.216046691962846,92.6,"played",NA,NA,NA,162,"Q3"
"5220",5220,"MonmouthTowson1-3",2026-01-03,"conf","Towson","Monmouth","CAA","CAA","H","L","48-62",0.507727245638924,0.318339421823734,0.87694452176131,0.938498639231933,-0.938498639231933,3.7,"played",NA,NA,NA,204,"Q4"
"5221",5221,"Morehead St.SIU Edwardsville1-3",2026-01-03,"conf","Morehead St.","SIU Edwardsville","OVC","OVC","A","W","73-72",0.163264947729151,0.352740157956621,0.789142831518436,0.872892862348331,0.127107137651669,33.5,"played",NA,NA,NA,255,"Q4"
"5222",5222,"Morehead St.SIU Edwardsville1-3",2026-01-03,"conf","SIU Edwardsville","Morehead St.","OVC","OVC","H","L","72-73",0.352740157956621,0.163264947729151,0.87694452176131,0.973349662894276,-0.973349662894276,17.4,"played",NA,NA,NA,286,"Q4"
"5223",5223,"Morgan St.Maryland Eastern Shore1-3",2026-01-03,"conf","Maryland Eastern Shore","Morgan St.","MEAC","MEAC","H","W","66-49",0.194861945562525,0.0419653130687214,0.87694452176131,0.99389090633261,0.00610909366739021,37.4,"played",NA,NA,NA,361,"Q4"
"5224",5224,"Morgan St.Maryland Eastern Shore1-3",2026-01-03,"conf","Morgan St.","Maryland Eastern Shore","MEAC","MEAC","A","L","49-66",0.0419653130687214,0.194861945562525,0.789142831518436,0.939259937606587,-0.939259937606587,1.7,"played",NA,NA,NA,325,"Q4"
"5225",5225,"NavyHoly Cross1-3",2026-01-03,"conf","Holy Cross","Navy","Pat","Pat","H","L","58-65",0.203196040881925,0.313792818654193,0.87694452176131,0.939701501811385,-0.939701501811385,9.3,"played",NA,NA,NA,193,"Q4"
"5226",5226,"NavyHoly Cross1-3",2026-01-03,"conf","Navy","Holy Cross","Pat","Pat","A","W","65-58",0.313792818654193,0.203196040881925,0.789142831518436,0.936207636608896,0.0637923633911037,53.2,"played",NA,NA,NA,314,"Q4"
"5227",5227,"NevadaFresno St.1-3",2026-01-03,"conf","Fresno St.","Nevada","MWC","MWC","H","L","65-66",0.639155744766348,0.739452783455418,0.87694452176131,0.715181068389696,-0.715181068389696,75.9,"played",NA,NA,NA,65,"Q2"
"5228",5228,"NevadaFresno St.1-3",2026-01-03,"conf","Nevada","Fresno St.","MWC","MWC","A","W","66-65",0.739452783455418,0.639155744766348,0.789142831518436,0.678756847319588,0.321243152680412,61.5,"played",NA,NA,NA,139,"Q3"
"5229",5229,"New OrleansNorthwestern St.1-3",2026-01-03,"conf","New Orleans","Northwestern St.","Slnd","Slnd","A","L","68-74",0.331235610868882,0.284845739227625,0.789142831518436,0.903812007986627,-0.903812007986627,26.4,"played",NA,NA,NA,306,"Q4"
"5230",5230,"New OrleansNorthwestern St.1-3",2026-01-03,"conf","Northwestern St.","New Orleans","Slnd","Slnd","H","W","74-68",0.284845739227625,0.331235610868882,0.87694452176131,0.93501525605322,0.0649847439467803,35.4,"played",NA,NA,NA,231,"Q4"
"5231",5231,"NJITBinghamton1-3",2026-01-03,"conf","Binghamton","NJIT","AE","AE","H","L","65-73",0.0832959988038982,0.108362596707915,0.87694452176131,0.983232201292529,-0.983232201292529,6.7,"played",NA,NA,NA,332,"Q4"
"5232",5232,"NJITBinghamton1-3",2026-01-03,"conf","NJIT","Binghamton","AE","AE","A","W","73-65",0.108362596707915,0.0832959988038982,0.789142831518436,0.976296658657706,0.0237033413422945,13.3,"played",NA,NA,NA,362,"Q4"
"5233",5233,"Norfolk St.North Carolina Central1-3",2026-01-03,"conf","Norfolk St.","North Carolina Central","MEAC","MEAC","A","L","67-69",0.12516166540671,0.146611416892688,0.789142831518436,0.956110386825677,-0.956110386825677,8,"played",NA,NA,NA,344,"Q4"
"5234",5234,"Norfolk St.North Carolina Central1-3",2026-01-03,"conf","North Carolina Central","Norfolk St.","MEAC","MEAC","H","W","69-67",0.146611416892688,0.12516166540671,0.87694452176131,0.980319327860556,0.019680672139444,22.1,"played",NA,NA,NA,303,"Q4"
"5235",5235,"North Carolina A&TStony Brook1-3",2026-01-03,"conf","North Carolina A&T","Stony Brook","CAA","CAA","A","L","80-81",0.167266946360123,0.460531374139957,0.789142831518436,0.814265765425597,-0.814265765425597,32.4,"played",NA,NA,NA,234,"Q3"
"5236",5236,"North Carolina A&TStony Brook1-3",2026-01-03,"conf","Stony Brook","North Carolina A&T","CAA","CAA","H","W","81-80",0.460531374139957,0.167266946360123,0.87694452176131,0.97258668982768,0.0274133101723195,26.4,"played",NA,NA,NA,270,"Q4"
"5237",5237,"North CarolinaSMU1-3",2026-01-03,"conf","North Carolina","SMU","ACC","ACC","A","L","83-97",0.849603281638803,0.916602426915101,0.789142831518436,0.254019532125076,-0.254019532125076,73.1,"played",NA,NA,NA,30,"Q1"
"5238",5238,"North CarolinaSMU1-3",2026-01-03,"conf","SMU","North Carolina","ACC","ACC","H","W","97-83",0.916602426915101,0.849603281638803,0.87694452176131,0.557819068404126,0.442180931595874,95.8,"played",NA,NA,NA,27,"Q1"
"5239",5239,"North FloridaLipscomb1-3",2026-01-03,"conf","Lipscomb","North Florida","ASun","ASun","H","W","82-74",0.559428391801076,0.130909333469256,0.87694452176131,0.979300944347944,0.0206990556520561,24.2,"played",NA,NA,NA,341,"Q4"
"5240",5240,"North FloridaLipscomb1-3",2026-01-03,"conf","North Florida","Lipscomb","ASun","ASun","A","L","74-82",0.130909333469256,0.559428391801076,0.789142831518436,0.74666876697657,-0.74666876697657,37.4,"played",NA,NA,NA,160,"Q3"
"5241",5241,"NortheasternCampbell1-3",2026-01-03,"conf","Campbell","Northeastern","CAA","CAA","H","W","97-82",0.480657896699851,0.250737593781546,0.87694452176131,0.955147684195681,0.0448523158043189,66.4,"played",NA,NA,NA,249,"Q4"
"5242",5242,"NortheasternCampbell1-3",2026-01-03,"conf","Northeastern","Campbell","CAA","CAA","A","L","82-97",0.250737593781546,0.480657896699851,0.789142831518436,0.801734966102244,-0.801734966102244,13.5,"played",NA,NA,NA,203,"Q3"
"5243",5243,"Northern ArizonaMontana St.1-3",2026-01-03,"conf","Montana St.","Northern Arizona","BSky","BSky","H","W","77-68",0.671913057281984,0.144289047802944,0.87694452176131,0.976885797919125,0.0231142020808752,48.2,"played",NA,NA,NA,318,"Q4"
"5244",5244,"Northern ArizonaMontana St.1-3",2026-01-03,"conf","Northern Arizona","Montana St.","BSky","BSky","A","L","68-77",0.144289047802944,0.671913057281984,0.789142831518436,0.64632316760184,-0.64632316760184,27,"played",NA,NA,NA,134,"Q2"
"5245",5245,"Northern ColoradoMontana1-3",2026-01-03,"conf","Montana","Northern Colorado","BSky","BSky","H","W","88-79",0.633343943366853,0.441176952284647,0.87694452176131,0.900267043852585,0.0997329561474151,80.5,"played",NA,NA,NA,164,"Q4"
"5246",5246,"Northern ColoradoMontana1-3",2026-01-03,"conf","Northern Colorado","Montana","BSky","BSky","A","L","79-88",0.441176952284647,0.633343943366853,0.789142831518436,0.68420773286188,-0.68420773286188,24.8,"played",NA,NA,NA,163,"Q3"
"5247",5247,"Northern IllinoisKent St.1-3",2026-01-03,"conf","Kent St.","Northern Illinois","MAC","MAC","H","W","77-73",0.638568943065511,0.136539414444762,0.87694452176131,0.978292340323179,0.0217076596768214,42.7,"played",NA,NA,NA,312,"Q4"
"5248",5248,"Northern IllinoisKent St.1-3",2026-01-03,"conf","Northern Illinois","Kent St.","MAC","MAC","A","L","73-77",0.136539414444762,0.638568943065511,0.789142831518436,0.679311168960651,-0.679311168960651,27.3,"played",NA,NA,NA,148,"Q3"
"5249",5249,"OhioEastern Michigan1-3",2026-01-03,"conf","Eastern Michigan","Ohio","MAC","MAC","H","L","67-68",0.534059422473723,0.300680871365136,0.87694452176131,0.943099418758103,-0.943099418758103,44.2,"played",NA,NA,NA,216,"Q4"
"5250",5250,"OhioEastern Michigan1-3",2026-01-03,"conf","Ohio","Eastern Michigan","MAC","MAC","A","W","68-67",0.300680871365136,0.534059422473723,0.789142831518436,0.765543748596947,0.234456251403053,38.4,"played",NA,NA,NA,179,"Q3"
"5251",5251,"Oklahoma St.Texas Tech1-3",2026-01-03,"conf","Oklahoma St.","Texas Tech","B12","B12","A","L","80-102",0.704302099365832,0.952998790803517,0.789142831518436,0.155818723619252,-0.155818723619252,63.4,"played",NA,NA,NA,17,"Q1"
"5252",5252,"Oklahoma St.Texas Tech1-3",2026-01-03,"conf","Texas Tech","Oklahoma St.","B12","B12","H","W","102-80",0.952998790803517,0.704302099365832,0.87694452176131,0.749498494736875,0.250501505263125,96.5,"played",NA,NA,NA,73,"Q2"
"5253",5253,"Oral RobertsNorth Dakota St.1-3",2026-01-03,"conf","North Dakota St.","Oral Roberts","Sum","Sum","H","W","79-77",0.678074728815918,0.14650394031066,0.87694452176131,0.976479859681162,0.0235201403188382,16.4,"played",NA,NA,NA,317,"Q4"
"5254",5254,"Oral RobertsNorth Dakota St.1-3",2026-01-03,"conf","Oral Roberts","North Dakota St.","Sum","Sum","A","L","77-79",0.14650394031066,0.678074728815918,0.789142831518436,0.639876531050688,-0.639876531050688,64.9,"played",NA,NA,NA,132,"Q2"
"5255",5255,"Portland St.Idaho St.1-3",2026-01-03,"conf","Idaho St.","Portland St.","BSky","BSky","H","L","87-93",0.482382067045718,0.428876901216264,0.87694452176131,0.904671517158032,-0.904671517158032,42.8,"played",NA,NA,NA,137,"Q3"
"5256",5256,"Portland St.Idaho St.1-3",2026-01-03,"conf","Portland St.","Idaho St.","BSky","BSky","A","W","93-87",0.428876901216264,0.482382067045718,0.789142831518436,0.800634908501729,0.199365091498271,48.4,"played",NA,NA,NA,174,"Q3"
"5257",5257,"Prairie View A&MGrambling St.1-3",2026-01-03,"conf","Grambling St.","Prairie View A&M","SWAC","SWAC","H","W","76-72",0.36719319961836,0.172466558867004,0.87694452176131,0.971586187483802,0.0284138125161976,32.8,"played",NA,NA,NA,296,"Q4"
"5258",5258,"Prairie View A&MGrambling St.1-3",2026-01-03,"conf","Prairie View A&M","Grambling St.","SWAC","SWAC","A","L","72-76",0.172466558867004,0.36719319961836,0.789142831518436,0.865767541088024,-0.865767541088024,19.8,"played",NA,NA,NA,266,"Q4"
"5259",5259,"ProvidenceSt. John's1-3",2026-01-03,"conf","Providence","St. John's","BE","BE","A","W","77-71",0.682260447232124,0.941505441293299,0.789142831518436,0.188653986484811,0.811346013515189,94.2,"played",NA,NA,NA,23,"Q1"
"5260",5260,"ProvidenceSt. John's1-3",2026-01-03,"conf","St. John's","Providence","BE","BE","H","L","71-77",0.941505441293299,0.682260447232124,0.87694452176131,0.768458776904752,-0.768458776904752,67.9,"played",NA,NA,NA,89,"Q3"
"5261",5261,"PurdueWisconsin1-3",2026-01-03,"conf","Purdue","Wisconsin","B10","B10","A","W","89-73",0.942325072165618,0.913235229454143,0.789142831518436,0.262304234633571,0.737695765366429,98.7,"played",NA,NA,NA,36,"Q1"
"5262",5262,"PurdueWisconsin1-3",2026-01-03,"conf","Wisconsin","Purdue","B10","B10","H","L","73-89",0.913235229454143,0.942325072165618,0.87694452176131,0.303704422926014,-0.303704422926014,69.3,"played",NA,NA,NA,5,"Q1"
"5263",5263,"Rhode IslandGeorge Mason1-3",2026-01-03,"conf","George Mason","Rhode Island","A10","A10","H","W","61-50",0.758834600748699,0.501095551708488,0.87694452176131,0.876470842985361,0.123529157014639,85.4,"played",NA,NA,NA,133,"Q3"
"5264",5264,"Rhode IslandGeorge Mason1-3",2026-01-03,"conf","Rhode Island","George Mason","A10","A10","A","L","50-61",0.501095551708488,0.758834600748699,0.789142831518436,0.543257964252141,-0.543257964252141,35,"played",NA,NA,NA,63,"Q1"
"5265",5265,"Sacramento St.Weber St.1-3",2026-01-03,"conf","Sacramento St.","Weber St.","BSky","BSky","A","L","82-95",0.187290241962568,0.519652525465715,0.789142831518436,0.775758164330446,-0.775758164330446,13.7,"played",NA,NA,NA,190,"Q3"
"5266",5266,"Sacramento St.Weber St.1-3",2026-01-03,"conf","Weber St.","Sacramento St.","BSky","BSky","H","W","95-82",0.519652525465715,0.187290241962568,0.87694452176131,0.96867531291602,0.0313246870839802,61.1,"played",NA,NA,NA,279,"Q4"
"5267",5267,"SamfordUNC Greensboro1-3",2026-01-03,"conf","Samford","UNC Greensboro","SC","SC","A","L","82-89",0.172321727445834,0.281789356639244,0.789142831518436,0.9051126855927,-0.9051126855927,8.9,"played",NA,NA,NA,295,"Q4"
"5268",5268,"SamfordUNC Greensboro1-3",2026-01-03,"conf","UNC Greensboro","Samford","SC","SC","H","W","89-82",0.281789356639244,0.172321727445834,0.87694452176131,0.971614197909055,0.0283858020909451,45.7,"played",NA,NA,NA,269,"Q4"
"5269",5269,"San Jose St.Utah St.1-3",2026-01-03,"conf","San Jose St.","Utah St.","MWC","MWC","A","L","78-96",0.280831199129306,0.914720101774999,0.789142831518436,0.25866611800377,-0.25866611800377,77.7,"played",NA,NA,NA,25,"Q1"
"5270",5270,"San Jose St.Utah St.1-3",2026-01-03,"conf","Utah St.","San Jose St.","MWC","MWC","H","W","96-78",0.914720101774999,0.280831199129306,0.87694452176131,0.9480512429362,0.0519487570637999,54.6,"played",NA,NA,NA,259,"Q4"
"5271",5271,"South AlabamaTroy1-3",2026-01-03,"conf","South Alabama","Troy","SB","SB","A","L","49-59",0.306238592181222,0.719734730060241,0.789142831518436,0.593057675690047,-0.593057675690047,25.6,"played",NA,NA,NA,103,"Q2"
"5272",5272,"South AlabamaTroy1-3",2026-01-03,"conf","Troy","South Alabama","SB","SB","H","W","59-49",0.719734730060241,0.306238592181222,0.87694452176131,0.941671849852463,0.0583281501475374,76.7,"played",NA,NA,NA,197,"Q4"
"5273",5273,"South Dakota St.North Dakota1-3",2026-01-03,"conf","North Dakota","South Dakota St.","Sum","Sum","H","W","90-87",0.343317996272495,0.37728213329656,0.87694452176131,0.921644883236383,0.0783551167636174,46.3,"played",NA,NA,NA,180,"Q4"
"5274",5274,"South Dakota St.North Dakota1-3",2026-01-03,"conf","South Dakota St.","North Dakota","Sum","Sum","A","L","87-90",0.37728213329656,0.343317996272495,0.789142831518436,0.877429380407867,-0.877429380407867,26.9,"played",NA,NA,NA,282,"Q4"
"5275",5275,"Southern IndianaLindenwood1-3",2026-01-03,"conf","Lindenwood","Southern Indiana","OVC","OVC","H","W","83-80",0.442688901303207,0.0957595304080808,0.87694452176131,0.985357317458812,0.0146426825411878,19.1,"played",NA,NA,NA,338,"Q4"
"5276",5276,"Southern IndianaLindenwood1-3",2026-01-03,"conf","Southern Indiana","Lindenwood","OVC","OVC","A","L","80-83",0.0957595304080808,0.442688901303207,0.789142831518436,0.824917009807152,-0.824917009807152,26.3,"played",NA,NA,NA,224,"Q3"
"5277",5277,"Southern MissLouisiana1-3",2026-01-03,"conf","Louisiana","Southern Miss","SB","SB","H","L","67-74",0.233108569263396,0.288887976904287,0.87694452176131,0.946068457441536,-0.946068457441536,15.8,"played",NA,NA,NA,236,"Q4"
"5278",5278,"Southern MissLouisiana1-3",2026-01-03,"conf","Southern Miss","Louisiana","SB","SB","A","W","74-67",0.288887976904287,0.233108569263396,0.789142831518436,0.924882092909863,0.0751179070901371,39.7,"played",NA,NA,NA,334,"Q4"
"5279",5279,"Stephen F. AustinSoutheastern Louisiana1-3",2026-01-03,"conf","Southeastern Louisiana","Stephen F. Austin","Slnd","Slnd","H","L","63-73",0.33709012828235,0.698277000404957,0.87694452176131,0.75485983588986,-0.75485983588986,25.7,"played",NA,NA,NA,88,"Q3"
"5280",5280,"Stephen F. AustinSoutheastern Louisiana1-3",2026-01-03,"conf","Stephen F. Austin","Southeastern Louisiana","Slnd","Slnd","A","W","73-63",0.698277000404957,0.33709012828235,0.789142831518436,0.880382261833675,0.119617738166325,77.3,"played",NA,NA,NA,288,"Q4"
"5281",5281,"StetsonCentral Arkansas1-3",2026-01-03,"conf","Central Arkansas","Stetson","ASun","ASun","H","W","93-73",0.578184355364173,0.131178587745499,0.87694452176131,0.979252959192397,0.020747040807603,66.1,"played",NA,NA,NA,327,"Q4"
"5282",5282,"StetsonCentral Arkansas1-3",2026-01-03,"conf","Stetson","Central Arkansas","ASun","ASun","A","L","73-93",0.131178587745499,0.578184355364173,0.789142831518436,0.73193102040683,-0.73193102040683,9.6,"played",NA,NA,NA,206,"Q3"
"5283",5283,"Tennessee St.Little Rock1-3",2026-01-03,"conf","Little Rock","Tennessee St.","OVC","OVC","H","L","79-84",0.216987170533557,0.211923958515258,0.87694452176131,0.963637441578405,-0.963637441578405,11.6,"played",NA,NA,NA,229,"Q4"
"5284",5284,"Tennessee St.Little Rock1-3",2026-01-03,"conf","Tennessee St.","Little Rock","OVC","OVC","A","W","84-79",0.211923958515258,0.216987170533557,0.789142831518436,0.931059361043289,0.0689406389567112,36.2,"played",NA,NA,NA,302,"Q4"
"5285",5285,"TennesseeArkansas1-3",2026-01-03,"conf","Arkansas","Tennessee","SEC","SEC","H","W","86-75",0.944779447184236,0.910843273419277,0.87694452176131,0.410919233587288,0.589080766412712,96.1,"played",NA,NA,NA,26,"Q1"
"5286",5286,"TennesseeArkansas1-3",2026-01-03,"conf","Tennessee","Arkansas","SEC","SEC","A","L","75-86",0.910843273419277,0.944779447184236,0.789142831518436,0.17948361785422,-0.17948361785422,87.8,"played",NA,NA,NA,20,"Q1"
"5287",5287,"Texas A&M Corpus ChrisUT Rio Grande Valley1-3",2026-01-03,"conf","Texas A&M Corpus Chris","UT Rio Grande Valley","Slnd","Slnd","A","W","63-59",0.415344559057257,0.55726232666861,0.789142831518436,0.748326675227506,0.251673324772494,69,"played",NA,NA,NA,194,"Q3"
"5288",5288,"Texas A&M Corpus ChrisUT Rio Grande Valley1-3",2026-01-03,"conf","UT Rio Grande Valley","Texas A&M Corpus Chris","Slnd","Slnd","H","L","59-63",0.55726232666861,0.415344559057257,0.87694452176131,0.909349881209777,-0.909349881209777,28.6,"played",NA,NA,NA,181,"Q4"
"5289",5289,"Texas SouthernSouthern1-3",2026-01-03,"conf","Southern","Texas Southern","SWAC","SWAC","H","W","84-73",0.408192260035411,0.127997519309955,0.87694452176131,0.979818278787393,0.0201817212126065,48.4,"played",NA,NA,NA,348,"Q4"
"5290",5290,"Texas SouthernSouthern1-3",2026-01-03,"conf","Texas Southern","Southern","SWAC","SWAC","A","L","73-84",0.127997519309955,0.408192260035411,0.789142831518436,0.844383205258941,-0.844383205258941,9.7,"played",NA,NA,NA,278,"Q4"
"5291",5291,"Texas St.Louisiana Monroe1-3",2026-01-03,"conf","Louisiana Monroe","Texas St.","SB","SB","H","L","79-84",0.110510816070549,0.245509808153534,0.87694452176131,0.956333012725181,-0.956333012725181,13.8,"played",NA,NA,NA,265,"Q4"
"5292",5292,"Texas St.Louisiana Monroe1-3",2026-01-03,"conf","Texas St.","Louisiana Monroe","SB","SB","A","W","84-79",0.245509808153534,0.110510816070549,0.789142831518436,0.967869772859297,0.0321302271407032,20.2,"played",NA,NA,NA,359,"Q4"
"5293",5293,"ToledoCentral Michigan1-3",2026-01-03,"conf","Central Michigan","Toledo","MAC","MAC","H","L","75-78",0.241994330286212,0.405578446649967,0.87694452176131,0.912622369732399,-0.912622369732399,44.5,"played",NA,NA,NA,169,"Q4"
"5294",5294,"ToledoCentral Michigan1-3",2026-01-03,"conf","Toledo","Central Michigan","MAC","MAC","A","W","78-75",0.405578446649967,0.241994330286212,0.789142831518436,0.921401475256222,0.0785985247437777,21.4,"played",NA,NA,NA,329,"Q4"
"5295",5295,"UC IrvineCal St. Fullerton1-3",2026-01-03,"conf","Cal St. Fullerton","UC Irvine","BW","BW","H","L","64-86",0.486141474245039,0.570843061730183,0.87694452176131,0.842708029324452,-0.842708029324452,8.4,"played",NA,NA,NA,128,"Q3"
"5296",5296,"UC IrvineCal St. Fullerton1-3",2026-01-03,"conf","UC Irvine","Cal St. Fullerton","BW","BW","A","W","86-64",0.570843061730183,0.486141474245039,0.789142831518436,0.798221354022513,0.201778645977487,93.2,"played",NA,NA,NA,200,"Q3"
"5297",5297,"UC Santa BarbaraCal St. Northridge1-3",2026-01-03,"conf","Cal St. Northridge","UC Santa Barbara","BW","BW","H","W","74-65",0.543814122124777,0.483931703427263,0.87694452176131,0.883716358848983,0.116283641151017,82.3,"played",NA,NA,NA,145,"Q3"
"5298",5298,"UC Santa BarbaraCal St. Northridge1-3",2026-01-03,"conf","UC Santa Barbara","Cal St. Northridge","BW","BW","A","L","65-74",0.483931703427263,0.543814122124777,0.789142831518436,0.758424134649901,-0.758424134649901,19.4,"played",NA,NA,NA,209,"Q3"
"5299",5299,"UCLAIowa1-3",2026-01-03,"conf","Iowa","UCLA","B10","B10","H","W","74-61",0.951016965997977,0.799123308329882,0.87694452176131,0.64175383145719,0.35824616854281,98.2,"played",NA,NA,NA,40,"Q2"
"5300",5300,"UCLAIowa1-3",2026-01-03,"conf","UCLA","Iowa","B10","B10","A","L","61-74",0.799123308329882,0.951016965997977,0.789142831518436,0.161610786773865,-0.161610786773865,58.2,"played",NA,NA,NA,21,"Q1"
"5301",5301,"UMKCNebraska Omaha1-3",2026-01-03,"conf","Nebraska Omaha","UMKC","Sum","Sum","H","L","66-73",0.38253352780429,0.0841485058607757,0.87694452176131,0.987271223453189,-0.987271223453189,4.1,"played",NA,NA,NA,346,"Q4"
"5302",5302,"UMKCNebraska Omaha1-3",2026-01-03,"conf","UMKC","Nebraska Omaha","Sum","Sum","A","W","73-66",0.0841485058607757,0.38253352780429,0.789142831518436,0.857975360620707,0.142024639379293,57,"played",NA,NA,NA,281,"Q4"
"5303",5303,"UNC AshevilleCharleston Southern1-3",2026-01-03,"conf","Charleston Southern","UNC Asheville","BSth","BSth","H","W","86-83",0.455058138848351,0.274453641199316,0.87694452176131,0.949595279565646,0.0504047204343535,49.7,"played",NA,NA,NA,232,"Q4"
"5304",5304,"UNC AshevilleCharleston Southern1-3",2026-01-03,"conf","UNC Asheville","Charleston Southern","BSth","BSth","A","L","83-86",0.274453641199316,0.455058138848351,0.789142831518436,0.817577500727398,-0.817577500727398,24.2,"played",NA,NA,NA,219,"Q3"
"5305",5305,"USC UpstatePresbyterian1-3",2026-01-03,"conf","Presbyterian","USC Upstate","BSth","BSth","H","W","86-77",0.33833969804482,0.171715590878374,0.87694452176131,0.97173133605275,0.0282686639472497,37,"played",NA,NA,NA,285,"Q4"
"5306",5306,"USC UpstatePresbyterian1-3",2026-01-03,"conf","USC Upstate","Presbyterian","BSth","BSth","A","L","77-86",0.171715590878374,0.33833969804482,0.789142831518436,0.879792664762907,-0.879792664762907,15.3,"played",NA,NA,NA,258,"Q4"
"5307",5307,"UT ArlingtonSouthern Utah1-3",2026-01-03,"conf","Southern Utah","UT Arlington","WAC","WAC","H","L","77-86",0.331760954622987,0.429835729480134,0.87694452176131,0.90433348387365,-0.90433348387365,27.6,"played",NA,NA,NA,123,"Q3"
"5308",5308,"UT ArlingtonSouthern Utah1-3",2026-01-03,"conf","UT Arlington","Southern Utah","WAC","WAC","A","W","86-77",0.429835729480134,0.331760954622987,0.789142831518436,0.882880763427249,0.117119236572751,49.6,"played",NA,NA,NA,294,"Q4"
"5309",5309,"Utah ValleyAbilene Christian1-3",2026-01-03,"conf","Abilene Christian","Utah Valley","WAC","WAC","H","W","85-68",0.395357780875213,0.65875856803625,0.87694452176131,0.786850012957824,0.213149987042176,91.5,"played",NA,NA,NA,96,"Q3"
"5310",5310,"Utah ValleyAbilene Christian1-3",2026-01-03,"conf","Utah Valley","Abilene Christian","WAC","WAC","A","L","68-85",0.65875856803625,0.395357780875213,0.789142831518436,0.851271945390759,-0.851271945390759,10.5,"played",NA,NA,NA,241,"Q4"
"5311",5311,"UTSATemple1-3",2026-01-03,"conf","Temple","UTSA","Amer","Amer","H","W","76-57",0.639379701297134,0.0659428297410237,0.87694452176131,0.990190615450233,0.00980938454976721,55.3,"played",NA,NA,NA,349,"Q4"
"5312",5312,"UTSATemple1-3",2026-01-03,"conf","UTSA","Temple","Amer","Amer","A","L","57-76",0.0659428297410237,0.639379701297134,0.789142831518436,0.67854505050098,-0.67854505050098,9.2,"played",NA,NA,NA,154,"Q3"
"5313",5313,"VanderbiltSouth Carolina1-3",2026-01-03,"conf","South Carolina","Vanderbilt","SEC","SEC","H","L","71-83",0.817726977948728,0.928124167770446,0.87694452176131,0.355622029564161,-0.355622029564161,59.4,"played",NA,NA,NA,16,"Q1"
"5314",5314,"VanderbiltSouth Carolina1-3",2026-01-03,"conf","Vanderbilt","South Carolina","SEC","SEC","A","W","83-71",0.928124167770446,0.817726977948728,0.789142831518436,0.454809537531623,0.545190462468377,97.5,"played",NA,NA,NA,85,"Q2"
"5315",5315,"VCUDuquesne1-3",2026-01-03,"conf","Duquesne","VCU","A10","A10","H","L","80-93",0.664548733997581,0.722299621864947,0.87694452176131,0.732611158893325,-0.732611158893325,36.7,"played",NA,NA,NA,55,"Q2"
"5316",5316,"VCUDuquesne1-3",2026-01-03,"conf","VCU","Duquesne","A10","A10","A","W","93-80",0.722299621864947,0.664548733997581,0.789142831518436,0.653879211488026,0.346120788511974,89.9,"played",NA,NA,NA,155,"Q3"
"5317",5317,"VermontNew Hampshire1-3",2026-01-03,"conf","New Hampshire","Vermont","AE","AE","H","L","61-80",0.294034884198752,0.297392585715157,0.87694452176131,0.943935425917984,-0.943935425917984,3,"played",NA,NA,NA,207,"Q4"
"5318",5318,"VermontNew Hampshire1-3",2026-01-03,"conf","Vermont","New Hampshire","AE","AE","A","W","80-61",0.297392585715157,0.294034884198752,0.789142831518436,0.899856735898056,0.100143264101944,84.9,"played",NA,NA,NA,323,"Q4"
"5319",5319,"VillanovaButler1-3",2026-01-03,"conf","Butler","Villanova","BE","BE","H","L","67-85",0.858613464070704,0.84811313237523,0.87694452176131,0.560681993494687,-0.560681993494687,55.9,"played",NA,NA,NA,33,"Q2"
"5320",5320,"VillanovaButler1-3",2026-01-03,"conf","Villanova","Butler","BE","BE","A","W","85-67",0.84811313237523,0.858613464070704,0.789142831518436,0.381295065510961,0.618704934489039,96.4,"played",NA,NA,NA,48,"Q1"
"5321",5321,"Virginia TechWake Forest1-3",2026-01-03,"conf","Virginia Tech","Wake Forest","ACC","ACC","A","L","78-81",0.754253091747402,0.830188381602287,0.789142831518436,0.433595457149497,-0.433595457149497,70.8,"played",NA,NA,NA,67,"Q1"
"5322",5322,"Virginia TechWake Forest1-3",2026-01-03,"conf","Wake Forest","Virginia Tech","ACC","ACC","H","W","81-78",0.830188381602287,0.754253091747402,0.87694452176131,0.698966789253546,0.301033210746454,86.1,"played",NA,NA,NA,51,"Q2"
"5323",5323,"VirginiaN.C. State1-3",2026-01-03,"conf","N.C. State","Virginia","ACC","ACC","H","L","61-76",0.928506150979041,0.941543118572919,0.87694452176131,0.306736242269756,-0.306736242269756,48.6,"played",NA,NA,NA,13,"Q1"
"5324",5324,"VirginiaN.C. State1-3",2026-01-03,"conf","Virginia","N.C. State","ACC","ACC","A","W","76-61",0.941543118572919,0.928506150979041,0.789142831518436,0.223705894573487,0.776294105426513,99.5,"played",NA,NA,NA,29,"Q1"
"5325",5325,"Western CarolinaFurman1-3",2026-01-03,"conf","Furman","Western Carolina","SC","SC","H","L","77-80",0.548536258475982,0.189337564487005,0.87694452176131,0.968266322969144,-0.968266322969144,11.5,"played",NA,NA,NA,289,"Q4"
"5326",5326,"Western CarolinaFurman1-3",2026-01-03,"conf","Western Carolina","Furman","SC","SC","A","W","80-77",0.189337564487005,0.548536258475982,0.789142831518436,0.754916473669213,0.245083526330787,68.7,"played",NA,NA,NA,189,"Q3"
"5327",5327,"Western IllinoisSoutheast Missouri St.1-3",2026-01-03,"conf","Southeast Missouri St.","Western Illinois","OVC","OVC","H","W","73-50",0.342914782088887,0.0596043465683944,0.87694452176131,0.991184425486864,0.0088155745131363,60,"played",NA,NA,NA,356,"Q4"
"5328",5328,"Western IllinoisSoutheast Missouri St.1-3",2026-01-03,"conf","Western Illinois","Southeast Missouri St.","OVC","OVC","A","L","50-73",0.0596043465683944,0.342914782088887,0.789142831518436,0.877621650282935,-0.877621650282935,2.2,"played",NA,NA,NA,242,"Q4"
"5329",5329,"Wichita St.Charlotte1-3",2026-01-03,"conf","Charlotte","Wichita St.","Amer","Amer","H","W","104-100",0.567723178537992,0.597783953153128,0.87694452176131,0.82743668853645,0.17256331146355,58.4,"played",NA,NA,NA,95,"Q3"
"5330",5330,"Wichita St.Charlotte1-3",2026-01-03,"conf","Wichita St.","Charlotte","Amer","Amer","A","L","100-104",0.597783953153128,0.567723178537992,0.789142831518436,0.740236588946491,-0.740236588946491,58.1,"played",NA,NA,NA,173,"Q3"
"5331",5331,"WoffordThe Citadel1-3",2026-01-03,"conf","The Citadel","Wofford","SC","SC","H","L","86-95",0.140154923802397,0.281320852120458,0.87694452176131,0.947931772553643,-0.947931772553643,8.9,"played",NA,NA,NA,225,"Q4"
"5332",5332,"WoffordThe Citadel1-3",2026-01-03,"conf","Wofford","The Citadel","SC","SC","A","W","95-86",0.281320852120458,0.140154923802397,0.789142831518436,0.958264437000095,0.0417355629999049,39.6,"played",NA,NA,NA,350,"Q4"
"5333",5333,"WyomingNew Mexico1-3",2026-01-03,"conf","New Mexico","Wyoming","MWC","MWC","H","W","78-58",0.889177912187195,0.628540397083757,0.87694452176131,0.80812121966831,0.19187878033169,93.7,"played",NA,NA,NA,100,"Q3"
"5334",5334,"WyomingNew Mexico1-3",2026-01-03,"conf","Wyoming","New Mexico","MWC","MWC","A","L","58-78",0.628540397083757,0.889177912187195,0.789142831518436,0.318080985198017,-0.318080985198017,47.8,"played",NA,NA,NA,42,"Q1"
"5335",5335,"XavierDePaul1-3",2026-01-03,"conf","DePaul","Xavier","BE","BE","H","W","86-77",0.723148523927946,0.650772325033312,0.87694452176131,0.792715583981746,0.207284416018254,82.9,"played",NA,NA,NA,94,"Q3"
"5336",5336,"XavierDePaul1-3",2026-01-03,"conf","Xavier","DePaul","BE","BE","A","L","77-86",0.650772325033312,0.723148523927946,0.789142831518436,0.588951567067976,-0.588951567067976,50.1,"played",NA,NA,NA,113,"Q2"
"5337",5337,"BradleyMurray St.1-4",2026-01-04,"conf","Bradley","Murray St.","MVC","MVC","A","L","66-86",0.472493714824135,0.768671365816874,0.789142831518436,0.52970054022595,-0.52970054022595,11.2,"played",NA,NA,NA,74,"Q1"
"5338",5338,"BradleyMurray St.1-4",2026-01-04,"conf","Murray St.","Bradley","MVC","MVC","H","W","86-66",0.768671365816874,0.472493714824135,0.87694452176131,0.888344836283847,0.111655163716153,95.9,"played",NA,NA,NA,124,"Q3"
"5339",5339,"Cleveland St.Purdue Fort Wayne1-4",2026-01-04,"conf","Cleveland St.","Purdue Fort Wayne","Horz","Horz","A","L","71-74",0.170841144385821,0.440919826703015,0.789142831518436,0.825950654976162,-0.825950654976162,46,"played",NA,NA,NA,210,"Q3"
"5340",5340,"Cleveland St.Purdue Fort Wayne1-4",2026-01-04,"conf","Purdue Fort Wayne","Cleveland St.","Horz","Horz","H","W","74-71",0.440919826703015,0.170841144385821,0.87694452176131,0.971900073963006,0.0280999260369942,16,"played",NA,NA,NA,321,"Q4"
"5341",5341,"CreightonSeton Hall1-4",2026-01-04,"conf","Creighton","Seton Hall","BE","BE","A","L","54-56",0.754064342104998,0.873855128810157,0.789142831518436,0.350756125662828,-0.350756125662828,90.1,"played",NA,NA,NA,45,"Q1"
"5342",5342,"CreightonSeton Hall1-4",2026-01-04,"conf","Seton Hall","Creighton","BE","BE","H","W","56-54",0.873855128810157,0.754064342104998,0.87694452176131,0.699180955753172,0.300819044246828,70,"played",NA,NA,NA,58,"Q2"
"5343",5343,"DenverSt. Thomas1-4",2026-01-04,"conf","Denver","St. Thomas","Sum","Sum","A","L","88-92",0.263838573314094,0.711266776860035,0.789142831518436,0.603057697731894,-0.603057697731894,58,"played",NA,NA,NA,116,"Q2"
"5344",5344,"DenverSt. Thomas1-4",2026-01-04,"conf","St. Thomas","Denver","Sum","Sum","H","W","92-88",0.711266776860035,0.263838573314094,0.87694452176131,0.952116681640977,0.0478833183590227,39,"played",NA,NA,NA,251,"Q4"
"5345",5345,"FairfieldNiagara1-4",2026-01-04,"conf","Fairfield","Niagara","MAAC","MAAC","A","W","83-75",0.22489171654641,0.127205292330729,0.789142831518436,0.962517008599123,0.0374829914008765,32.6,"played",NA,NA,NA,355,"Q4"
"5346",5346,"FairfieldNiagara1-4",2026-01-04,"conf","Niagara","Fairfield","MAAC","MAAC","H","L","75-83",0.127205292330729,0.22489171654641,0.87694452176131,0.960879115225298,-0.960879115225298,8,"played",NA,NA,NA,248,"Q4"
"5347",5347,"Fairleigh DickinsonSaint Francis1-4",2026-01-04,"conf","Fairleigh Dickinson","Saint Francis","NEC","NEC","A","L","82-85",0.105857899301199,0.11893327333037,0.789142831518436,0.965187205836041,-0.965187205836041,10,"played",NA,NA,NA,354,"Q4"
"5348",5348,"Fairleigh DickinsonSaint Francis1-4",2026-01-04,"conf","Saint Francis","Fairleigh Dickinson","NEC","NEC","H","W","85-82",0.11893327333037,0.105857899301199,0.87694452176131,0.983658574348393,0.0163414256516066,12.5,"played",NA,NA,NA,339,"Q4"
"5349",5349,"Florida AtlanticTulane1-4",2026-01-04,"conf","Florida Atlantic","Tulane","Amer","Amer","A","L","66-69",0.669116075241684,0.499347286934666,0.789142831518436,0.789576940282949,-0.789576940282949,45.4,"played",NA,NA,NA,202,"Q3"
"5350",5350,"Florida AtlanticTulane1-4",2026-01-04,"conf","Tulane","Florida Atlantic","Amer","Amer","H","W","69-66",0.499347286934666,0.669116075241684,0.87694452176131,0.778960430736667,0.221039569263333,70.8,"played",NA,NA,NA,91,"Q3"
"5351",5351,"Illinois ChicagoValparaiso1-4",2026-01-04,"conf","Illinois Chicago","Valparaiso","MVC","MVC","A","L","59-66",0.500741447619587,0.617432819487282,0.789142831518436,0.69869691398021,-0.69869691398021,49.3,"played",NA,NA,NA,171,"Q3"
"5352",5352,"Illinois ChicagoValparaiso1-4",2026-01-04,"conf","Valparaiso","Illinois Chicago","MVC","MVC","H","W","66-59",0.617432819487282,0.500741447619587,0.87694452176131,0.876624116731868,0.123375883268132,62.5,"played",NA,NA,NA,161,"Q4"
"5353",5353,"Indiana St.Drake1-4",2026-01-04,"conf","Drake","Indiana St.","MVC","MVC","H","W","74-72",0.53888123509143,0.363662236714813,0.87694452176131,0.925760033172288,0.0742399668277122,40,"played",NA,NA,NA,205,"Q4"
"5354",5354,"Indiana St.Drake1-4",2026-01-04,"conf","Indiana St.","Drake","MVC","MVC","A","L","72-74",0.363662236714813,0.53888123509143,0.789142831518436,0.762045499978807,-0.762045499978807,50.1,"played",NA,NA,NA,166,"Q3"
"5355",5355,"IonaMarist1-4",2026-01-04,"conf","Iona","Marist","MAAC","MAAC","A","L","38-83",0.289732912826144,0.603367224365608,0.789142831518436,0.71100112209817,-0.71100112209817,0.3,"played",NA,NA,NA,150,"Q3"
"5356",5356,"IonaMarist1-4",2026-01-04,"conf","Marist","Iona","MAAC","MAAC","H","W","83-38",0.603367224365608,0.289732912826144,0.87694452176131,0.945858398301721,0.054141601698279,99.6,"played",NA,NA,NA,218,"Q4"
"5357",5357,"Jacksonville St.Liberty1-4",2026-01-04,"conf","Jacksonville St.","Liberty","CUSA","CUSA","A","L","69-78",0.295930609897491,0.754201371304044,0.789142831518436,0.549492294681649,-0.549492294681649,49.4,"played",NA,NA,NA,84,"Q2"
"5358",5358,"Jacksonville St.Liberty1-4",2026-01-04,"conf","Liberty","Jacksonville St.","CUSA","CUSA","H","W","78-69",0.754201371304044,0.295930609897491,0.87694452176131,0.944305079945083,0.0556949200549175,56.9,"played",NA,NA,NA,245,"Q4"
"5359",5359,"Kennesaw St.Delaware1-4",2026-01-04,"conf","Delaware","Kennesaw St.","CUSA","CUSA","H","W","67-52",0.290475626387562,0.417773718358861,0.87694452176131,0.908522587405783,0.0914774125942168,85.3,"played",NA,NA,NA,159,"Q3"
"5360",5360,"Kennesaw St.Delaware1-4",2026-01-04,"conf","Kennesaw St.","Delaware","CUSA","CUSA","A","L","52-67",0.417773718358861,0.290475626387562,0.789142831518436,0.901396772388435,-0.901396772388435,4.8,"played",NA,NA,NA,300,"Q4"
"5361",5361,"Le MoyneMercyhurst1-4",2026-01-04,"conf","Le Moyne","Mercyhurst","NEC","NEC","A","L","60-74",0.233859733605385,0.319386016835833,0.789142831518436,0.888584293689684,-0.888584293689684,4.6,"played",NA,NA,NA,290,"Q4"
"5362",5362,"Le MoyneMercyhurst1-4",2026-01-04,"conf","Mercyhurst","Le Moyne","NEC","NEC","H","W","74-60",0.319386016835833,0.233859733605385,0.87694452176131,0.958926535914673,0.0410734640853271,75,"played",NA,NA,NA,263,"Q4"
"5363",5363,"LIUChicago St.1-4",2026-01-04,"conf","Chicago St.","LIU","NEC","NEC","H","L","55-74",0.131935258890074,0.325501227881235,0.87694452176131,0.936577409173886,-0.936577409173886,2.1,"played",NA,NA,NA,201,"Q4"
"5364",5364,"LIUChicago St.1-4",2026-01-04,"conf","LIU","Chicago St.","NEC","NEC","A","W","74-55",0.325501227881235,0.131935258890074,0.789142831518436,0.960974076944283,0.0390259230557167,77.6,"played",NA,NA,NA,352,"Q4"
"5365",5365,"Louisiana TechWestern Kentucky1-4",2026-01-04,"conf","Louisiana Tech","Western Kentucky","CUSA","CUSA","A","L","61-66",0.208034428147825,0.539993818540962,0.789142831518436,0.761232506402088,-0.761232506402088,20.3,"played",NA,NA,NA,167,"Q3"
"5366",5366,"Louisiana TechWestern Kentucky1-4",2026-01-04,"conf","Western Kentucky","Louisiana Tech","CUSA","CUSA","H","W","66-61",0.539993818540962,0.208034428147825,0.87694452176131,0.964450169222807,0.0355498307771926,54.8,"played",NA,NA,NA,264,"Q4"
"5367",5367,"Loyola MarymountGonzaga1-4",2026-01-04,"conf","Gonzaga","Loyola Marymount","WCC","WCC","H","W","82-47",0.966086351861385,0.409607691238367,0.87694452176131,0.911282503732018,0.0887174962679816,97.7,"played",NA,NA,NA,170,"Q4"
"5368",5368,"Loyola MarymountGonzaga1-4",2026-01-04,"conf","Loyola Marymount","Gonzaga","WCC","WCC","A","L","47-82",0.409607691238367,0.966086351861385,0.789142831518436,0.116122856905454,-0.116122856905454,31.5,"played",NA,NA,NA,4,"Q1"
"5369",5369,"ManhattanMerrimack1-4",2026-01-04,"conf","Manhattan","Merrimack","MAAC","MAAC","A","L","66-73",0.115503480599443,0.494941213645724,0.789142831518436,0.792490301797105,-0.792490301797105,23,"played",NA,NA,NA,217,"Q3"
"5370",5370,"ManhattanMerrimack1-4",2026-01-04,"conf","Merrimack","Manhattan","MAAC","MAAC","H","W","73-66",0.494941213645724,0.115503480599443,0.87694452176131,0.982005422167543,0.0179945778324567,30,"played",NA,NA,NA,330,"Q4"
"5371",5371,"MarquetteConnecticut1-4",2026-01-04,"conf","Connecticut","Marquette","BE","BE","H","W","73-57",0.972195245967499,0.526647022481542,0.87694452176131,0.864960820902639,0.135039179097361,95,"played",NA,NA,NA,142,"Q3"
"5372",5372,"MarquetteConnecticut1-4",2026-01-04,"conf","Marquette","Connecticut","BE","BE","A","L","57-73",0.526647022481542,0.972195245967499,0.789142831518436,0.0966876003580351,-0.0966876003580351,67,"played",NA,NA,NA,8,"Q1"
"5373",5373,"Mount St. Mary'sQuinnipiac1-4",2026-01-04,"conf","Mount St. Mary's","Quinnipiac","MAAC","MAAC","A","L","69-80",0.171353269912124,0.56676972583644,0.789142831518436,0.740982745235832,-0.740982745235832,22,"played",NA,NA,NA,184,"Q3"
"5374",5374,"Mount St. Mary'sQuinnipiac1-4",2026-01-04,"conf","Quinnipiac","Mount St. Mary's","MAAC","MAAC","H","W","80-69",0.56676972583644,0.171353269912124,0.87694452176131,0.97180128755884,0.0281987124411597,49,"played",NA,NA,NA,304,"Q4"
"5375",5375,"New HavenCentral Connecticut1-4",2026-01-04,"conf","Central Connecticut","New Haven","NEC","NEC","H","W","72-61",0.302144565079282,0.109352159726003,0.87694452176131,0.983063190078944,0.0169368099210561,58.5,"played",NA,NA,NA,326,"Q4"
"5376",5376,"New HavenCentral Connecticut1-4",2026-01-04,"conf","New Haven","Central Connecticut","NEC","NEC","A","L","61-72",0.109352159726003,0.302144565079282,0.789142831518436,0.896309263138175,-0.896309263138175,3.6,"played",NA,NA,NA,247,"Q4"
"5377",5377,"New Mexico St.Missouri St.1-4",2026-01-04,"conf","Missouri St.","New Mexico St.","CUSA","CUSA","H","W","89-82",0.618345928322213,0.516577137332239,0.87694452176131,0.869605543564459,0.130394456435541,80.9,"played",NA,NA,NA,140,"Q3"
"5378",5378,"New Mexico St.Missouri St.1-4",2026-01-04,"conf","New Mexico St.","Missouri St.","CUSA","CUSA","A","L","82-89",0.516577137332239,0.618345928322213,0.789142831518436,0.697882118549372,-0.697882118549372,29,"played",NA,NA,NA,191,"Q3"
"5379",5379,"Northern IowaEvansville1-4",2026-01-04,"conf","Evansville","Northern Iowa","MVC","MVC","H","L","48-62",0.316297971986588,0.62119758035374,0.87694452176131,0.812931803778752,-0.812931803778752,4.8,"played",NA,NA,NA,102,"Q3"
"5380",5380,"Northern IowaEvansville1-4",2026-01-04,"conf","Northern Iowa","Evansville","MVC","MVC","A","W","62-48",0.62119758035374,0.316297971986588,0.789142831518436,0.88998656064279,0.110013439357211,93.8,"played",NA,NA,NA,284,"Q4"
"5381",5381,"Oregon St.Washington St.1-4",2026-01-04,"conf","Oregon St.","Washington St.","WCC","WCC","A","L","67-81",0.33310428152549,0.640213899600399,0.789142831518436,0.67775499260287,-0.67775499260287,11.6,"played",NA,NA,NA,156,"Q3"
"5382",5382,"Oregon St.Washington St.1-4",2026-01-04,"conf","Washington St.","Oregon St.","WCC","WCC","H","W","81-67",0.640213899600399,0.33310428152549,0.87694452176131,0.934501532774554,0.0654984672254456,87.1,"played",NA,NA,NA,213,"Q4"
"5383",5383,"PepperdinePacific1-4",2026-01-04,"conf","Pacific","Pepperdine","WCC","WCC","H","W","74-69",0.675830586238256,0.217599421655683,0.87694452176131,0.962439543198769,0.0375604568012314,37.6,"played",NA,NA,NA,267,"Q4"
"5384",5384,"PepperdinePacific1-4",2026-01-04,"conf","Pepperdine","Pacific","WCC","WCC","A","L","69-74",0.217599421655683,0.675830586238256,0.789142831518436,0.642237814640784,-0.642237814640784,49.1,"played",NA,NA,NA,110,"Q2"
"5385",5385,"PortlandSan Francisco1-4",2026-01-04,"conf","Portland","San Francisco","WCC","WCC","A","L","68-73",0.394760979258516,0.739588765971914,0.789142831518436,0.568549132866206,-0.568549132866206,72.6,"played",NA,NA,NA,107,"Q2"
"5386",5386,"PortlandSan Francisco1-4",2026-01-04,"conf","San Francisco","Portland","WCC","WCC","H","W","73-68",0.739588765971914,0.394760979258516,0.87694452176131,0.916150061931773,0.0838499380682269,41.1,"played",NA,NA,NA,215,"Q4"
"5387",5387,"RichmondFordham1-4",2026-01-04,"conf","Fordham","Richmond","A10","A10","H","L","75-83",0.520630114053518,0.505311078308384,0.87694452176131,0.874633481206489,-0.874633481206489,31.8,"played",NA,NA,NA,126,"Q3"
"5388",5388,"RichmondFordham1-4",2026-01-04,"conf","Richmond","Fordham","A10","A10","A","W","83-75",0.505311078308384,0.520630114053518,0.789142831518436,0.775076087478428,0.224923912521572,70.4,"played",NA,NA,NA,226,"Q3"
"5389",5389,"Robert MorrisOakland1-4",2026-01-04,"conf","Oakland","Robert Morris","Horz","Horz","H","W","96-73",0.639939911872445,0.360345110834765,0.87694452176131,0.926741135334995,0.0732588646650051,90.9,"played",NA,NA,NA,186,"Q4"
"5390",5390,"Robert MorrisOakland1-4",2026-01-04,"conf","Robert Morris","Oakland","Horz","Horz","A","L","73-96",0.360345110834765,0.639939911872445,0.789142831518436,0.678014683260013,-0.678014683260013,9.1,"played",NA,NA,NA,135,"Q2"
"5391",5391,"Sacred HeartCanisius1-4",2026-01-04,"conf","Canisius","Sacred Heart","MAAC","MAAC","H","W","82-78",0.168655818164591,0.185258742802667,0.87694452176131,0.969079449264048,0.0309205507359519,18.4,"played",NA,NA,NA,287,"Q4"
"5392",5392,"Sacred HeartCanisius1-4",2026-01-04,"conf","Sacred Heart","Canisius","MAAC","MAAC","A","L","78-82",0.185258742802667,0.168655818164591,0.789142831518436,0.948580548987064,-0.948580548987064,17,"played",NA,NA,NA,342,"Q4"
"5393",5393,"Sam Houston St.Middle Tennessee1-4",2026-01-04,"conf","Middle Tennessee","Sam Houston St.","CUSA","CUSA","H","W","68-67",0.754494348969183,0.562519903891757,0.87694452176131,0.847149015990964,0.152850984009036,74.5,"played",NA,NA,NA,105,"Q3"
"5394",5394,"Sam Houston St.Middle Tennessee1-4",2026-01-04,"conf","Sam Houston St.","Middle Tennessee","CUSA","CUSA","A","L","67-68",0.562519903891757,0.754494348969183,0.789142831518436,0.54910087733936,-0.54910087733936,57.5,"played",NA,NA,NA,111,"Q2"
"5395",5395,"San DiegoSanta Clara1-4",2026-01-04,"conf","San Diego","Santa Clara","WCC","WCC","A","L","70-98",0.386813607349022,0.904534982736246,0.789142831518436,0.28314899833366,-0.28314899833366,31.8,"played",NA,NA,NA,44,"Q1"
"5396",5396,"San DiegoSanta Clara1-4",2026-01-04,"conf","Santa Clara","San Diego","WCC","WCC","H","W","98-70",0.904534982736246,0.386813607349022,0.87694452176131,0.918679146869904,0.081320853130096,92.7,"played",NA,NA,NA,208,"Q4"
"5397",5397,"SeattleSaint Mary's1-4",2026-01-04,"conf","Saint Mary's","Seattle","WCC","WCC","H","W","93-76",0.908833684887652,0.605972048235407,0.87694452176131,0.822502708405666,0.177497291594334,81.3,"played",NA,NA,NA,114,"Q3"
"5398",5398,"SeattleSaint Mary's1-4",2026-01-04,"conf","Seattle","Saint Mary's","WCC","WCC","A","L","76-93",0.605972048235407,0.908833684887652,0.789142831518436,0.272949274196153,-0.272949274196153,77.9,"played",NA,NA,NA,28,"Q1"
"5399",5399,"SienaRider1-4",2026-01-04,"conf","Rider","Siena","MAAC","MAAC","H","L","65-74",0.124145130175934,0.390387146522654,0.87694452176131,0.917548378669134,-0.917548378669134,12.2,"played",NA,NA,NA,172,"Q4"
"5400",5400,"SienaRider1-4",2026-01-04,"conf","Siena","Rider","MAAC","MAAC","A","W","74-65",0.390387146522654,0.124145130175934,0.789142831518436,0.963508975356504,0.0364910246434962,39.5,"played",NA,NA,NA,357,"Q4"
"5401",5401,"Southern IllinoisBelmont1-4",2026-01-04,"conf","Belmont","Southern Illinois","MVC","MVC","H","L","67-68",0.80633083929574,0.429692892721203,0.87694452176131,0.904383896749159,-0.904383896749159,40.2,"played",NA,NA,NA,143,"Q3"
"5402",5402,"Southern IllinoisBelmont1-4",2026-01-04,"conf","Southern Illinois","Belmont","MVC","MVC","A","W","68-67",0.429692892721203,0.80633083929574,0.789142831518436,0.473381084368494,0.526618915631506,82.4,"played",NA,NA,NA,64,"Q1"
"5403",5403,"StonehillWagner1-4",2026-01-04,"conf","Stonehill","Wagner","NEC","NEC","A","W","69-60",0.0863616106872418,0.231947573900047,0.789142831518436,0.925332829516718,0.0746671704832819,44.5,"played",NA,NA,NA,324,"Q4"
"5404",5404,"StonehillWagner1-4",2026-01-04,"conf","Wagner","Stonehill","NEC","NEC","H","L","60-69",0.231947573900047,0.0863616106872418,0.87694452176131,0.986909609419067,-0.986909609419067,3.4,"played",NA,NA,NA,337,"Q4"
"5405",5405,"TulsaNorth Texas1-4",2026-01-04,"conf","North Texas","Tulsa","Amer","Amer","H","W","72-67",0.61394540023339,0.756867007275388,0.87694452176131,0.695980430402939,0.304019569597061,81.9,"played",NA,NA,NA,47,"Q2"
"5406",5406,"TulsaNorth Texas1-4",2026-01-04,"conf","Tulsa","North Texas","Amer","Amer","A","L","67-72",0.756867007275388,0.61394540023339,0.789142831518436,0.701790604371229,-0.701790604371229,52.3,"played",NA,NA,NA,147,"Q3"
"5407",5407,"UABSouth Florida1-4",2026-01-04,"conf","South Florida","UAB","Amer","Amer","H","L","106-109",0.827671121247399,0.524998488358512,0.87694452176131,0.865731238499826,-0.865731238499826,53.6,"played",NA,NA,NA,122,"Q3"
"5408",5408,"UABSouth Florida1-4",2026-01-04,"conf","UAB","South Florida","Amer","Amer","A","W","109-106",0.524998488358512,0.827671121247399,0.789142831518436,0.437960160751415,0.562039839248585,82.1,"played",NA,NA,NA,66,"Q1"
"5409",5409,"UTEPFIU1-4",2026-01-04,"conf","FIU","UTEP","CUSA","CUSA","H","W","76-64",0.568091309363212,0.217959569432829,0.87694452176131,0.962363042817825,0.0376369571821751,48.1,"played",NA,NA,NA,276,"Q4"
"5410",5410,"UTEPFIU1-4",2026-01-04,"conf","UTEP","FIU","CUSA","CUSA","A","L","64-76",0.217959569432829,0.568091309363212,0.789142831518436,0.739948017865934,-0.739948017865934,28.3,"played",NA,NA,NA,198,"Q3"
"5411",5411,"WashingtonIndiana1-4",2026-01-04,"conf","Indiana","Washington","B10","B10","H","W","90-80",0.929075305570624,0.749226742667862,0.87694452176131,0.704603340179548,0.295396659820452,93.1,"played",NA,NA,NA,62,"Q2"
"5412",5412,"WashingtonIndiana1-4",2026-01-04,"conf","Washington","Indiana","B10","B10","A","L","80-90",0.749226742667862,0.929075305570624,0.789142831518436,0.222214997574681,-0.222214997574681,74.5,"played",NA,NA,NA,38,"Q1"
"5413",5413,"Wright St.IU Indy1-4",2026-01-04,"conf","IU Indy","Wright St.","Horz","Horz","H","L","77-81",0.293111925980727,0.571577739895169,0.87694452176131,0.84231002581507,-0.84231002581507,34,"played",NA,NA,NA,136,"Q3"
"5414",5414,"Wright St.IU Indy1-4",2026-01-04,"conf","Wright St.","IU Indy","Horz","Horz","A","W","81-77",0.571577739895169,0.293111925980727,0.789142831518436,0.900257068363485,0.0997429316365148,51.8,"played",NA,NA,NA,310,"Q4"
"5415",5415,"Youngstown St.Northern Kentucky1-4",2026-01-04,"conf","Northern Kentucky","Youngstown St.","Horz","Horz","H","W","94-79",0.56588651357836,0.38787784894262,0.87694452176131,0.918343480785251,0.0816565192147493,91.1,"played",NA,NA,NA,221,"Q4"
"5416",5416,"Youngstown St.Northern Kentucky1-4",2026-01-04,"conf","Youngstown St.","Northern Kentucky","Horz","Horz","A","L","79-94",0.38787784894262,0.56588651357836,0.789142831518436,0.741672343161317,-0.741672343161317,7.5,"played",NA,NA,NA,177,"Q3"
"5417",5417,"Alabama A&MMississippi Valley St.1-5",2026-01-05,"conf","Alabama A&M","Mississippi Valley St.","SWAC","SWAC","A","W","71-51",0.159091874905061,0.0374143704241414,0.789142831518436,0.989721146603053,0.0102788533969466,52.7,"played",NA,NA,NA,365,"Q4"
"5418",5418,"Alabama A&MMississippi Valley St.1-5",2026-01-05,"conf","Mississippi Valley St.","Alabama A&M","SWAC","SWAC","H","L","51-71",0.0374143704241414,0.159091874905061,0.87694452176131,0.974138773713817,-0.974138773713817,0.7,"played",NA,NA,NA,308,"Q4"
"5419",5419,"Alabama St.Arkansas Pine Bluff1-5",2026-01-05,"conf","Alabama St.","Arkansas Pine Bluff","SWAC","SWAC","A","L","79-90",0.161273195651384,0.33673558307527,0.789142831518436,0.880549289395955,-0.880549289395955,11.4,"played",NA,NA,NA,311,"Q4"
"5420",5420,"Alabama St.Arkansas Pine Bluff1-5",2026-01-05,"conf","Arkansas Pine Bluff","Alabama St.","SWAC","SWAC","H","W","90-79",0.33673558307527,0.161273195651384,0.87694452176131,0.973727114931155,0.026272885068845,43.3,"played",NA,NA,NA,313,"Q4"
"5421",5421,"ColumbiaCornell1-5",2026-01-05,"conf","Columbia","Cornell","Ivy","Ivy","A","W","104-99",0.408052728218098,0.536163309604943,0.789142831518436,0.764022375784147,0.235977624215853,60.5,"played",NA,NA,NA,188,"Q3"
"5422",5422,"ColumbiaCornell1-5",2026-01-05,"conf","Cornell","Columbia","Ivy","Ivy","H","L","99-104",0.536163309604943,0.408052728218098,0.87694452176131,0.911801277983662,-0.911801277983662,34.2,"played",NA,NA,NA,151,"Q3"
"5423",5423,"DartmouthHarvard1-5",2026-01-05,"conf","Dartmouth","Harvard","Ivy","Ivy","A","W","76-68",0.313883565357004,0.510633319046039,0.789142831518436,0.781977323713595,0.218022676286405,74.7,"played",NA,NA,NA,182,"Q3"
"5424",5424,"DartmouthHarvard1-5",2026-01-05,"conf","Harvard","Dartmouth","Ivy","Ivy","H","L","68-76",0.510633319046039,0.313883565357004,0.87694452176131,0.939677619552002,-0.939677619552002,13.9,"played",NA,NA,NA,222,"Q4"
"5425",5425,"East Texas A&MNew Orleans1-5",2026-01-05,"conf","East Texas A&M","New Orleans","Slnd","Slnd","A","L","73-83",0.215264103557443,0.48536423289852,0.789142831518436,0.798722038499175,-0.798722038499175,13.8,"played",NA,NA,NA,231,"Q3"
"5426",5426,"East Texas A&MNew Orleans1-5",2026-01-05,"conf","New Orleans","East Texas A&M","Slnd","Slnd","H","W","83-73",0.48536423289852,0.215264103557443,0.87694452176131,0.962934186645948,0.0370658133540517,61.8,"played",NA,NA,NA,277,"Q4"
"5427",5427,"Incarnate WordUT Rio Grande Valley1-5",2026-01-05,"conf","Incarnate Word","UT Rio Grande Valley","Slnd","Slnd","A","L","67-80",0.261903553465073,0.55726232666861,0.789142831518436,0.748326675227506,-0.748326675227506,13.5,"played",NA,NA,NA,194,"Q3"
"5428",5428,"Incarnate WordUT Rio Grande Valley1-5",2026-01-05,"conf","UT Rio Grande Valley","Incarnate Word","Slnd","Slnd","H","W","80-67",0.55726232666861,0.261903553465073,0.87694452176131,0.95256990795582,0.0474300920441801,74.1,"played",NA,NA,NA,246,"Q4"
"5429",5429,"LamarSoutheastern Louisiana1-5",2026-01-05,"conf","Lamar","Southeastern Louisiana","Slnd","Slnd","A","L","52-60",0.29006579149575,0.33709012828235,0.789142831518436,0.880382261833675,-0.880382261833675,4.6,"played",NA,NA,NA,288,"Q4"
"5430",5430,"LamarSoutheastern Louisiana1-5",2026-01-05,"conf","Southeastern Louisiana","Lamar","Slnd","Slnd","H","W","60-52",0.33709012828235,0.29006579149575,0.87694452176131,0.945775529853966,0.0542244701460342,81,"played",NA,NA,NA,220,"Q4"
"5431",5431,"MilwaukeeGreen Bay1-5",2026-01-05,"conf","Green Bay","Milwaukee","Horz","Horz","H","W","79-76",0.503482144436143,0.247415137782907,0.87694452176131,0.955902572692459,0.0440974273075413,53.6,"played",NA,NA,NA,233,"Q4"
"5432",5432,"MilwaukeeGreen Bay1-5",2026-01-05,"conf","Milwaukee","Green Bay","Horz","Horz","A","L","76-79",0.247415137782907,0.503482144436143,0.789142831518436,0.786815794214538,-0.786815794214538,22.4,"played",NA,NA,NA,230,"Q3"
"5433",5433,"NebraskaOhio St.1-5",2026-01-05,"conf","Nebraska","Ohio St.","B10","B10","A","W","72-69",0.926689461842875,0.895316100144004,0.789142831518436,0.304393013328042,0.695606986671958,95.7,"played",NA,NA,NA,35,"Q1"
"5434",5434,"NebraskaOhio St.1-5",2026-01-05,"conf","Ohio St.","Nebraska","B10","B10","H","L","69-72",0.895316100144004,0.926689461842875,0.87694452176131,0.360520506421061,-0.360520506421061,83,"played",NA,NA,NA,7,"Q1"
"5435",5435,"Northwestern St.Nicholls St.1-5",2026-01-05,"conf","Nicholls St.","Northwestern St.","Slnd","Slnd","H","W","74-72",0.447990911854504,0.172988629015108,0.87694452176131,0.971485151015013,0.028514848984987,25.2,"played",NA,NA,NA,306,"Q4"
"5436",5436,"Northwestern St.Nicholls St.1-5",2026-01-05,"conf","Northwestern St.","Nicholls St.","Slnd","Slnd","A","L","72-74",0.172988629015108,0.447990911854504,0.789142831518436,0.821795222623473,-0.821795222623473,33.5,"played",NA,NA,NA,214,"Q3"
"5437",5437,"OregonRutgers1-5",2026-01-05,"conf","Oregon","Rutgers","B10","B10","A","L","85-88",0.695409733355037,0.593817364755892,0.789142831518436,0.719099142122945,-0.719099142122945,56.1,"played",NA,NA,NA,153,"Q3"
"5438",5438,"OregonRutgers1-5",2026-01-05,"conf","Rutgers","Oregon","B10","B10","H","W","88-85",0.593817364755892,0.695409733355037,0.87694452176131,0.757362731797896,0.242637268202104,72.3,"played",NA,NA,NA,104,"Q3"
"5439",5439,"PennPrinceton1-5",2026-01-05,"conf","Penn","Princeton","Ivy","Ivy","A","L","76-78",0.395413064060764,0.452029450467109,0.789142831518436,0.819393021194762,-0.819393021194762,43,"played",NA,NA,NA,239,"Q3"
"5440",5440,"PennPrinceton1-5",2026-01-05,"conf","Princeton","Penn","Ivy","Ivy","H","W","78-76",0.452029450467109,0.395413064060764,0.87694452176131,0.915940225457352,0.0840597745426485,41.7,"played",NA,NA,NA,178,"Q4"
"5441",5441,"Prairie View A&MSouthern1-5",2026-01-05,"conf","Prairie View A&M","Southern","SWAC","SWAC","A","W","89-85",0.172466558867004,0.408192260035411,0.789142831518436,0.844383205258941,0.155616794741059,59.4,"played",NA,NA,NA,278,"Q4"
"5442",5442,"Prairie View A&MSouthern1-5",2026-01-05,"conf","Southern","Prairie View A&M","SWAC","SWAC","H","L","85-89",0.408192260035411,0.172466558867004,0.87694452176131,0.971586187483802,-0.971586187483802,8.9,"played",NA,NA,NA,296,"Q4"
"5443",5443,"Stephen F. AustinMcNeese St.1-5",2026-01-05,"conf","McNeese St.","Stephen F. Austin","Slnd","Slnd","H","W","66-64",0.804042842508263,0.698277000404957,0.87694452176131,0.75485983588986,0.24514016411014,69.6,"played",NA,NA,NA,88,"Q3"
"5444",5444,"Stephen F. AustinMcNeese St.1-5",2026-01-05,"conf","Stephen F. Austin","McNeese St.","Slnd","Slnd","A","L","64-66",0.698277000404957,0.804042842508263,0.789142831518436,0.477018666749508,-0.477018666749508,80.6,"played",NA,NA,NA,57,"Q1"
"5445",5445,"Texas A&M Corpus ChrisHouston Christian1-5",2026-01-05,"conf","Houston Christian","Texas A&M Corpus Chris","Slnd","Slnd","H","L","65-81",0.276141122733715,0.415344559057257,0.87694452176131,0.909349881209777,-0.909349881209777,7.5,"played",NA,NA,NA,181,"Q4"
"5446",5446,"Texas A&M Corpus ChrisHouston Christian1-5",2026-01-05,"conf","Texas A&M Corpus Chris","Houston Christian","Slnd","Slnd","A","W","81-65",0.415344559057257,0.276141122733715,0.789142831518436,0.907497132184877,0.0925028678151233,76.8,"played",NA,NA,NA,297,"Q4"
"5447",5447,"Texas SouthernGrambling St.1-5",2026-01-05,"conf","Grambling St.","Texas Southern","SWAC","SWAC","H","W","84-67",0.36719319961836,0.127997519309955,0.87694452176131,0.979818278787393,0.0201817212126065,56,"played",NA,NA,NA,348,"Q4"
"5448",5448,"Texas SouthernGrambling St.1-5",2026-01-05,"conf","Texas Southern","Grambling St.","SWAC","SWAC","A","L","67-84",0.127997519309955,0.36719319961836,0.789142831518436,0.865767541088024,-0.865767541088024,6.3,"played",NA,NA,NA,266,"Q4"
"5449",5449,"USCMichigan St.1-5",2026-01-05,"conf","Michigan St.","USC","B10","B10","H","W","80-51",0.96316998011938,0.749858766690896,0.87694452176131,0.703902122457448,0.296097877542552,99.6,"played",NA,NA,NA,56,"Q2"
"5450",5450,"USCMichigan St.1-5",2026-01-05,"conf","USC","Michigan St.","B10","B10","A","L","51-80",0.749858766690896,0.96316998011938,0.789142831518436,0.125192612565118,-0.125192612565118,25.9,"played",NA,NA,NA,11,"Q1"
"5451",5451,"William & MaryCharleston1-5",2026-01-05,"conf","Charleston","William & Mary","CAA","CAA","H","W","88-79",0.52079730801882,0.532570409595156,0.87694452176131,0.862159378953457,0.137840621046543,80.8,"played",NA,NA,NA,108,"Q3"
"5452",5452,"William & MaryCharleston1-5",2026-01-05,"conf","William & Mary","Charleston","CAA","CAA","A","L","79-88",0.532570409595156,0.52079730801882,0.789142831518436,0.774959275716584,-0.774959275716584,22.7,"played",NA,NA,NA,175,"Q3"
"5453",5453,"YaleBrown1-5",2026-01-05,"conf","Brown","Yale","Ivy","Ivy","H","L","53-70",0.361296853591693,0.697398462944221,0.87694452176131,0.755630003204374,-0.755630003204374,28.4,"played",NA,NA,NA,61,"Q2"
"5454",5454,"YaleBrown1-5",2026-01-05,"conf","Yale","Brown","Ivy","Ivy","A","W","70-53",0.697398462944221,0.361296853591693,0.789142831518436,0.868699218992873,0.131300781007127,76.7,"played",NA,NA,NA,275,"Q4"
"5455",5455,"Bowling GreenKent St.1-6",2026-01-06,"conf","Bowling Green","Kent St.","MAC","MAC","A","L","93-96",0.571728621824331,0.638568943065511,0.789142831518436,0.679311168960651,-0.679311168960651,54.9,"played",NA,NA,NA,148,"Q3"
"5456",5456,"Bowling GreenKent St.1-6",2026-01-06,"conf","Kent St.","Bowling Green","MAC","MAC","H","W","96-93",0.638568943065511,0.571728621824331,0.87694452176131,0.842228164877759,0.157771835122241,65.9,"played",NA,NA,NA,101,"Q3"
"5457",5457,"Central MichiganAkron1-6",2026-01-06,"conf","Akron","Central Michigan","MAC","MAC","H","W","82-69",0.848029041448943,0.143586134959525,0.87694452176131,0.977014256827904,0.0229857431720957,60.2,"played",NA,NA,NA,329,"Q4"
"5458",5458,"Central MichiganAkron1-6",2026-01-06,"conf","Central Michigan","Akron","MAC","MAC","A","L","69-82",0.143586134959525,0.848029041448943,0.789142831518436,0.401442307127826,-0.401442307127826,38.2,"played",NA,NA,NA,54,"Q1"
"5459",5459,"CincinnatiWest Virginia1-6",2026-01-06,"conf","Cincinnati","West Virginia","B12","B12","A","L","60-62",0.78379278013368,0.87123425331909,0.789142831518436,0.356141766264973,-0.356141766264973,76.7,"played",NA,NA,NA,59,"Q1"
"5460",5460,"CincinnatiWest Virginia1-6",2026-01-06,"conf","West Virginia","Cincinnati","B12","B12","H","W","62-60",0.87123425331909,0.78379278013368,0.87694452176131,0.662823243260027,0.337176756739973,88.2,"played",NA,NA,NA,72,"Q2"
"5461",5461,"DukeLouisville1-6",2026-01-06,"conf","Duke","Louisville","ACC","ACC","A","W","84-73",0.939287290689777,0.960766906153242,0.789142831518436,0.132567603493666,0.867432396506334,97.7,"played",NA,NA,NA,15,"Q1"
"5462",5462,"DukeLouisville1-6",2026-01-06,"conf","Louisville","Duke","ACC","ACC","H","L","73-84",0.960766906153242,0.939287290689777,0.87694452176131,0.315363975570193,-0.315363975570193,90,"played",NA,NA,NA,2,"Q1"
"5463",5463,"Eastern MichiganBall St.1-6",2026-01-06,"conf","Ball St.","Eastern Michigan","MAC","MAC","H","L","52-74",0.288514481287383,0.375757933331981,0.87694452176131,0.922112482630347,-0.922112482630347,2.4,"played",NA,NA,NA,179,"Q4"
"5464",5464,"Eastern MichiganBall St.1-6",2026-01-06,"conf","Eastern Michigan","Ball St.","MAC","MAC","A","W","74-52",0.375757933331981,0.288514481287383,0.789142831518436,0.902240976851439,0.097759023148561,90.7,"played",NA,NA,NA,316,"Q4"
"5465",5465,"Fresno St.San Jose St.1-6",2026-01-06,"conf","Fresno St.","San Jose St.","MWC","MWC","A","W","70-55",0.481922792123584,0.426462166380668,0.789142831518436,0.834251951782731,0.165748048217269,93.9,"played",NA,NA,NA,259,"Q4"
"5466",5466,"Fresno St.San Jose St.1-6",2026-01-06,"conf","San Jose St.","Fresno St.","MWC","MWC","H","L","55-70",0.426462166380668,0.481922792123584,0.87694452176131,0.884540532188665,-0.884540532188665,4.3,"played",NA,NA,NA,139,"Q3"
"5467",5467,"George WashingtonDayton1-6",2026-01-06,"conf","Dayton","George Washington","A10","A10","H","W","79-72",0.806502743818976,0.685508618398289,0.87694452176131,0.765774611648292,0.234225388351708,77.3,"played",NA,NA,NA,75,"Q2"
"5468",5468,"George WashingtonDayton1-6",2026-01-06,"conf","George Washington","Dayton","A10","A10","A","L","72-79",0.685508618398289,0.806502743818976,0.789142831518436,0.473106576585408,-0.473106576585408,72.8,"played",NA,NA,NA,80,"Q2"
"5469",5469,"GeorgetownDePaul1-6",2026-01-06,"conf","DePaul","Georgetown","BE","BE","H","W","56-50",0.723148523927946,0.594254951891872,0.87694452176131,0.829519401147896,0.170480598852104,78.8,"played",NA,NA,NA,118,"Q3"
"5470",5470,"GeorgetownDePaul1-6",2026-01-06,"conf","Georgetown","DePaul","BE","BE","A","L","50-56",0.594254951891872,0.723148523927946,0.789142831518436,0.588951567067976,-0.588951567067976,50.7,"played",NA,NA,NA,113,"Q2"
"5471",5471,"GeorgiaFlorida1-6",2026-01-06,"conf","Florida","Georgia","SEC","SEC","H","W","92-77",0.967769745662781,0.851354270638983,0.87694452176131,0.554420048271428,0.445579951728572,96.8,"played",NA,NA,NA,24,"Q1"
"5472",5472,"GeorgiaFlorida1-6",2026-01-06,"conf","Georgia","Florida","SEC","SEC","A","L","77-92",0.851354270638983,0.967769745662781,0.789142831518436,0.110826915239594,-0.110826915239594,84.9,"played",NA,NA,NA,14,"Q1"
"5473",5473,"IowaMinnesota1-6",2026-01-06,"conf","Iowa","Minnesota","B10","B10","A","L","67-70",0.910684041262198,0.837995134981792,0.789142831518436,0.419793884137052,-0.419793884137052,62.8,"played",NA,NA,NA,83,"Q2"
"5474",5474,"IowaMinnesota1-6",2026-01-06,"conf","Minnesota","Iowa","B10","B10","H","W","70-67",0.837995134981792,0.910684041262198,0.87694452176131,0.411393574304387,0.588606425695613,96.9,"played",NA,NA,NA,21,"Q1"
"5475",5475,"LindenwoodSIU Edwardsville1-6",2026-01-06,"conf","Lindenwood","SIU Edwardsville","OVC","OVC","A","L","62-66",0.294360678016868,0.352740157956621,0.789142831518436,0.872892862348331,-0.872892862348331,22.2,"played",NA,NA,NA,255,"Q4"
"5476",5476,"LindenwoodSIU Edwardsville1-6",2026-01-06,"conf","SIU Edwardsville","Lindenwood","OVC","OVC","H","W","66-62",0.352740157956621,0.294360678016868,0.87694452176131,0.944700645022092,0.0552993549779085,44.4,"played",NA,NA,NA,224,"Q4"
"5477",5477,"MassachusettsOhio1-6",2026-01-06,"conf","Massachusetts","Ohio","MAC","MAC","A","L","83-86",0.413278035203541,0.450162132915252,0.789142831518436,0.820506375236532,-0.820506375236532,30.8,"played",NA,NA,NA,216,"Q3"
"5478",5478,"MassachusettsOhio1-6",2026-01-06,"conf","Ohio","Massachusetts","MAC","MAC","H","W","86-83",0.450162132915252,0.413278035203541,0.87694452176131,0.910049454018875,0.0899505459811247,56.5,"played",NA,NA,NA,195,"Q4"
"5479",5479,"MichiganPenn St.1-6",2026-01-06,"conf","Michigan","Penn St.","B10","B10","A","W","74-72",0.976564220412699,0.644016964773121,0.789142831518436,0.674129982609513,0.325870017390487,80.7,"played",NA,NA,NA,131,"Q2"
"5480",5480,"MichiganPenn St.1-6",2026-01-06,"conf","Penn St.","Michigan","B10","B10","H","L","72-74",0.644016964773121,0.976564220412699,0.87694452176131,0.146044441707653,-0.146044441707653,94.7,"played",NA,NA,NA,1,"Q1"
"5481",5481,"N.C. StateBoston College1-6",2026-01-06,"conf","Boston College","N.C. State","ACC","ACC","H","L","71-79",0.611273164360049,0.872129903528318,0.87694452176131,0.510969471437763,-0.510969471437763,61,"played",NA,NA,NA,29,"Q1"
"5482",5482,"N.C. StateBoston College1-6",2026-01-06,"conf","N.C. State","Boston College","ACC","ACC","A","W","79-71",0.872129903528318,0.611273164360049,0.789142831518436,0.704141763062635,0.295858236937365,87.3,"played",NA,NA,NA,157,"Q3"
"5483",5483,"New MexicoColorado St.1-6",2026-01-06,"conf","Colorado St.","New Mexico","MWC","MWC","H","L","70-80",0.761948848530048,0.808195778802625,0.87694452176131,0.628428109075613,-0.628428109075613,44.3,"played",NA,NA,NA,42,"Q2"
"5484",5484,"New MexicoColorado St.1-6",2026-01-06,"conf","New Mexico","Colorado St.","MWC","MWC","A","W","80-70",0.808195778802625,0.761948848530048,0.789142831518436,0.539013660019678,0.460986339980322,94.4,"played",NA,NA,NA,92,"Q2"
"5485",5485,"San Diego St.Nevada1-6",2026-01-06,"conf","Nevada","San Diego St.","MWC","MWC","H","L","68-73",0.843851415463164,0.806407529368549,0.87694452176131,0.631108325214088,-0.631108325214088,77.7,"played",NA,NA,NA,52,"Q2"
"5486",5486,"San Diego St.Nevada1-6",2026-01-06,"conf","San Diego St.","Nevada","MWC","MWC","A","W","73-68",0.806407529368549,0.843851415463164,0.789142831518436,0.409168925081937,0.590831074918063,86.6,"played",NA,NA,NA,65,"Q1"
"5487",5487,"South CarolinaLSU1-6",2026-01-06,"conf","LSU","South Carolina","SEC","SEC","H","L","68-78",0.86991035902452,0.702029460608034,0.87694452176131,0.751537221073831,-0.751537221073831,10.5,"played",NA,NA,NA,85,"Q3"
"5488",5488,"South CarolinaLSU1-6",2026-01-06,"conf","South Carolina","LSU","SEC","SEC","A","W","78-68",0.702029460608034,0.86991035902452,0.789142831518436,0.358840545849542,0.641159454150458,99.3,"played",NA,NA,NA,50,"Q1"
"5489",5489,"St. John'sButler1-6",2026-01-06,"conf","Butler","St. John's","BE","BE","H","L","70-84",0.858613464070704,0.894211859941309,0.87694452176131,0.457429346097337,-0.457429346097337,69.1,"played",NA,NA,NA,23,"Q1"
"5490",5490,"St. John'sButler1-6",2026-01-06,"conf","St. John's","Butler","BE","BE","A","W","84-70",0.894211859941309,0.858613464070704,0.789142831518436,0.381295065510961,0.618704934489039,95.8,"played",NA,NA,NA,48,"Q1"
"5491",5491,"SyracuseGeorgia Tech1-6",2026-01-06,"conf","Georgia Tech","Syracuse","ACC","ACC","H","L","72-82",0.649662104684215,0.733076983692956,0.87694452176131,0.721822125891199,-0.721822125891199,30.8,"played",NA,NA,NA,77,"Q3"
"5492",5492,"SyracuseGeorgia Tech1-6",2026-01-06,"conf","Syracuse","Georgia Tech","ACC","ACC","A","W","82-72",0.733076983692956,0.649662104684215,0.789142831518436,0.668678034087465,0.331321965912535,92,"played",NA,NA,NA,146,"Q3"
"5493",5493,"TCUKansas1-6",2026-01-06,"conf","Kansas","TCU","B12","B12","H","W","104-100",0.958273819187545,0.771350152968443,0.87694452176131,0.678711743570353,0.321288256429647,76.7,"played",NA,NA,NA,46,"Q2"
"5494",5494,"TCUKansas1-6",2026-01-06,"conf","TCU","Kansas","B12","B12","A","L","100-104",0.771350152968443,0.958273819187545,0.789142831518436,0.140126652159027,-0.140126652159027,95.9,"played",NA,NA,NA,18,"Q1"
"5495",5495,"Texas A&MAuburn1-6",2026-01-06,"conf","Auburn","Texas A&M","SEC","SEC","H","L","88-90",0.914477539067104,0.85060177721884,0.87694452176131,0.555885454080178,-0.555885454080178,84.1,"played",NA,NA,NA,41,"Q2"
"5496",5496,"Texas A&MAuburn1-6",2026-01-06,"conf","Texas A&M","Auburn","SEC","SEC","A","W","90-88",0.85060177721884,0.914477539067104,0.789142831518436,0.259262066114196,0.740737933885804,92,"played",NA,NA,NA,34,"Q1"
"5497",5497,"Texas TechHouston1-6",2026-01-06,"conf","Houston","Texas Tech","B12","B12","H","W","69-65",0.978859960512281,0.914150403527372,0.87694452176131,0.400930435453587,0.599069564546413,93.6,"played",NA,NA,NA,17,"Q1"
"5498",5498,"Texas TechHouston1-6",2026-01-06,"conf","Texas Tech","Houston","B12","B12","A","L","65-69",0.914150403527372,0.978859960512281,0.789142831518436,0.0747819159995559,-0.0747819159995559,97.1,"played",NA,NA,NA,10,"Q1"
"5499",5499,"TexasTennessee1-6",2026-01-06,"conf","Tennessee","Texas","SEC","SEC","H","W","85-71",0.951108153148531,0.805200835828333,0.87694452176131,0.632901780263016,0.367098219736984,97.8,"played",NA,NA,NA,43,"Q2"
"5500",5500,"TexasTennessee1-6",2026-01-06,"conf","Texas","Tennessee","SEC","SEC","A","L","71-85",0.805200835828333,0.951108153148531,0.789142831518436,0.161345502513521,-0.161345502513521,64.7,"played",NA,NA,NA,26,"Q1"
"5501",5501,"ToledoNorthern Illinois1-6",2026-01-06,"conf","Northern Illinois","Toledo","MAC","MAC","H","L","61-75",0.231423124479628,0.405578446649967,0.87694452176131,0.912622369732399,-0.912622369732399,4.5,"played",NA,NA,NA,169,"Q4"
"5502",5502,"ToledoNorthern Illinois1-6",2026-01-06,"conf","Toledo","Northern Illinois","MAC","MAC","A","W","75-61",0.405578446649967,0.231423124479628,0.789142831518436,0.925536135207541,0.0744638647924589,81.4,"played",NA,NA,NA,312,"Q4"
"5503",5503,"UCFOklahoma St.1-6",2026-01-06,"conf","Oklahoma St.","UCF","B12","B12","H","W","87-76",0.819344264260517,0.77353273260516,0.87694452176131,0.675998096188303,0.324001903811697,93.4,"played",NA,NA,NA,39,"Q2"
"5504",5504,"UCFOklahoma St.1-6",2026-01-06,"conf","UCF","Oklahoma St.","B12","B12","A","L","76-87",0.77353273260516,0.819344264260517,0.789142831518436,0.452111051323319,-0.452111051323319,52.2,"played",NA,NA,NA,73,"Q1"
"5505",5505,"UCLAWisconsin1-6",2026-01-06,"conf","UCLA","Wisconsin","B10","B10","A","L","72-80",0.799123308329882,0.913235229454143,0.789142831518436,0.262304234633571,-0.262304234633571,55,"played",NA,NA,NA,36,"Q1"
"5506",5506,"UCLAWisconsin1-6",2026-01-06,"conf","Wisconsin","UCLA","B10","B10","H","W","80-72",0.913235229454143,0.799123308329882,0.87694452176131,0.64175383145719,0.35824616854281,97.2,"played",NA,NA,NA,40,"Q2"
"5507",5507,"UNLVWyoming1-6",2026-01-06,"conf","UNLV","Wyoming","MWC","MWC","A","L","66-98",0.560876007034628,0.76314542480965,0.789142831518436,0.53737119837597,-0.53737119837597,4.8,"played",NA,NA,NA,100,"Q2"
"5508",5508,"UNLVWyoming1-6",2026-01-06,"conf","Wyoming","UNLV","MWC","MWC","H","W","98-66",0.76314542480965,0.560876007034628,0.87694452176131,0.848011636054,0.151988363946,98.8,"played",NA,NA,NA,127,"Q3"
"5509",5509,"Utah St.Air Force1-6",2026-01-06,"conf","Air Force","Utah St.","MWC","MWC","H","L","62-99",0.183685442633759,0.849238029418344,0.87694452176131,0.558523317336614,-0.558523317336614,6.3,"played",NA,NA,NA,25,"Q1"
"5510",5510,"Utah St.Air Force1-6",2026-01-06,"conf","Utah St.","Air Force","MWC","MWC","A","W","99-62",0.849238029418344,0.183685442633759,0.789142831518436,0.943285622791657,0.0567143772083434,95,"played",NA,NA,NA,336,"Q4"
"5511",5511,"Western MichiganMiami OH1-6",2026-01-06,"conf","Miami OH","Western Michigan","MAC","MAC","H","W","87-76",0.813854927875804,0.256976620663072,0.87694452176131,0.953715171476899,0.0462848285231012,59.7,"played",NA,NA,NA,256,"Q4"
"5512",5512,"Western MichiganMiami OH1-6",2026-01-06,"conf","Western Michigan","Miami OH","MAC","MAC","A","L","76-87",0.256976620663072,0.813854927875804,0.789142831518436,0.461205767573537,-0.461205767573537,50.5,"played",NA,NA,NA,49,"Q1"
"5513",5513,"AlabamaVanderbilt1-7",2026-01-07,"conf","Alabama","Vanderbilt","SEC","SEC","A","L","90-96",0.916668476253729,0.960919519146125,0.789142831518436,0.132101847871506,-0.132101847871506,90.8,"played",NA,NA,NA,16,"Q1"
"5514",5514,"AlabamaVanderbilt1-7",2026-01-07,"conf","Vanderbilt","Alabama","SEC","SEC","H","W","96-90",0.960919519146125,0.916668476253729,0.87694452176131,0.393145203996765,0.606854796003235,96.5,"played",NA,NA,NA,19,"Q1"
"5515",5515,"AmericanColgate1-7",2026-01-07,"conf","American","Colgate","Pat","Pat","A","L","62-64",0.351681313504199,0.520482639527122,0.789142831518436,0.775179083646094,-0.775179083646094,57.1,"played",NA,NA,NA,196,"Q3"
"5516",5516,"AmericanColgate1-7",2026-01-07,"conf","Colgate","American","Pat","Pat","H","W","64-62",0.520482639527122,0.351681313504199,0.87694452176131,0.929265785702261,0.0707342142977385,30.7,"played",NA,NA,NA,228,"Q4"
"5517",5517,"Arizona St.BYU1-7",2026-01-07,"conf","Arizona St.","BYU","B12","B12","A","L","76-104",0.630271822278081,0.943249231571529,0.789142831518436,0.183787432026584,-0.183787432026584,40.4,"played",NA,NA,NA,12,"Q1"
"5518",5518,"Arizona St.BYU1-7",2026-01-07,"conf","BYU","Arizona St.","B12","B12","H","W","104-76",0.943249231571529,0.630271822278081,0.87694452176131,0.806967577765592,0.193032422234408,97.7,"played",NA,NA,NA,93,"Q3"
"5519",5519,"ArkansasMississippi1-7",2026-01-07,"conf","Arkansas","Mississippi","SEC","SEC","A","W","94-87",0.899851369198693,0.782795445947566,0.789142831518436,0.509432503898883,0.490567496101117,91.7,"played",NA,NA,NA,87,"Q2"
"5520",5520,"ArkansasMississippi1-7",2026-01-07,"conf","Mississippi","Arkansas","SEC","SEC","H","L","87-94",0.782795445947566,0.899851369198693,0.87694452176131,0.442316531859976,-0.442316531859976,74.5,"played",NA,NA,NA,20,"Q1"
"5521",5521,"BelmontNorthern Iowa1-7",2026-01-07,"conf","Belmont","Northern Iowa","MVC","MVC","A","W","78-65",0.686175756192134,0.757436564872932,0.789142831518436,0.545149141228804,0.454850858771196,95.8,"played",NA,NA,NA,102,"Q2"
"5522",5522,"BelmontNorthern Iowa1-7",2026-01-07,"conf","Northern Iowa","Belmont","MVC","MVC","H","L","65-78",0.757436564872932,0.686175756192134,0.87694452176131,0.76521878965505,-0.76521878965505,22.9,"played",NA,NA,NA,64,"Q2"
"5523",5523,"Boston UniversityLafayette1-7",2026-01-07,"conf","Boston University","Lafayette","Pat","Pat","A","W","83-67",0.173160301084916,0.247759908493423,0.789142831518436,0.919113429490502,0.0808865705094981,77.4,"played",NA,NA,NA,328,"Q4"
"5524",5524,"Boston UniversityLafayette1-7",2026-01-07,"conf","Lafayette","Boston University","Pat","Pat","H","L","67-83",0.247759908493423,0.173160301084916,0.87694452176131,0.97145190396275,-0.97145190396275,2,"played",NA,NA,NA,292,"Q4"
"5525",5525,"BucknellNavy1-7",2026-01-07,"conf","Bucknell","Navy","Pat","Pat","A","L","55-76",0.127187121287998,0.465453988539404,0.789142831518436,0.811252761824176,-0.811252761824176,7.2,"played",NA,NA,NA,193,"Q3"
"5526",5526,"BucknellNavy1-7",2026-01-07,"conf","Navy","Bucknell","Pat","Pat","H","W","76-55",0.465453988539404,0.127187121287998,0.87694452176131,0.979961742807954,0.0200382571920457,62,"played",NA,NA,NA,333,"Q4"
"5527",5527,"CaliforniaVirginia1-7",2026-01-07,"conf","California","Virginia","ACC","ACC","A","L","60-84",0.717957478164634,0.96842400434267,0.789142831518436,0.108756479072216,-0.108756479072216,59.2,"played",NA,NA,NA,13,"Q1"
"5528",5528,"CaliforniaVirginia1-7",2026-01-07,"conf","Virginia","California","ACC","ACC","H","W","84-60",0.96842400434267,0.717957478164634,0.87694452176131,0.736810404185855,0.263189595814145,98.2,"played",NA,NA,NA,60,"Q2"
"5529",5529,"Charleston SouthernWinthrop1-7",2026-01-07,"conf","Charleston Southern","Winthrop","BSth","BSth","A","L","77-81",0.304852499335177,0.589293391463423,0.789142831518436,0.72286571295832,-0.72286571295832,54.8,"played",NA,NA,NA,130,"Q2"
"5530",5530,"Charleston SouthernWinthrop1-7",2026-01-07,"conf","Winthrop","Charleston Southern","BSth","BSth","H","W","81-77",0.589293391463423,0.304852499335177,0.87694452176131,0.942029615136421,0.0579703848635789,34.1,"played",NA,NA,NA,219,"Q4"
"5531",5531,"CharlotteUTSA1-7",2026-01-07,"conf","Charlotte","UTSA","Amer","Amer","A","W","74-58",0.408184823211502,0.118500483117376,0.789142831518436,0.96532593406337,0.0346740659366295,62.5,"played",NA,NA,NA,349,"Q4"
"5532",5532,"CharlotteUTSA1-7",2026-01-07,"conf","UTSA","Charlotte","Amer","Amer","H","L","58-74",0.118500483117376,0.408184823211502,0.87694452176131,0.911757290865428,-0.911757290865428,5.3,"played",NA,NA,NA,173,"Q4"
"5533",5533,"ConnecticutProvidence1-7",2026-01-07,"conf","Connecticut","Providence","BE","BE","A","W","103-98",0.948353630627273,0.803485279294478,0.789142831518436,0.477900616033965,0.522099383966035,79.7,"played",NA,NA,NA,89,"Q2"
"5534",5534,"ConnecticutProvidence1-7",2026-01-07,"conf","Providence","Connecticut","BE","BE","H","L","98-103",0.803485279294478,0.948353630627273,0.87694452176131,0.279589420810512,-0.279589420810512,95,"played",NA,NA,NA,8,"Q1"
"5535",5535,"CreightonVillanova1-7",2026-01-07,"conf","Creighton","Villanova","BE","BE","A","W","76-72",0.754064342104998,0.914034335117992,0.789142831518436,0.260349308981246,0.739650691018754,92.3,"played",NA,NA,NA,33,"Q1"
"5536",5536,"CreightonVillanova1-7",2026-01-07,"conf","Villanova","Creighton","BE","BE","H","L","72-76",0.914034335117992,0.754064342104998,0.87694452176131,0.699180955753172,-0.699180955753172,73.1,"played",NA,NA,NA,58,"Q2"
"5537",5537,"DavidsonLoyola Chicago1-7",2026-01-07,"conf","Davidson","Loyola Chicago","A10","A10","A","W","79-64",0.541996731296271,0.28923647413666,0.789142831518436,0.901930542270354,0.0980694577296459,82.8,"played",NA,NA,NA,315,"Q4"
"5538",5538,"DavidsonLoyola Chicago1-7",2026-01-07,"conf","Loyola Chicago","Davidson","A10","A10","H","L","64-79",0.28923647413666,0.541996731296271,0.87694452176131,0.857591084116218,-0.857591084116218,9.1,"played",NA,NA,NA,119,"Q3"
"5539",5539,"DrakeBradley1-7",2026-01-07,"conf","Bradley","Drake","MVC","MVC","H","W","93-66",0.630393603174275,0.380317101596354,0.87694452176131,0.920708383048696,0.0792916169513039,97,"played",NA,NA,NA,166,"Q4"
"5540",5540,"DrakeBradley1-7",2026-01-07,"conf","Drake","Bradley","MVC","MVC","A","L","66-93",0.380317101596354,0.630393603174275,0.789142831518436,0.686941833214128,-0.686941833214128,3.1,"played",NA,NA,NA,124,"Q2"
"5541",5541,"DuquesneSaint Joseph's1-7",2026-01-07,"conf","Duquesne","Saint Joseph's","A10","A10","A","L","90-97",0.509896069293123,0.600718255311877,0.789142831518436,0.713267667429442,-0.713267667429442,50,"played",NA,NA,NA,192,"Q3"
"5542",5542,"DuquesneSaint Joseph's1-7",2026-01-07,"conf","Saint Joseph's","Duquesne","A10","A10","H","W","97-90",0.600718255311877,0.509896069293123,0.87694452176131,0.872608167411856,0.127391832588144,61,"played",NA,NA,NA,155,"Q3"
"5543",5543,"East CarolinaTemple1-7",2026-01-07,"conf","East Carolina","Temple","Amer","Amer","A","L","67-75",0.157608291479868,0.639379701297134,0.789142831518436,0.67854505050098,-0.67854505050098,21.3,"played",NA,NA,NA,154,"Q3"
"5544",5544,"East CarolinaTemple1-7",2026-01-07,"conf","Temple","East Carolina","Amer","Amer","H","W","75-67",0.639379701297134,0.157608291479868,0.87694452176131,0.974417735158404,0.0255822648415964,55.1,"played",NA,NA,NA,299,"Q4"
"5545",5545,"FIUJacksonville St.1-7",2026-01-07,"conf","FIU","Jacksonville St.","CUSA","CUSA","A","L","64-71",0.408547275216062,0.444551537137328,0.789142831518436,0.823824402356089,-0.823824402356089,28,"played",NA,NA,NA,245,"Q4"
"5546",5546,"FIUJacksonville St.1-7",2026-01-07,"conf","Jacksonville St.","FIU","CUSA","CUSA","H","W","71-64",0.444551537137328,0.408547275216062,0.87694452176131,0.911636516667524,0.0883634833324762,58.7,"played",NA,NA,NA,198,"Q4"
"5547",5547,"Florida AtlanticUAB1-7",2026-01-07,"conf","Florida Atlantic","UAB","Amer","Amer","A","W","76-71",0.669116075241684,0.677896014710966,0.789142831518436,0.640065139338454,0.359934860661546,88.3,"played",NA,NA,NA,122,"Q2"
"5548",5548,"Florida AtlanticUAB1-7",2026-01-07,"conf","UAB","Florida Atlantic","Amer","Amer","H","L","71-76",0.677896014710966,0.669116075241684,0.87694452176131,0.778960430736667,-0.778960430736667,36.1,"played",NA,NA,NA,91,"Q3"
"5549",5549,"FurmanChattanooga1-7",2026-01-07,"conf","Chattanooga","Furman","SC","SC","H","L","67-78",0.31417384513742,0.389531071962605,0.87694452176131,0.917820216149874,-0.917820216149874,12.8,"played",NA,NA,NA,189,"Q4"
"5550",5550,"FurmanChattanooga1-7",2026-01-07,"conf","Furman","Chattanooga","SC","SC","A","W","78-67",0.389531071962605,0.31417384513742,0.789142831518436,0.890946330891946,0.109053669108054,66.5,"played",NA,NA,NA,280,"Q4"
"5551",5551,"Gardner WebbHigh Point1-7",2026-01-07,"conf","Gardner Webb","High Point","BSth","BSth","A","L","49-104",0.031054600359691,0.756790844012223,0.789142831518436,0.546019695713936,-0.546019695713936,0.1,"played",NA,NA,NA,90,"Q2"
"5552",5552,"Gardner WebbHigh Point1-7",2026-01-07,"conf","High Point","Gardner Webb","BSth","BSth","H","W","104-49",0.756790844012223,0.031054600359691,0.87694452176131,0.995522798064527,0.00447720193547285,99.3,"played",NA,NA,NA,363,"Q4"
"5553",5553,"George MasonFordham1-7",2026-01-07,"conf","Fordham","George Mason","A10","A10","H","L","58-67",0.520630114053518,0.622989999921908,0.87694452176131,0.811769579931046,-0.811769579931046,42.3,"played",NA,NA,NA,63,"Q2"
"5554",5554,"George MasonFordham1-7",2026-01-07,"conf","George Mason","Fordham","A10","A10","A","W","67-58",0.622989999921908,0.520630114053518,0.789142831518436,0.775076087478428,0.224923912521572,71,"played",NA,NA,NA,226,"Q3"
"5555",5555,"Grand CanyonBoise St.1-7",2026-01-07,"conf","Boise St.","Grand Canyon","MWC","MWC","H","L","58-75",0.83001126375618,0.739302448616464,0.87694452176131,0.715339957295419,-0.715339957295419,22,"played",NA,NA,NA,86,"Q3"
"5556",5556,"Grand CanyonBoise St.1-7",2026-01-07,"conf","Grand Canyon","Boise St.","MWC","MWC","A","W","75-58",0.739302448616464,0.83001126375618,0.789142831518436,0.433903907888668,0.566096092111332,98,"played",NA,NA,NA,71,"Q1"
"5557",5557,"Holy CrossLehigh1-7",2026-01-07,"conf","Holy Cross","Lehigh","Pat","Pat","A","L","58-66",0.118107022625567,0.26032083125622,0.789142831518436,0.914045954914765,-0.914045954914765,7.4,"played",NA,NA,NA,298,"Q4"
"5558",5558,"Holy CrossLehigh1-7",2026-01-07,"conf","Lehigh","Holy Cross","Pat","Pat","H","W","66-58",0.26032083125622,0.118107022625567,0.87694452176131,0.981553972347959,0.0184460276520411,37.1,"played",NA,NA,NA,314,"Q4"
"5559",5559,"Illinois St.Valparaiso1-7",2026-01-07,"conf","Illinois St.","Valparaiso","MVC","MVC","A","L","71-77",0.699786014575313,0.617432819487282,0.789142831518436,0.69869691398021,-0.69869691398021,34,"played",NA,NA,NA,171,"Q3"
"5560",5560,"Illinois St.Valparaiso1-7",2026-01-07,"conf","Valparaiso","Illinois St.","MVC","MVC","H","W","77-71",0.617432819487282,0.699786014575313,0.87694452176131,0.753530147840397,0.246469852159603,88,"played",NA,NA,NA,79,"Q3"
"5561",5561,"IndianaMaryland1-7",2026-01-07,"conf","Indiana","Maryland","B10","B10","A","W","84-66",0.873086517947804,0.718765491706146,0.789142831518436,0.594215563299714,0.405784436700286,95,"played",NA,NA,NA,152,"Q3"
"5562",5562,"IndianaMaryland1-7",2026-01-07,"conf","Maryland","Indiana","B10","B10","H","L","66-84",0.718765491706146,0.873086517947804,0.87694452176131,0.508818932948501,-0.508818932948501,48.3,"played",NA,NA,NA,38,"Q2"
"5563",5563,"Iowa St.Baylor1-7",2026-01-07,"conf","Baylor","Iowa St.","B12","B12","H","L","60-70",0.844844372317854,0.932186105100022,0.87694452176131,0.341423525966652,-0.341423525966652,80.4,"played",NA,NA,NA,6,"Q1"
"5564",5564,"Iowa St.Baylor1-7",2026-01-07,"conf","Iowa St.","Baylor","B12","B12","A","W","70-60",0.932186105100022,0.844844372317854,0.789142831518436,0.407343680053834,0.592656319946166,94.8,"played",NA,NA,NA,53,"Q1"
"5565",5565,"Kansas St.Arizona1-7",2026-01-07,"conf","Arizona","Kansas St.","B12","B12","H","W","101-76",0.977752465301565,0.660770736289095,0.87694452176131,0.785342749205728,0.214657250794272,97.5,"played",NA,NA,NA,82,"Q3"
"5566",5566,"Kansas St.Arizona1-7",2026-01-07,"conf","Kansas St.","Arizona","B12","B12","A","L","76-101",0.660770736289095,0.977752465301565,0.789142831518436,0.0784743366007909,-0.0784743366007909,69,"played",NA,NA,NA,3,"Q1"
"5567",5567,"La SalleRhode Island1-7",2026-01-07,"conf","La Salle","Rhode Island","A10","A10","A","W","79-72",0.347282363436385,0.656655293009964,0.789142831518436,0.661803604151082,0.338196395848918,80.3,"played",NA,NA,NA,133,"Q2"
"5568",5568,"La SalleRhode Island1-7",2026-01-07,"conf","Rhode Island","La Salle","A10","A10","H","L","72-79",0.656655293009964,0.347282363436385,0.87694452176131,0.930527128014643,-0.930527128014643,20,"played",NA,NA,NA,227,"Q4"
"5569",5569,"LongwoodUNC Asheville1-7",2026-01-07,"conf","Longwood","UNC Asheville","BSth","BSth","A","L","61-72",0.192892523448795,0.418702865698982,0.789142831518436,0.838602545116366,-0.838602545116366,10.5,"played",NA,NA,NA,232,"Q3"
"5570",5570,"LongwoodUNC Asheville1-7",2026-01-07,"conf","UNC Asheville","Longwood","BSth","BSth","H","W","72-61",0.418702865698982,0.192892523448795,0.87694452176131,0.967552055004814,0.0324479449951863,59.5,"played",NA,NA,NA,271,"Q4"
"5571",5571,"Loyola MDArmy1-7",2026-01-07,"conf","Army","Loyola MD","Pat","Pat","H","L","76-84",0.208126264319721,0.0922603677365822,0.87694452176131,0.985938471534303,-0.985938471534303,3.9,"played",NA,NA,NA,340,"Q4"
"5572",5572,"Loyola MDArmy1-7",2026-01-07,"conf","Loyola MD","Army","Pat","Pat","A","W","84-76",0.0922603677365822,0.208126264319721,0.789142831518436,0.934381268827168,0.0656187311728325,39.6,"played",NA,NA,NA,320,"Q4"
"5573",5573,"MarshallJames Madison1-7",2026-01-07,"conf","James Madison","Marshall","SB","SB","H","L","64-66",0.385748212158963,0.405108655210775,0.87694452176131,0.912777664866289,-0.912777664866289,15,"played",NA,NA,NA,138,"Q3"
"5574",5574,"MarshallJames Madison1-7",2026-01-07,"conf","Marshall","James Madison","SB","SB","A","W","66-64",0.405108655210775,0.385748212158963,0.789142831518436,0.85631149644305,0.14368850355695,70.7,"played",NA,NA,NA,244,"Q4"
"5575",5575,"Miami FLWake Forest1-7",2026-01-07,"conf","Miami FL","Wake Forest","ACC","ACC","A","W","81-77",0.797942523828166,0.830188381602287,0.789142831518436,0.433595457149497,0.566404542850503,85.4,"played",NA,NA,NA,67,"Q1"
"5576",5576,"Miami FLWake Forest1-7",2026-01-07,"conf","Wake Forest","Miami FL","ACC","ACC","H","L","77-81",0.830188381602287,0.797942523828166,0.87694452176131,0.643439496156293,-0.643439496156293,76.8,"played",NA,NA,NA,37,"Q2"
"5577",5577,"Missouri St.Kennesaw St.1-7",2026-01-07,"conf","Kennesaw St.","Missouri St.","CUSA","CUSA","H","W","90-80",0.57740333990607,0.459710378911034,0.87694452176131,0.893339623025375,0.106660376974625,79.9,"played",NA,NA,NA,191,"Q4"
"5578",5578,"Missouri St.Kennesaw St.1-7",2026-01-07,"conf","Missouri St.","Kennesaw St.","CUSA","CUSA","A","L","80-90",0.459710378911034,0.57740333990607,0.789142831518436,0.732558726349593,-0.732558726349593,22.6,"played",NA,NA,NA,159,"Q3"
"5579",5579,"MissouriKentucky1-7",2026-01-07,"conf","Kentucky","Missouri","SEC","SEC","H","L","68-73",0.894882969930619,0.730398132959743,0.87694452176131,0.724554054905934,-0.724554054905934,66.3,"played",NA,NA,NA,70,"Q2"
"5580",5580,"MissouriKentucky1-7",2026-01-07,"conf","Missouri","Kentucky","SEC","SEC","A","W","73-68",0.730398132959743,0.894882969930619,0.789142831518436,0.305370611040222,0.694629388959778,92.1,"played",NA,NA,NA,31,"Q1"
"5581",5581,"Murray St.Evansville1-7",2026-01-07,"conf","Evansville","Murray St.","MVC","MVC","H","L","69-79",0.316297971986588,0.635707651012394,0.87694452176131,0.803296496851395,-0.803296496851395,35.7,"played",NA,NA,NA,74,"Q2"
"5582",5582,"Murray St.Evansville1-7",2026-01-07,"conf","Murray St.","Evansville","MVC","MVC","A","W","79-69",0.635707651012394,0.316297971986588,0.789142831518436,0.88998656064279,0.110013439357211,59.2,"played",NA,NA,NA,284,"Q4"
"5583",5583,"OklahomaMississippi St.1-7",2026-01-07,"conf","Mississippi St.","Oklahoma","SEC","SEC","H","W","72-53",0.769828564240354,0.671721774627647,0.87694452176131,0.776923253027942,0.223076746972058,94.8,"played",NA,NA,NA,76,"Q3"
"5584",5584,"OklahomaMississippi St.1-7",2026-01-07,"conf","Oklahoma","Mississippi St.","SEC","SEC","A","L","53-72",0.671721774627647,0.769828564240354,0.789142831518436,0.528076163539221,-0.528076163539221,27.2,"played",NA,NA,NA,99,"Q2"
"5585",5585,"PresbyterianRadford1-7",2026-01-07,"conf","Presbyterian","Radford","BSth","BSth","A","L","61-80",0.211694092348146,0.361659659316487,0.789142831518436,0.868519826317415,-0.868519826317415,6,"played",NA,NA,NA,260,"Q4"
"5586",5586,"PresbyterianRadford1-7",2026-01-07,"conf","Radford","Presbyterian","BSth","BSth","H","W","80-61",0.361659659316487,0.211694092348146,0.87694452176131,0.96368565745234,0.03631434254766,70.3,"played",NA,NA,NA,258,"Q4"
"5587",5587,"Purdue Fort WayneYoungstown St.1-7",2026-01-07,"conf","Purdue Fort Wayne","Youngstown St.","Horz","Horz","A","W","71-69",0.292872856878609,0.546812666972655,0.789142831518436,0.756201472941003,0.243798527058997,59.1,"played",NA,NA,NA,221,"Q3"
"5588",5588,"Purdue Fort WayneYoungstown St.1-7",2026-01-07,"conf","Youngstown St.","Purdue Fort Wayne","Horz","Horz","H","L","69-71",0.546812666972655,0.292872856878609,0.87694452176131,0.945074204187965,-0.945074204187965,25.7,"played",NA,NA,NA,210,"Q4"
"5589",5589,"RiceWichita St.1-7",2026-01-07,"conf","Rice","Wichita St.","Amer","Amer","A","W","66-64",0.305946467034478,0.738904436061514,0.789142831518436,0.569419774868401,0.430580225131599,82.3,"played",NA,NA,NA,95,"Q2"
"5590",5590,"RiceWichita St.1-7",2026-01-07,"conf","Wichita St.","Rice","Amer","Amer","H","L","64-66",0.738904436061514,0.305946467034478,0.87694452176131,0.941747346673167,-0.941747346673167,21.2,"played",NA,NA,NA,253,"Q4"
"5591",5591,"RichmondSt. Bonaventure1-7",2026-01-07,"conf","Richmond","St. Bonaventure","A10","A10","A","W","89-80",0.505311078308384,0.588463345654528,0.789142831518436,0.723552025588615,0.276447974411385,85.2,"played",NA,NA,NA,144,"Q3"
"5592",5592,"RichmondSt. Bonaventure1-7",2026-01-07,"conf","St. Bonaventure","Richmond","A10","A10","H","L","80-89",0.588463345654528,0.505311078308384,0.87694452176131,0.874633481206489,-0.874633481206489,20.3,"played",NA,NA,NA,126,"Q3"
"5593",5593,"Saint LouisVCU1-7",2026-01-07,"conf","Saint Louis","VCU","A10","A10","A","W","71-62",0.882079346144617,0.832009910410597,0.789142831518436,0.430411360912575,0.569588639087425,96,"played",NA,NA,NA,55,"Q1"
"5594",5594,"Saint LouisVCU1-7",2026-01-07,"conf","VCU","Saint Louis","A10","A10","H","L","62-71",0.832009910410597,0.882079346144617,0.87694452176131,0.487886969241814,-0.487886969241814,60.6,"played",NA,NA,NA,22,"Q1"
"5595",5595,"SMUClemson1-7",2026-01-07,"conf","Clemson","SMU","ACC","ACC","H","W","74-70",0.937538780726441,0.852332367434774,0.87694452176131,0.55250469969308,0.44749530030692,95.8,"played",NA,NA,NA,30,"Q1"
"5596",5596,"SMUClemson1-7",2026-01-07,"conf","SMU","Clemson","ACC","ACC","A","L","70-74",0.852332367434774,0.937538780726441,0.789142831518436,0.199576091999099,-0.199576091999099,79.4,"played",NA,NA,NA,32,"Q1"
"5597",5597,"South DakotaSt. Thomas1-7",2026-01-07,"conf","South Dakota","St. Thomas","Sum","Sum","A","L","86-99",0.214647067407385,0.711266776860035,0.789142831518436,0.603057697731894,-0.603057697731894,18.2,"played",NA,NA,NA,116,"Q2"
"5598",5598,"South DakotaSt. Thomas1-7",2026-01-07,"conf","St. Thomas","South Dakota","Sum","Sum","H","W","99-86",0.711266776860035,0.214647067407385,0.87694452176131,0.963064474227078,0.036935525772922,75.2,"played",NA,NA,NA,272,"Q4"
"5599",5599,"South FloridaNorth Texas1-7",2026-01-07,"conf","North Texas","South Florida","Amer","Amer","H","L","70-74",0.61394540023339,0.716094166023229,0.87694452176131,0.738587386794364,-0.738587386794364,65.5,"played",NA,NA,NA,66,"Q2"
"5600",5600,"South FloridaNorth Texas1-7",2026-01-07,"conf","South Florida","North Texas","Amer","Amer","A","W","74-70",0.716094166023229,0.61394540023339,0.789142831518436,0.701790604371229,0.298209395628771,67.9,"played",NA,NA,NA,147,"Q3"
"5601",5601,"Southern IllinoisIllinois Chicago1-7",2026-01-07,"conf","Illinois Chicago","Southern Illinois","MVC","MVC","H","W","70-57",0.656335877113298,0.429692892721203,0.87694452176131,0.904383896749159,0.0956161032508414,89.2,"played",NA,NA,NA,143,"Q3"
"5602",5602,"Southern IllinoisIllinois Chicago1-7",2026-01-07,"conf","Southern Illinois","Illinois Chicago","MVC","MVC","A","L","57-70",0.429692892721203,0.656335877113298,0.789142831518436,0.662120554275075,-0.662120554275075,14.9,"played",NA,NA,NA,161,"Q3"
"5603",5603,"StanfordVirginia Tech1-7",2026-01-07,"conf","Stanford","Virginia Tech","ACC","ACC","A","W","69-68",0.712676563861534,0.853893151640768,0.789142831518436,0.39038325210195,0.609616747898049,80.5,"played",NA,NA,NA,51,"Q1"
"5604",5604,"StanfordVirginia Tech1-7",2026-01-07,"conf","Virginia Tech","Stanford","ACC","ACC","H","L","68-69",0.853893151640768,0.712676563861534,0.87694452176131,0.741808445428602,-0.741808445428602,77.8,"played",NA,NA,NA,68,"Q2"
"5605",5605,"The CitadelMercer1-7",2026-01-07,"conf","Mercer","The Citadel","SC","SC","H","W","101-63",0.653833270716202,0.0788521555269136,0.87694452176131,0.988130636578795,0.0118693634212048,88.3,"played",NA,NA,NA,350,"Q4"
"5606",5606,"The CitadelMercer1-7",2026-01-07,"conf","The Citadel","Mercer","SC","SC","A","L","63-101",0.0788521555269136,0.653833270716202,0.789142831518436,0.664593982193898,-0.664593982193898,2.1,"played",NA,NA,NA,125,"Q2"
"5607",5607,"TroyArkansas St.1-7",2026-01-07,"conf","Arkansas St.","Troy","SB","SB","H","W","86-74",0.643792601240604,0.574223488770011,0.87694452176131,0.840868495508097,0.159131504491903,91.4,"played",NA,NA,NA,103,"Q3"
"5608",5608,"TroyArkansas St.1-7",2026-01-07,"conf","Troy","Arkansas St.","SB","SB","A","L","74-86",0.574223488770011,0.643792601240604,0.789142831518436,0.674344903439392,-0.674344903439392,18.7,"played",NA,NA,NA,141,"Q3"
"5609",5609,"UNC GreensboroWofford1-7",2026-01-07,"conf","UNC Greensboro","Wofford","SC","SC","A","L","85-97",0.170845743130604,0.427054957226168,0.789142831518436,0.833916616644165,-0.833916616644165,9.7,"played",NA,NA,NA,225,"Q3"
"5610",5610,"UNC GreensboroWofford1-7",2026-01-07,"conf","Wofford","UNC Greensboro","SC","SC","H","W","97-85",0.427054957226168,0.170845743130604,0.87694452176131,0.971899187342243,0.0281008126577568,58.9,"played",NA,NA,NA,295,"Q4"
"5611",5611,"UtahColorado1-7",2026-01-07,"conf","Colorado","Utah","B12","B12","H","W","85-73",0.772290823716488,0.594076360174539,0.87694452176131,0.82962411412064,0.17037588587936,87,"played",NA,NA,NA,117,"Q3"
"5612",5612,"UtahColorado1-7",2026-01-07,"conf","Utah","Colorado","B12","B12","A","L","73-85",0.594076360174539,0.772290823716488,0.789142831518436,0.524598733389019,-0.524598733389019,42.5,"played",NA,NA,NA,78,"Q2"
"5613",5613,"VMIEast Tennessee St.1-7",2026-01-07,"conf","East Tennessee St.","VMI","SC","SC","H","W","81-67",0.607991931766003,0.081180331096308,0.87694452176131,0.987753891098385,0.0122461089016148,45.7,"played",NA,NA,NA,353,"Q4"
"5614",5614,"VMIEast Tennessee St.1-7",2026-01-07,"conf","VMI","East Tennessee St.","SC","SC","A","L","67-81",0.081180331096308,0.607991931766003,0.789142831518436,0.707006029827842,-0.707006029827842,14,"played",NA,NA,NA,129,"Q2"
"5615",5615,"WashingtonPurdue1-7",2026-01-07,"conf","Purdue","Washington","B10","B10","H","W","81-73",0.968858276411217,0.749226742667862,0.87694452176131,0.704603340179548,0.295396659820452,97.1,"played",NA,NA,NA,62,"Q2"
"5616",5616,"WashingtonPurdue1-7",2026-01-07,"conf","Washington","Purdue","B10","B10","A","L","73-81",0.749226742667862,0.968858276411217,0.789142831518436,0.107378422298164,-0.107378422298164,73.7,"played",NA,NA,NA,5,"Q1"
"5617",5617,"Western CarolinaSamford1-7",2026-01-07,"conf","Samford","Western Carolina","SC","SC","H","W","82-77",0.283895640638759,0.189337564487005,0.87694452176131,0.968266322969144,0.0317336770308555,18.7,"played",NA,NA,NA,289,"Q4"
"5618",5618,"Western CarolinaSamford1-7",2026-01-07,"conf","Western Carolina","Samford","SC","SC","A","L","77-82",0.189337564487005,0.283895640638759,0.789142831518436,0.904217121017145,-0.904217121017145,28.6,"played",NA,NA,NA,269,"Q4"
"5619",5619,"XavierMarquette1-7",2026-01-07,"conf","Marquette","Xavier","BE","BE","H","W","66-65",0.679338014949704,0.650772325033312,0.87694452176131,0.792715583981746,0.207284416018254,81.7,"played",NA,NA,NA,94,"Q3"
"5620",5620,"XavierMarquette1-7",2026-01-07,"conf","Xavier","Marquette","BE","BE","A","L","65-66",0.650772325033312,0.679338014949704,0.789142831518436,0.638540499954744,-0.638540499954744,46.8,"played",NA,NA,NA,142,"Q3"
"5621",5621,"Abilene ChristianTarleton St.1-8",2026-01-08,"conf","Abilene Christian","Tarleton St.","WAC","WAC","A","W","84-80",0.25561463996283,0.559896594488506,0.789142831518436,0.746309231111213,0.253690768888787,78.9,"played",NA,NA,NA,185,"Q3"
"5622",5622,"Abilene ChristianTarleton St.1-8",2026-01-08,"conf","Tarleton St.","Abilene Christian","WAC","WAC","H","L","80-84",0.559896594488506,0.25561463996283,0.87694452176131,0.954029569648245,-0.954029569648245,10.4,"played",NA,NA,NA,241,"Q4"
"5623",5623,"Appalachian St.Georgia St.1-8",2026-01-08,"conf","Appalachian St.","Georgia St.","SB","SB","A","W","52-50",0.322413113123934,0.332443152619094,0.789142831518436,0.88256236526728,0.11743763473272,32.5,"played",NA,NA,NA,261,"Q4"
"5624",5624,"Appalachian St.Georgia St.1-8",2026-01-08,"conf","Georgia St.","Appalachian St.","SB","SB","H","L","50-52",0.332443152619094,0.322413113123934,0.87694452176131,0.937409842186305,-0.937409842186305,32.9,"played",NA,NA,NA,212,"Q4"
"5625",5625,"Austin PeayFlorida Gulf Coast1-8",2026-01-08,"conf","Austin Peay","Florida Gulf Coast","ASun","ASun","A","W","82-71",0.467994966707812,0.459203789369559,0.789142831518436,0.81507273605116,0.18492726394884,72.1,"played",NA,NA,NA,237,"Q3"
"5626",5626,"Austin PeayFlorida Gulf Coast1-8",2026-01-08,"conf","Florida Gulf Coast","Austin Peay","ASun","ASun","H","L","71-82",0.459203789369559,0.467994966707812,0.87694452176131,0.890123562109543,-0.890123562109543,22.4,"played",NA,NA,NA,149,"Q3"
"5627",5627,"BinghamtonVermont1-8",2026-01-08,"conf","Binghamton","Vermont","AE","AE","A","L","59-60",0.0455455848513069,0.446282341818913,0.789142831518436,0.822805153276422,-0.822805153276422,44.4,"played",NA,NA,NA,207,"Q3"
"5628",5628,"BinghamtonVermont1-8",2026-01-08,"conf","Vermont","Binghamton","AE","AE","H","W","60-59",0.446282341818913,0.0455455848513069,0.87694452176131,0.993348470028501,0.00665152997149854,4.6,"played",NA,NA,NA,362,"Q4"
"5629",5629,"Cal PolyCal St. Northridge1-8",2026-01-08,"conf","Cal Poly","Cal St. Northridge","BW","BW","A","L","90-95",0.22558726115521,0.543814122124777,0.789142831518436,0.758424134649901,-0.758424134649901,51.2,"played",NA,NA,NA,209,"Q3"
"5630",5630,"Cal PolyCal St. Northridge1-8",2026-01-08,"conf","Cal St. Northridge","Cal Poly","BW","BW","H","W","95-90",0.543814122124777,0.22558726115521,0.87694452176131,0.960729012486904,0.0392709875130959,24.8,"played",NA,NA,NA,257,"Q4"
"5631",5631,"Cal St. FullertonUC San Diego1-8",2026-01-08,"conf","Cal St. Fullerton","UC San Diego","BW","BW","A","W","88-71",0.331925225797259,0.734201130187246,0.789142831518436,0.575352440331897,0.424647559668103,92.7,"played",NA,NA,NA,98,"Q2"
"5632",5632,"Cal St. FullertonUC San Diego1-8",2026-01-08,"conf","UC San Diego","Cal St. Fullerton","BW","BW","H","L","71-88",0.734201130187246,0.331925225797259,0.87694452176131,0.934825940311833,-0.934825940311833,9.8,"played",NA,NA,NA,200,"Q4"
"5633",5633,"Central ArkansasBellarmine1-8",2026-01-08,"conf","Bellarmine","Central Arkansas","ASun","ASun","H","W","84-78",0.246363301451693,0.418552667589624,0.87694452176131,0.908256159397106,0.0917438406028938,51.3,"played",NA,NA,NA,206,"Q4"
"5634",5634,"Central ArkansasBellarmine1-8",2026-01-08,"conf","Central Arkansas","Bellarmine","ASun","ASun","A","L","78-84",0.418552667589624,0.246363301451693,0.789142831518436,0.919669832563784,-0.919669832563784,18.3,"played",NA,NA,NA,291,"Q4"
"5635",5635,"Chicago St.Fairleigh Dickinson1-8",2026-01-08,"conf","Chicago St.","Fairleigh Dickinson","NEC","NEC","A","L","63-70",0.0739186417080468,0.183963005479034,0.789142831518436,0.943186569817656,-0.943186569817656,2.9,"played",NA,NA,NA,339,"Q4"
"5636",5636,"Chicago St.Fairleigh Dickinson1-8",2026-01-08,"conf","Fairleigh Dickinson","Chicago St.","NEC","NEC","H","W","70-63",0.183963005479034,0.0739186417080468,0.87694452176131,0.988923656012592,0.011076343987408,37.3,"played",NA,NA,NA,352,"Q4"
"5637",5637,"DelawareSam Houston St.1-8",2026-01-08,"conf","Delaware","Sam Houston St.","CUSA","CUSA","A","L","60-72",0.176954731417496,0.710010982697554,0.789142831518436,0.604518668369394,-0.604518668369394,24,"played",NA,NA,NA,105,"Q2"
"5638",5638,"DelawareSam Houston St.1-8",2026-01-08,"conf","Sam Houston St.","Delaware","CUSA","CUSA","H","W","72-60",0.710010982697554,0.176954731417496,0.87694452176131,0.970714096550497,0.0292859034495031,62.5,"played",NA,NA,NA,300,"Q4"
"5639",5639,"DenverSouth Dakota St.1-8",2026-01-08,"conf","Denver","South Dakota St.","Sum","Sum","A","L","79-87",0.263838573314094,0.53567472683946,0.789142831518436,0.764376370522328,-0.764376370522328,39.3,"played",NA,NA,NA,180,"Q3"
"5640",5640,"DenverSouth Dakota St.1-8",2026-01-08,"conf","South Dakota St.","Denver","Sum","Sum","H","W","87-79",0.53567472683946,0.263838573314094,0.87694452176131,0.952116681640977,0.0478833183590227,39,"played",NA,NA,NA,251,"Q4"
"5641",5641,"ElonNorth Carolina A&T1-8",2026-01-08,"conf","Elon","North Carolina A&T","CAA","CAA","A","W","69-64",0.417238728194965,0.276662006999724,0.789142831518436,0.907278273097433,0.0927217269025665,57.9,"played",NA,NA,NA,270,"Q4"
"5642",5642,"ElonNorth Carolina A&T1-8",2026-01-08,"conf","North Carolina A&T","Elon","CAA","CAA","H","L","64-69",0.276662006999724,0.417238728194965,0.87694452176131,0.908705250541613,-0.908705250541613,16.6,"played",NA,NA,NA,168,"Q4"
"5643",5643,"HamptonCampbell1-8",2026-01-08,"conf","Campbell","Hampton","CAA","CAA","H","W","86-72",0.480657896699851,0.224878457335432,0.87694452176131,0.960881974481878,0.0391180255181218,79,"played",NA,NA,NA,238,"Q4"
"5644",5644,"HamptonCampbell1-8",2026-01-08,"conf","Hampton","Campbell","CAA","CAA","A","L","72-86",0.224878457335432,0.480657896699851,0.789142831518436,0.801734966102244,-0.801734966102244,6.7,"played",NA,NA,NA,203,"Q3"
"5645",5645,"HofstraTowson1-8",2026-01-08,"conf","Hofstra","Towson","CAA","CAA","A","W","78-67",0.550605304781333,0.507727245638924,0.789142831518436,0.783953308037154,0.216046691962846,85,"played",NA,NA,NA,162,"Q3"
"5646",5646,"HofstraTowson1-8",2026-01-08,"conf","Towson","Hofstra","CAA","CAA","H","L","67-78",0.507727245638924,0.550605304781333,0.87694452176131,0.853296277500354,-0.853296277500354,18.2,"played",NA,NA,NA,106,"Q3"
"5647",5647,"Idaho St.Northern Colorado1-8",2026-01-08,"conf","Idaho St.","Northern Colorado","BSky","BSky","A","L","72-85",0.328595781865349,0.60052552003834,0.789142831518436,0.713431964782188,-0.713431964782188,12.3,"played",NA,NA,NA,164,"Q3"
"5648",5648,"Idaho St.Northern Colorado1-8",2026-01-08,"conf","Northern Colorado","Idaho St.","BSky","BSky","H","W","85-72",0.60052552003834,0.328595781865349,0.87694452176131,0.935737061162961,0.0642629388370387,83.9,"played",NA,NA,NA,174,"Q4"
"5649",5649,"LibertyLouisiana Tech1-8",2026-01-08,"conf","Liberty","Louisiana Tech","CUSA","CUSA","A","W","72-56",0.617063960398147,0.333416655235645,0.789142831518436,0.882107278744537,0.117892721255463,87,"played",NA,NA,NA,264,"Q4"
"5650",5650,"LibertyLouisiana Tech1-8",2026-01-08,"conf","Louisiana Tech","Liberty","CUSA","CUSA","H","L","56-72",0.333416655235645,0.617063960398147,0.87694452176131,0.815583004897484,-0.815583004897484,10.7,"played",NA,NA,NA,84,"Q3"
"5651",5651,"LipscombStetson1-8",2026-01-08,"conf","Lipscomb","Stetson","ASun","ASun","A","L","83-91",0.400063738169319,0.223300374896591,0.789142831518436,0.928661106603634,-0.928661106603634,4.3,"played",NA,NA,NA,327,"Q4"
"5652",5652,"LipscombStetson1-8",2026-01-08,"conf","Stetson","Lipscomb","ASun","ASun","H","W","91-83",0.223300374896591,0.400063738169319,0.87694452176131,0.914433271367804,0.0855667286321963,81.1,"played",NA,NA,NA,160,"Q3"
"5653",5653,"Little RockSIU Edwardsville1-8",2026-01-08,"conf","Little Rock","SIU Edwardsville","OVC","OVC","A","W","73-70",0.127043860244037,0.352740157956621,0.789142831518436,0.872892862348331,0.127107137651669,29.8,"played",NA,NA,NA,255,"Q4"
"5654",5654,"Little RockSIU Edwardsville1-8",2026-01-08,"conf","SIU Edwardsville","Little Rock","OVC","OVC","H","L","70-73",0.352740157956621,0.127043860244037,0.87694452176131,0.979987080838008,-0.979987080838008,15.7,"played",NA,NA,NA,302,"Q4"
"5655",5655,"Long Beach St.UC Irvine1-8",2026-01-08,"conf","Long Beach St.","UC Irvine","BW","BW","A","L","64-74",0.276270766068189,0.71694009377673,0.789142831518436,0.596386841218079,-0.596386841218079,29.9,"played",NA,NA,NA,128,"Q2"
"5656",5656,"Long Beach St.UC Irvine1-8",2026-01-08,"conf","UC Irvine","Long Beach St.","BW","BW","H","W","74-64",0.71694009377673,0.276270766068189,0.87694452176131,0.949157607123227,0.0508423928767727,69.4,"played",NA,NA,NA,240,"Q4"
"5657",5657,"Louisiana MonroeLouisiana1-8",2026-01-08,"conf","Louisiana","Louisiana Monroe","SB","SB","H","W","85-79",0.233108569263396,0.0612505362259951,0.87694452176131,0.990927418635129,0.0090725813648711,11.9,"played",NA,NA,NA,359,"Q4"
"5658",5658,"Louisiana MonroeLouisiana1-8",2026-01-08,"conf","Louisiana Monroe","Louisiana","SB","SB","A","L","79-85",0.0612505362259951,0.233108569263396,0.789142831518436,0.924882092909863,-0.924882092909863,12.8,"played",NA,NA,NA,334,"Q4"
"5659",5659,"MaineUMBC1-8",2026-01-08,"conf","Maine","UMBC","AE","AE","A","L","62-69",0.0653376419463159,0.335726306960335,0.789142831518436,0.881024132869604,-0.881024132869604,9.7,"played",NA,NA,NA,274,"Q4"
"5660",5660,"MaineUMBC1-8",2026-01-08,"conf","UMBC","Maine","AE","AE","H","W","69-62",0.335726306960335,0.0653376419463159,0.87694452176131,0.990285998285382,0.00971400171461845,24.7,"played",NA,NA,NA,343,"Q4"
"5661",5661,"MercyhurstLIU1-8",2026-01-08,"conf","LIU","Mercyhurst","NEC","NEC","H","W","60-58",0.478872202881425,0.197715059489074,0.87694452176131,0.966574696119011,0.0334253038809886,37.8,"played",NA,NA,NA,290,"Q4"
"5662",5662,"MercyhurstLIU1-8",2026-01-08,"conf","Mercyhurst","LIU","NEC","NEC","A","L","58-60",0.197715059489074,0.478872202881425,0.789142831518436,0.802869762385744,-0.802869762385744,27.2,"played",NA,NA,NA,201,"Q3"
"5663",5663,"Middle TennesseeUTEP1-8",2026-01-08,"conf","Middle Tennessee","UTEP","CUSA","CUSA","A","L","80-83",0.617437484215807,0.346704940492434,0.789142831518436,0.87580832614611,-0.87580832614611,37.6,"played",NA,NA,NA,276,"Q4"
"5664",5664,"Middle TennesseeUTEP1-8",2026-01-08,"conf","UTEP","Middle Tennessee","CUSA","CUSA","H","W","83-80",0.346704940492434,0.617437484215807,0.87694452176131,0.815345086458109,0.184654913541891,58.7,"played",NA,NA,NA,111,"Q3"
"5665",5665,"Montana St.Eastern Washington1-8",2026-01-08,"conf","Eastern Washington","Montana St.","BSky","BSky","H","L","64-68",0.461978641835474,0.518194021185584,0.87694452176131,0.868869531125587,-0.868869531125587,44.7,"played",NA,NA,NA,134,"Q3"
"5666",5666,"Montana St.Eastern Washington1-8",2026-01-08,"conf","Montana St.","Eastern Washington","BSky","BSky","A","W","68-64",0.518194021185584,0.461978641835474,0.789142831518436,0.81338334131993,0.18661665868007,53.3,"played",NA,NA,NA,254,"Q4"
"5667",5667,"MontanaIdaho1-8",2026-01-08,"conf","Idaho","Montana","BSky","BSky","H","L","73-79",0.590672129177698,0.47565609222007,0.87694452176131,0.887080556167823,-0.887080556167823,15.5,"played",NA,NA,NA,163,"Q4"
"5668",5668,"MontanaIdaho1-8",2026-01-08,"conf","Montana","Idaho","BSky","BSky","A","W","79-73",0.47565609222007,0.590672129177698,0.789142831518436,0.721722468107655,0.278277531892345,87.7,"played",NA,NA,NA,158,"Q3"
"5669",5669,"New HampshireNJIT1-8",2026-01-08,"conf","New Hampshire","NJIT","AE","AE","A","L","76-80",0.179474847733072,0.187927329168802,0.789142831518436,0.941766734177816,-0.941766734177816,15.9,"played",NA,NA,NA,332,"Q4"
"5670",5670,"New HampshireNJIT1-8",2026-01-08,"conf","NJIT","New Hampshire","AE","AE","H","W","80-76",0.187927329168802,0.179474847733072,0.87694452176131,0.970220927546977,0.0297790724530229,21.1,"played",NA,NA,NA,323,"Q4"
"5671",5671,"New HavenLe Moyne1-8",2026-01-08,"conf","Le Moyne","New Haven","NEC","NEC","H","W","73-47",0.367582572503491,0.109352159726003,0.87694452176131,0.983063190078944,0.0169368099210561,93.7,"played",NA,NA,NA,326,"Q4"
"5672",5672,"New HavenLe Moyne1-8",2026-01-08,"conf","New Haven","Le Moyne","NEC","NEC","A","L","47-73",0.109352159726003,0.367582572503491,0.789142831518436,0.865572723413798,-0.865572723413798,0.5,"played",NA,NA,NA,263,"Q4"
"5673",5673,"North AlabamaEastern Kentucky1-8",2026-01-08,"conf","Eastern Kentucky","North Alabama","ASun","ASun","H","W","88-80",0.353630994291055,0.0884777145660335,0.87694452176131,0.986562452243666,0.013437547756334,18.8,"played",NA,NA,NA,335,"Q4"
"5674",5674,"North AlabamaEastern Kentucky1-8",2026-01-08,"conf","North Alabama","Eastern Kentucky","ASun","ASun","A","L","80-88",0.0884777145660335,0.353630994291055,0.789142831518436,0.872459573266937,-0.872459573266937,18.6,"played",NA,NA,NA,262,"Q4"
"5675",5675,"North Dakota St.UMKC1-8",2026-01-08,"conf","North Dakota St.","UMKC","Sum","Sum","A","W","97-73",0.525202618458169,0.148903257972366,0.789142831518436,0.955340268216691,0.0446597317833091,84.9,"played",NA,NA,NA,346,"Q4"
"5676",5676,"North Dakota St.UMKC1-8",2026-01-08,"conf","UMKC","North Dakota St.","Sum","Sum","H","L","73-97",0.148903257972366,0.525202618458169,0.87694452176131,0.865636057338206,-0.865636057338206,3.3,"played",NA,NA,NA,132,"Q3"
"5677",5677,"North DakotaNebraska Omaha1-8",2026-01-08,"conf","Nebraska Omaha","North Dakota","Sum","Sum","H","W","90-79",0.38253352780429,0.215415619860043,0.87694452176131,0.962902167938933,0.0370978320610666,56.9,"played",NA,NA,NA,282,"Q4"
"5678",5678,"North DakotaNebraska Omaha1-8",2026-01-08,"conf","North Dakota","Nebraska Omaha","Sum","Sum","A","L","79-90",0.215415619860043,0.38253352780429,0.789142831518436,0.857975360620707,-0.857975360620707,11.4,"played",NA,NA,NA,281,"Q4"
"5679",5679,"NorthwesternMichigan St.1-8",2026-01-08,"conf","Michigan St.","Northwestern","B10","B10","H","W","76-66",0.96316998011938,0.745990934106807,0.87694452176131,0.708160123263315,0.291839876736685,86.1,"played",NA,NA,NA,69,"Q2"
"5680",5680,"NorthwesternMichigan St.1-8",2026-01-08,"conf","Northwestern","Michigan St.","B10","B10","A","L","66-76",0.745990934106807,0.96316998011938,0.789142831518436,0.125192612565118,-0.125192612565118,92.5,"played",NA,NA,NA,11,"Q1"
"5681",5681,"Ohio St.Oregon1-8",2026-01-08,"conf","Ohio St.","Oregon","B10","B10","A","W","72-62",0.817900794713915,0.81299290274961,0.789142831518436,0.462617524270081,0.537382475729919,96.3,"played",NA,NA,NA,104,"Q2"
"5682",5682,"Ohio St.Oregon1-8",2026-01-08,"conf","Oregon","Ohio St.","B10","B10","H","L","62-72",0.81299290274961,0.817900794713915,0.87694452176131,0.613398179056679,-0.613398179056679,42.6,"played",NA,NA,NA,35,"Q2"
"5683",5683,"Old DominionCoastal Carolina1-8",2026-01-08,"conf","Coastal Carolina","Old Dominion","SB","SB","H","L","66-70",0.391019597898515,0.270343466440864,0.87694452176131,0.950578683851748,-0.950578683851748,8.4,"played",NA,NA,NA,250,"Q4"
"5684",5684,"Old DominionCoastal Carolina1-8",2026-01-08,"conf","Old Dominion","Coastal Carolina","SB","SB","A","W","70-66",0.270343466440864,0.391019597898515,0.789142831518436,0.853559338847739,0.146440661152261,72.2,"played",NA,NA,NA,235,"Q3"
"5685",5685,"PacificPortland1-8",2026-01-08,"conf","Pacific","Portland","WCC","WCC","A","L","89-90",0.522643024911776,0.553963766133518,0.789142831518436,0.750834377479532,-0.750834377479532,41.3,"played",NA,NA,NA,215,"Q3"
"5686",5686,"PacificPortland1-8",2026-01-08,"conf","Portland","Pacific","WCC","WCC","H","W","90-89",0.553963766133518,0.522643024911776,0.87694452176131,0.866825148339616,0.133174851660384,65.9,"played",NA,NA,NA,110,"Q3"
"5687",5687,"PepperdineSan Diego1-8",2026-01-08,"conf","Pepperdine","San Diego","WCC","WCC","A","L","63-83",0.217599421655683,0.545701106777343,0.789142831518436,0.75702731189978,-0.75702731189978,5.6,"played",NA,NA,NA,208,"Q3"
"5688",5688,"PepperdineSan Diego1-8",2026-01-08,"conf","San Diego","Pepperdine","WCC","WCC","H","W","83-63",0.545701106777343,0.217599421655683,0.87694452176131,0.962439543198769,0.0375604568012314,84.9,"played",NA,NA,NA,267,"Q4"
"5689",5689,"QueensJacksonville1-8",2026-01-08,"conf","Jacksonville","Queens","ASun","ASun","H","L","51-77",0.269014167855688,0.358618140773719,0.87694452176131,0.927248717001686,-0.927248717001686,1.1,"played",NA,NA,NA,183,"Q4"
"5690",5690,"QueensJacksonville1-8",2026-01-08,"conf","Queens","Jacksonville","ASun","ASun","A","W","77-51",0.358618140773719,0.269014167855688,0.789142831518436,0.910470750059058,0.0895292499409418,95,"played",NA,NA,NA,293,"Q4"
"5691",5691,"RutgersIllinois1-8",2026-01-08,"conf","Illinois","Rutgers","B10","B10","H","W","81-55",0.970104643724092,0.434313559219032,0.87694452176131,0.902743058079771,0.0972569419202294,98.4,"played",NA,NA,NA,153,"Q3"
"5692",5692,"RutgersIllinois1-8",2026-01-08,"conf","Rutgers","Illinois","B10","B10","A","L","55-81",0.434313559219032,0.970104643724092,0.789142831518436,0.103406530476857,-0.103406530476857,28.8,"played",NA,NA,NA,9,"Q1"
"5693",5693,"Saint FrancisWagner1-8",2026-01-08,"conf","Saint Francis","Wagner","NEC","NEC","A","W","71-69",0.0661980827384546,0.231947573900047,0.789142831518436,0.925332829516718,0.0746671704832819,24.5,"played",NA,NA,NA,324,"Q4"
"5694",5694,"Saint FrancisWagner1-8",2026-01-08,"conf","Wagner","Saint Francis","NEC","NEC","H","L","69-71",0.231947573900047,0.0661980827384546,0.87694452176131,0.990150353814344,-0.990150353814344,6.2,"played",NA,NA,NA,354,"Q4"
"5695",5695,"San FranciscoLoyola Marymount1-8",2026-01-08,"conf","Loyola Marymount","San Francisco","WCC","WCC","H","W","84-82",0.569167328627858,0.598637247467795,0.87694452176131,0.826929190551848,0.173070809448152,65.3,"played",NA,NA,NA,107,"Q3"
"5696",5696,"San FranciscoLoyola Marymount1-8",2026-01-08,"conf","San Francisco","Loyola Marymount","WCC","WCC","A","L","82-84",0.598637247467795,0.569167328627858,0.789142831518436,0.739103014549339,-0.739103014549339,51.1,"played",NA,NA,NA,170,"Q3"
"5697",5697,"Santa ClaraGonzaga1-8",2026-01-08,"conf","Gonzaga","Santa Clara","WCC","WCC","H","W","89-77",0.966086351861385,0.832662968850565,0.87694452176131,0.588844197277155,0.411155802722845,94.6,"played",NA,NA,NA,44,"Q2"
"5698",5698,"Santa ClaraGonzaga1-8",2026-01-08,"conf","Santa Clara","Gonzaga","WCC","WCC","A","L","77-89",0.832662968850565,0.966086351861385,0.789142831518436,0.116122856905454,-0.116122856905454,89,"played",NA,NA,NA,4,"Q1"
"5699",5699,"SeattleOregon St.1-8",2026-01-08,"conf","Oregon St.","Seattle","WCC","WCC","H","W","68-55",0.48746862199899,0.605972048235407,0.87694452176131,0.822502708405666,0.177497291594334,85.8,"played",NA,NA,NA,114,"Q3"
"5700",5700,"SeattleOregon St.1-8",2026-01-08,"conf","Seattle","Oregon St.","WCC","WCC","A","L","55-68",0.605972048235407,0.48746862199899,0.789142831518436,0.797364378973173,-0.797364378973173,19.5,"played",NA,NA,NA,213,"Q3"
"5701",5701,"Southeast Missouri St.Southern Indiana1-8",2026-01-08,"conf","Southeast Missouri St.","Southern Indiana","OVC","OVC","A","W","84-76",0.215113414869716,0.167812136503116,0.789142831518436,0.94887383530995,0.05112616469005,38.4,"played",NA,NA,NA,338,"Q4"
"5702",5702,"Southeast Missouri St.Southern Indiana1-8",2026-01-08,"conf","Southern Indiana","Southeast Missouri St.","OVC","OVC","H","L","76-84",0.167812136503116,0.215113414869716,0.87694452176131,0.962966020309848,-0.962966020309848,8.1,"played",NA,NA,NA,242,"Q4"
"5703",5703,"Southern UtahUtah Valley1-8",2026-01-08,"conf","Southern Utah","Utah Valley","WAC","WAC","A","L","72-89",0.206808186371712,0.786139268528895,0.789142831518436,0.50448923133059,-0.50448923133059,27.2,"played",NA,NA,NA,96,"Q2"
"5704",5704,"Southern UtahUtah Valley1-8",2026-01-08,"conf","Utah Valley","Southern Utah","WAC","WAC","H","W","89-72",0.786139268528895,0.206808186371712,0.87694452176131,0.964705025156547,0.0352949748434535,72,"played",NA,NA,NA,294,"Q4"
"5705",5705,"StonehillCentral Connecticut1-8",2026-01-08,"conf","Central Connecticut","Stonehill","NEC","NEC","H","W","76-69",0.302144565079282,0.0863616106872418,0.87694452176131,0.986909609419067,0.0130903905809331,27.5,"played",NA,NA,NA,337,"Q4"
"5706",5706,"StonehillCentral Connecticut1-8",2026-01-08,"conf","Stonehill","Central Connecticut","NEC","NEC","A","L","69-76",0.0863616106872418,0.302144565079282,0.789142831518436,0.896309263138175,-0.896309263138175,9.8,"played",NA,NA,NA,247,"Q4"
"5707",5707,"Stony BrookDrexel1-8",2026-01-08,"conf","Drexel","Stony Brook","CAA","CAA","H","W","56-37",0.506908140029048,0.309545341676412,0.87694452176131,0.940813650809901,0.0591863491900992,93.9,"played",NA,NA,NA,234,"Q4"
"5708",5708,"Stony BrookDrexel1-8",2026-01-08,"conf","Stony Brook","Drexel","CAA","CAA","A","L","37-56",0.309545341676412,0.506908140029048,0.789142831518436,0.78450783990208,-0.78450783990208,2.9,"played",NA,NA,NA,211,"Q3"
"5709",5709,"Tennessee MartinMorehead St.1-8",2026-01-08,"conf","Morehead St.","Tennessee Martin","OVC","OVC","H","L","68-76",0.270894090214231,0.237188051713002,0.87694452176131,0.958192248853182,-0.958192248853182,18.5,"played",NA,NA,NA,187,"Q4"
"5710",5710,"Tennessee MartinMorehead St.1-8",2026-01-08,"conf","Tennessee Martin","Morehead St.","OVC","OVC","A","W","76-68",0.237188051713002,0.270894090214231,0.789142831518436,0.909690142816319,0.0903098571836806,33.7,"played",NA,NA,NA,286,"Q4"
"5711",5711,"Tennessee St.Western Illinois1-8",2026-01-08,"conf","Tennessee St.","Western Illinois","OVC","OVC","A","W","90-68",0.211923958515258,0.107692571655567,0.789142831518436,0.968759361171826,0.0312406388281743,67.6,"played",NA,NA,NA,356,"Q4"
"5712",5712,"Tennessee St.Western Illinois1-8",2026-01-08,"conf","Western Illinois","Tennessee St.","OVC","OVC","H","L","68-90",0.107692571655567,0.211923958515258,0.87694452176131,0.963637441578405,-0.963637441578405,1.5,"played",NA,NA,NA,229,"Q4"
"5713",5713,"Tennessee TechEastern Illinois1-8",2026-01-08,"conf","Eastern Illinois","Tennessee Tech","OVC","OVC","H","W","71-61",0.254464105144106,0.08709095231161,0.87694452176131,0.986790111553305,0.0132098884466947,15.1,"played",NA,NA,NA,331,"Q4"
"5714",5714,"Tennessee TechEastern Illinois1-8",2026-01-08,"conf","Tennessee Tech","Eastern Illinois","OVC","OVC","A","L","61-71",0.08709095231161,0.254464105144106,0.789142831518436,0.916423012707536,-0.916423012707536,15.4,"played",NA,NA,NA,305,"Q4"
"5715",5715,"Texas St.Southern Miss1-8",2026-01-08,"conf","Southern Miss","Texas St.","SB","SB","H","W","80-70",0.436163066612626,0.245509808153534,0.87694452176131,0.956333012725181,0.043666987274819,39.5,"played",NA,NA,NA,265,"Q4"
"5716",5716,"Texas St.Southern Miss1-8",2026-01-08,"conf","Texas St.","Southern Miss","SB","SB","A","L","70-80",0.245509808153534,0.436163066612626,0.789142831518436,0.828710427563868,-0.828710427563868,27.8,"played",NA,NA,NA,236,"Q3"
"5717",5717,"UC DavisUC Santa Barbara1-8",2026-01-08,"conf","UC Davis","UC Santa Barbara","BW","BW","A","W","93-86",0.410152855593226,0.641009132198243,0.789142831518436,0.677000142650276,0.322999857349724,68.4,"played",NA,NA,NA,145,"Q3"
"5718",5718,"UC DavisUC Santa Barbara1-8",2026-01-08,"conf","UC Santa Barbara","UC Davis","BW","BW","H","L","86-93",0.641009132198243,0.410152855593226,0.87694452176131,0.911100116157902,-0.911100116157902,36.4,"played",NA,NA,NA,176,"Q4"
"5719",5719,"UC RiversideCal St. Bakersfield1-8",2026-01-08,"conf","Cal St. Bakersfield","UC Riverside","BW","BW","H","W","67-66",0.265483872557692,0.201552689174799,0.87694452176131,0.965789939307561,0.0342100606924388,22.1,"played",NA,NA,NA,283,"Q4"
"5720",5720,"UC RiversideCal St. Bakersfield1-8",2026-01-08,"conf","UC Riverside","Cal St. Bakersfield","BW","BW","A","L","66-67",0.201552689174799,0.265483872557692,0.789142831518436,0.911929432395944,-0.911929432395944,24.3,"played",NA,NA,NA,301,"Q4"
"5721",5721,"UMass LowellBryant1-8",2026-01-08,"conf","Bryant","UMass Lowell","AE","AE","H","L","63-77",0.125026481328206,0.165007692678497,0.87694452176131,0.973018164018987,-0.973018164018987,3,"played",NA,NA,NA,319,"Q4"
"5722",5722,"UMass LowellBryant1-8",2026-01-08,"conf","UMass Lowell","Bryant","AE","AE","A","W","77-63",0.165007692678497,0.125026481328206,0.789142831518436,0.963223783162156,0.0367762168378437,48.1,"played",NA,NA,NA,345,"Q4"
"5723",5723,"UNC WilmingtonNortheastern1-8",2026-01-08,"conf","Northeastern","UNC Wilmington","CAA","CAA","H","L","78-87",0.389208555122323,0.45266192968586,0.87694452176131,0.896016774005065,-0.896016774005065,30.5,"played",NA,NA,NA,109,"Q3"
"5724",5724,"UNC WilmingtonNortheastern1-8",2026-01-08,"conf","UNC Wilmington","Northeastern","CAA","CAA","A","W","87-78",0.45266192968586,0.389208555122323,0.789142831518436,0.854508227313528,0.145491772686472,54.6,"played",NA,NA,NA,249,"Q4"
"5725",5725,"Utah TechCal Baptist1-8",2026-01-08,"conf","Cal Baptist","Utah Tech","WAC","WAC","H","W","84-72",0.691435207905624,0.326398450988887,0.87694452176131,0.936334401660849,0.0636655983391512,72.5,"played",NA,NA,NA,199,"Q4"
"5726",5726,"Utah TechCal Baptist1-8",2026-01-08,"conf","Utah Tech","Cal Baptist","WAC","WAC","A","L","72-84",0.326398450988887,0.691435207905624,0.789142831518436,0.625492790676781,-0.625492790676781,29.1,"played",NA,NA,NA,120,"Q2"
"5727",5727,"Weber St.Northern Arizona1-8",2026-01-08,"conf","Northern Arizona","Weber St.","BSky","BSky","H","L","65-78",0.24304227579025,0.362300900236987,0.87694452176131,0.926163657167391,-0.926163657167391,9.9,"played",NA,NA,NA,190,"Q4"
"5728",5728,"Weber St.Northern Arizona1-8",2026-01-08,"conf","Weber St.","Northern Arizona","BSky","BSky","A","W","78-65",0.362300900236987,0.24304227579025,0.789142831518436,0.920987351691882,0.079012648308118,62.4,"played",NA,NA,NA,318,"Q4"
"5729",5729,"West GeorgiaNorth Florida1-8",2026-01-08,"conf","North Florida","West Georgia","ASun","ASun","H","L","73-85",0.222890542562906,0.124454025605907,0.87694452176131,0.980443929756687,-0.980443929756687,3,"played",NA,NA,NA,322,"Q4"
"5730",5730,"West GeorgiaNorth Florida1-8",2026-01-08,"conf","West Georgia","North Florida","ASun","ASun","A","W","85-73",0.124454025605907,0.222890542562906,0.789142831518436,0.928817598328057,0.0711824016719433,57.2,"played",NA,NA,NA,341,"Q4"
"5731",5731,"Western KentuckyNew Mexico St.1-8",2026-01-08,"conf","New Mexico St.","Western Kentucky","CUSA","CUSA","H","W","80-64",0.670484002673614,0.381373069076346,0.87694452176131,0.920380838248542,0.0796191617514583,95.4,"played",NA,NA,NA,167,"Q4"
"5732",5732,"Western KentuckyNew Mexico St.1-8",2026-01-08,"conf","Western Kentucky","New Mexico St.","CUSA","CUSA","A","L","64-80",0.381373069076346,0.670484002673614,0.789142831518436,0.64780196307496,-0.64780196307496,5.7,"played",NA,NA,NA,140,"Q3"
"5733",5733,"William & MaryMonmouth1-8",2026-01-08,"conf","Monmouth","William & Mary","CAA","CAA","H","W","81-70",0.470690741874601,0.532570409595156,0.87694452176131,0.862159378953457,0.137840621046543,78.6,"played",NA,NA,NA,108,"Q3"
"5734",5734,"William & MaryMonmouth1-8",2026-01-08,"conf","William & Mary","Monmouth","CAA","CAA","A","L","70-81",0.532570409595156,0.470690741874601,0.789142831518436,0.808011054668748,-0.808011054668748,21.6,"played",NA,NA,NA,204,"Q3"
"5735",5735,"AkronBowling Green1-9",2026-01-09,"conf","Akron","Bowling Green","MAC","MAC","A","W","77-67",0.745581397618812,0.717673284740088,0.789142831518436,0.595516196130015,0.404483803869985,96,"played",NA,NA,NA,101,"Q2"
"5736",5736,"AkronBowling Green1-9",2026-01-09,"conf","Bowling Green","Akron","MAC","MAC","H","L","67-77",0.717673284740088,0.745581397618812,0.87694452176131,0.708606354394313,-0.708606354394313,23.8,"played",NA,NA,NA,54,"Q2"
"5737",5737,"CanisiusManhattan1-9",2026-01-09,"conf","Canisius","Manhattan","MAAC","MAAC","A","W","70-64",0.0962828763969484,0.199140354213253,0.789142831518436,0.937698454634616,0.0623015453653843,26,"played",NA,NA,NA,330,"Q4"
"5738",5738,"CanisiusManhattan1-9",2026-01-09,"conf","Manhattan","Canisius","MAAC","MAAC","H","L","64-70",0.199140354213253,0.0962828763969484,0.87694452176131,0.985270070495874,-0.985270070495874,7,"played",NA,NA,NA,342,"Q4"
"5739",5739,"Cleveland St.Oakland1-9",2026-01-09,"conf","Cleveland St.","Oakland","Horz","Horz","A","L","74-97",0.170841144385821,0.639939911872445,0.789142831518436,0.678014683260013,-0.678014683260013,12.7,"played",NA,NA,NA,135,"Q2"
"5740",5740,"Cleveland St.Oakland1-9",2026-01-09,"conf","Oakland","Cleveland St.","Horz","Horz","H","W","97-74",0.639939911872445,0.170841144385821,0.87694452176131,0.971900073963006,0.0280999260369942,71.6,"played",NA,NA,NA,321,"Q4"
"5741",5741,"IU IndyGreen Bay1-9",2026-01-09,"conf","Green Bay","IU Indy","Horz","Horz","H","W","75-59",0.503482144436143,0.178820401046325,0.87694452176131,0.970349240873804,0.0296507591261961,74.5,"played",NA,NA,NA,310,"Q4"
"5742",5742,"IU IndyGreen Bay1-9",2026-01-09,"conf","IU Indy","Green Bay","Horz","Horz","A","L","59-75",0.178820401046325,0.503482144436143,0.789142831518436,0.786815794214538,-0.786815794214538,7,"played",NA,NA,NA,230,"Q3"
"5743",5743,"MaristSacred Heart1-9",2026-01-09,"conf","Marist","Sacred Heart","MAAC","MAAC","A","W","76-72",0.444102896546951,0.302151169708424,0.789142831518436,0.896306351960381,0.103693648039619,32.6,"played",NA,NA,NA,287,"Q4"
"5744",5744,"MaristSacred Heart1-9",2026-01-09,"conf","Sacred Heart","Marist","MAAC","MAAC","H","L","72-76",0.302151169708424,0.444102896546951,0.87694452176131,0.899197121104733,-0.899197121104733,41.7,"played",NA,NA,NA,150,"Q3"
"5745",5745,"MerrimackSiena1-9",2026-01-09,"conf","Merrimack","Siena","MAAC","MAAC","A","W","63-59",0.339779292896384,0.54942727469335,0.789142831518436,0.75425005854782,0.24574994145218,88.2,"played",NA,NA,NA,172,"Q3"
"5746",5746,"MerrimackSiena1-9",2026-01-09,"conf","Siena","Merrimack","MAAC","MAAC","H","L","59-63",0.54942727469335,0.339779292896384,0.87694452176131,0.932647440717921,-0.932647440717921,7.7,"played",NA,NA,NA,217,"Q4"
"5747",5747,"Miami OHToledo1-9",2026-01-09,"conf","Miami OH","Toledo","MAC","MAC","A","W","87-73",0.696611503750518,0.565070766531367,0.789142831518436,0.742307911949207,0.257692088050793,96.5,"played",NA,NA,NA,169,"Q3"
"5748",5748,"Miami OHToledo1-9",2026-01-09,"conf","Toledo","Miami OH","MAC","MAC","H","L","73-87",0.565070766531367,0.696611503750518,0.87694452176131,0.756317426282864,-0.756317426282864,9.7,"played",NA,NA,NA,49,"Q2"
"5749",5749,"NiagaraIona1-9",2026-01-09,"conf","Iona","Niagara","MAAC","MAAC","H","W","71-53",0.437173937533644,0.0710982537629475,0.87694452176131,0.989373790127263,0.0106262098727368,80.1,"played",NA,NA,NA,355,"Q4"
"5750",5750,"NiagaraIona1-9",2026-01-09,"conf","Niagara","Iona","MAAC","MAAC","A","L","53-71",0.0710982537629475,0.437173937533644,0.789142831518436,0.828126310189698,-0.828126310189698,1.5,"played",NA,NA,NA,218,"Q3"
"5751",5751,"Northern KentuckyMilwaukee1-9",2026-01-09,"conf","Milwaukee","Northern Kentucky","Horz","Horz","H","L","67-85",0.384994055716157,0.406379079596688,0.87694452176131,0.91235726676444,-0.91235726676444,3.4,"played",NA,NA,NA,177,"Q4"
"5752",5752,"Northern KentuckyMilwaukee1-9",2026-01-09,"conf","Northern Kentucky","Milwaukee","Horz","Horz","A","W","85-67",0.406379079596688,0.384994055716157,0.789142831518436,0.856702814984429,0.143297185015571,92.5,"played",NA,NA,NA,233,"Q3"
"5753",5753,"RiderFairfield1-9",2026-01-09,"conf","Fairfield","Rider","MAAC","MAAC","H","W","68-62",0.35586849615359,0.0692807104895986,0.87694452176131,0.989662640329338,0.010337359670662,30.7,"played",NA,NA,NA,357,"Q4"
"5754",5754,"RiderFairfield1-9",2026-01-09,"conf","Rider","Fairfield","MAAC","MAAC","A","L","62-68",0.0692807104895986,0.35586849615359,0.789142831518436,0.871367911823899,-0.871367911823899,8.5,"played",NA,NA,NA,248,"Q4"
"5755",5755,"Saint Peter'sMount St. Mary's1-9",2026-01-09,"conf","Mount St. Mary's","Saint Peter's","MAAC","MAAC","H","W","70-65",0.282514165173045,0.312643989802408,0.87694452176131,0.940003404180597,0.0599965958194028,43.6,"played",NA,NA,NA,223,"Q4"
"5756",5756,"Saint Peter'sMount St. Mary's1-9",2026-01-09,"conf","Saint Peter's","Mount St. Mary's","MAAC","MAAC","A","L","65-70",0.312643989802408,0.282514165173045,0.789142831518436,0.904804899863118,-0.904804899863118,18.8,"played",NA,NA,NA,304,"Q4"
"5757",5757,"UNLVColorado St.1-9",2026-01-09,"conf","Colorado St.","UNLV","MWC","MWC","H","W","70-62",0.761948848530048,0.560876007034628,0.87694452176131,0.848011636054,0.151988363946,70.9,"played",NA,NA,NA,127,"Q3"
"5758",5758,"UNLVColorado St.1-9",2026-01-09,"conf","UNLV","Colorado St.","MWC","MWC","A","L","62-70",0.560876007034628,0.761948848530048,0.789142831518436,0.539013660019678,-0.539013660019678,62.6,"played",NA,NA,NA,92,"Q2"
"5759",5759,"USCMinnesota1-9",2026-01-09,"conf","Minnesota","USC","B10","B10","H","L","69-70",0.837995134981792,0.749858766690896,0.87694452176131,0.703902122457448,-0.703902122457448,61.5,"played",NA,NA,NA,56,"Q2"
"5760",5760,"USCMinnesota1-9",2026-01-09,"conf","USC","Minnesota","B10","B10","A","W","70-69",0.749858766690896,0.837995134981792,0.789142831518436,0.419793884137052,0.580206115862948,90.6,"played",NA,NA,NA,83,"Q2"
"5761",5761,"Wright St.Detroit Mercy1-9",2026-01-09,"conf","Detroit Mercy","Wright St.","Horz","Horz","H","L","82-84",0.41087180318306,0.571577739895169,0.87694452176131,0.84231002581507,-0.84231002581507,35.6,"played",NA,NA,NA,136,"Q3"
"5762",5762,"Wright St.Detroit Mercy1-9",2026-01-09,"conf","Wright St.","Detroit Mercy","Horz","Horz","A","W","84-82",0.571577739895169,0.41087180318306,0.789142831518436,0.842921600902124,0.157078399097876,62.7,"played",NA,NA,NA,273,"Q4"
"5763",5763,"Bry. & Strat. (OH) USCAAYoungstown St.1-9",2026-01-09,"nond1","Youngstown St.","Bry. & Strat. (OH) USCAA","Horz",NA,"H","W","61-99",NA,NA,NA,NA,0,NA,"played",NA,NA,NA,NA,NA
"5764",5764,"Abilene ChristianUT Arlington1-10",2026-01-10,"conf","Abilene Christian","UT Arlington","WAC","WAC","A","L","72-82",0.25561463996283,0.58940849732773,0.789142831518436,0.722770423127821,-0.722770423127821,23.4,"played",NA,NA,NA,123,"Q2"
"5765",5765,"Abilene ChristianUT Arlington1-10",2026-01-10,"conf","UT Arlington","Abilene Christian","WAC","WAC","H","W","82-72",0.58940849732773,0.25561463996283,0.87694452176131,0.954029569648245,0.045970430351755,61.7,"played",NA,NA,NA,241,"Q4"
"5766",5766,"Alcorn St.Alabama A&M1-10",2026-01-10,"conf","Alabama A&M","Alcorn St.","SWAC","SWAC","H","L","62-64",0.264840745295219,0.0996439667646336,0.87694452176131,0.984707696986526,-0.984707696986526,11.7,"played",NA,NA,NA,351,"Q4"
"5767",5767,"Alcorn St.Alabama A&M1-10",2026-01-10,"conf","Alcorn St.","Alabama A&M","SWAC","SWAC","A","W","64-62",0.0996439667646336,0.264840745295219,0.789142831518436,0.91219415768358,0.0878058423164204,23.2,"played",NA,NA,NA,308,"Q4"
"5768",5768,"Appalachian St.Coastal Carolina1-10",2026-01-10,"conf","Appalachian St.","Coastal Carolina","SB","SB","A","L","62-67",0.322413113123934,0.391019597898515,0.789142831518436,0.853559338847739,-0.853559338847739,37.8,"played",NA,NA,NA,235,"Q3"
"5769",5769,"Appalachian St.Coastal Carolina1-10",2026-01-10,"conf","Coastal Carolina","Appalachian St.","SB","SB","H","W","67-62",0.391019597898515,0.322413113123934,0.87694452176131,0.937409842186305,0.0625901578136946,33.4,"played",NA,NA,NA,212,"Q4"
"5770",5770,"ArizonaTCU1-10",2026-01-10,"conf","Arizona","TCU","B12","B12","A","W","86-73",0.958472429946254,0.865296099885822,0.789142831518436,0.368134924888612,0.631865075111388,98.6,"played",NA,NA,NA,46,"Q1"
"5771",5771,"ArizonaTCU1-10",2026-01-10,"conf","TCU","Arizona","B12","B12","H","L","73-86",0.865296099885822,0.958472429946254,0.87694452176131,0.235920885661496,-0.235920885661496,67.7,"played",NA,NA,NA,3,"Q1"
"5772",5772,"Arkansas Pine BluffTexas Southern1-10",2026-01-10,"conf","Arkansas Pine Bluff","Texas Southern","SWAC","SWAC","A","W","74-66",0.210499397365107,0.218447040616154,0.789142831518436,0.930507135168519,0.0694928648314806,62.1,"played",NA,NA,NA,348,"Q4"
"5773",5773,"Arkansas Pine BluffTexas Southern1-10",2026-01-10,"conf","Texas Southern","Arkansas Pine Bluff","SWAC","SWAC","H","L","66-74",0.218447040616154,0.210499397365107,0.87694452176131,0.963935877536827,-0.963935877536827,4.3,"played",NA,NA,NA,311,"Q4"
"5774",5774,"ArkansasAuburn1-10",2026-01-10,"conf","Arkansas","Auburn","SEC","SEC","A","L","73-95",0.899851369198693,0.914477539067104,0.789142831518436,0.259262066114196,-0.259262066114196,35.1,"played",NA,NA,NA,34,"Q1"
"5775",5775,"ArkansasAuburn1-10",2026-01-10,"conf","Auburn","Arkansas","SEC","SEC","H","W","95-73",0.914477539067104,0.899851369198693,0.87694452176131,0.442316531859976,0.557683468140024,99.4,"played",NA,NA,NA,20,"Q1"
"5776",5776,"ArmyBoston University1-10",2026-01-10,"conf","Army","Boston University","Pat","Pat","A","L","91-100",0.121286957424866,0.285090150805246,0.789142831518436,0.903707677893,-0.903707677893,8.7,"played",NA,NA,NA,292,"Q4"
"5777",5777,"ArmyBoston University1-10",2026-01-10,"conf","Boston University","Army","Pat","Pat","H","W","100-91",0.285090150805246,0.121286957424866,0.87694452176131,0.980999516370392,0.0190004836296076,36.6,"played",NA,NA,NA,320,"Q4"
"5778",5778,"Austin PeayStetson1-10",2026-01-10,"conf","Austin Peay","Stetson","ASun","ASun","A","W","81-69",0.467994966707812,0.223300374896591,0.789142831518436,0.928661106603634,0.0713388933963659,64.3,"played",NA,NA,NA,327,"Q4"
"5779",5779,"Austin PeayStetson1-10",2026-01-10,"conf","Stetson","Austin Peay","ASun","ASun","H","L","69-81",0.223300374896591,0.467994966707812,0.87694452176131,0.890123562109543,-0.890123562109543,12.3,"played",NA,NA,NA,149,"Q3"
"5780",5780,"Ball St.Massachusetts1-10",2026-01-10,"conf","Ball St.","Massachusetts","MAC","MAC","A","L","71-79",0.175570369203068,0.572880082018046,0.789142831518436,0.736169735795053,-0.736169735795053,32,"played",NA,NA,NA,195,"Q3"
"5781",5781,"Ball St.Massachusetts1-10",2026-01-10,"conf","Massachusetts","Ball St.","MAC","MAC","H","W","79-71",0.572880082018046,0.175570369203068,0.87694452176131,0.970983935499258,0.0290160645007421,37.8,"played",NA,NA,NA,316,"Q4"
"5782",5782,"BelmontDrake1-10",2026-01-10,"conf","Belmont","Drake","MVC","MVC","A","W","78-76",0.686175756192134,0.53888123509143,0.789142831518436,0.762045499978807,0.237954500021193,38.8,"played",NA,NA,NA,166,"Q3"
"5783",5783,"BelmontDrake1-10",2026-01-10,"conf","Drake","Belmont","MVC","MVC","H","L","76-78",0.53888123509143,0.686175756192134,0.87694452176131,0.76521878965505,-0.76521878965505,80.1,"played",NA,NA,NA,64,"Q2"
"5784",5784,"Boston CollegeLouisville1-10",2026-01-10,"conf","Boston College","Louisville","ACC","ACC","A","L","62-75",0.452301733460503,0.960766906153242,0.789142831518436,0.132567603493666,-0.132567603493666,90.9,"played",NA,NA,NA,15,"Q1"
"5785",5785,"Boston CollegeLouisville1-10",2026-01-10,"conf","Louisville","Boston College","ACC","ACC","H","W","75-62",0.960766906153242,0.452301733460503,0.87694452176131,0.896152158479263,0.103847841520737,66.9,"played",NA,NA,NA,157,"Q3"
"5786",5786,"BrownPenn1-10",2026-01-10,"conf","Brown","Penn","Ivy","Ivy","A","L","73-81",0.22903256495286,0.554637837343646,0.789142831518436,0.750323581088423,-0.750323581088423,39.9,"played",NA,NA,NA,178,"Q3"
"5787",5787,"BrownPenn1-10",2026-01-10,"conf","Penn","Brown","Ivy","Ivy","H","W","81-73",0.554637837343646,0.22903256495286,0.87694452176131,0.959982199400525,0.0400178005994747,35.8,"played",NA,NA,NA,275,"Q4"
"5788",5788,"BryantAlbany1-10",2026-01-10,"conf","Albany","Bryant","AE","AE","H","W","71-46",0.305119018679747,0.0698036017290083,0.87694452176131,0.989579639055569,0.0104203609444309,86.1,"played",NA,NA,NA,345,"Q4"
"5789",5789,"BryantAlbany1-10",2026-01-10,"conf","Bryant","Albany","AE","AE","A","L","46-71",0.0698036017290083,0.305119018679747,0.789142831518436,0.894994515735722,-0.894994515735722,0.5,"played",NA,NA,NA,309,"Q4"
"5790",5790,"BuffaloOhio1-10",2026-01-10,"conf","Buffalo","Ohio","MAC","MAC","A","L","80-91",0.387632809783295,0.450162132915252,0.789142831518436,0.820506375236532,-0.820506375236532,21.5,"played",NA,NA,NA,216,"Q3"
"5791",5791,"BuffaloOhio1-10",2026-01-10,"conf","Ohio","Buffalo","MAC","MAC","H","W","91-80",0.450162132915252,0.387632809783295,0.87694452176131,0.918420848754699,0.0815791512453012,65.4,"played",NA,NA,NA,165,"Q4"
"5792",5792,"BYUUtah1-10",2026-01-10,"conf","BYU","Utah","B12","B12","A","W","89-84",0.897211603893705,0.735923022179889,0.789142831518436,0.573190776567456,0.426809223432544,85.1,"played",NA,NA,NA,117,"Q2"
"5793",5793,"BYUUtah1-10",2026-01-10,"conf","Utah","BYU","B12","B12","H","L","84-89",0.735923022179889,0.897211603893705,0.87694452176131,0.44947037290437,-0.44947037290437,81,"played",NA,NA,NA,12,"Q1"
"5794",5794,"Cal St. BakersfieldLong Beach St.1-10",2026-01-10,"conf","Cal St. Bakersfield","Long Beach St.","BW","BW","A","L","75-81",0.159533932612316,0.420920977464503,0.789142831518436,0.837366165744844,-0.837366165744844,20,"played",NA,NA,NA,240,"Q3"
"5795",5795,"Cal St. BakersfieldLong Beach St.1-10",2026-01-10,"conf","Long Beach St.","Cal St. Bakersfield","BW","BW","H","W","81-75",0.420920977464503,0.159533932612316,0.87694452176131,0.974055493161456,0.0259445068385435,35.6,"played",NA,NA,NA,301,"Q4"
"5796",5796,"Cal St. NorthridgeCal St. Fullerton1-10",2026-01-10,"conf","Cal St. Fullerton","Cal St. Northridge","BW","BW","H","W","86-79",0.486141474245039,0.385010418560885,0.87694452176131,0.91924578431368,0.0807542156863204,48,"played",NA,NA,NA,209,"Q4"
"5797",5797,"Cal St. NorthridgeCal St. Fullerton1-10",2026-01-10,"conf","Cal St. Northridge","Cal St. Fullerton","BW","BW","A","L","79-86",0.385010418560885,0.486141474245039,0.789142831518436,0.798221354022513,-0.798221354022513,39.1,"played",NA,NA,NA,200,"Q3"
"5798",5798,"CaliforniaVirginia Tech1-10",2026-01-10,"conf","California","Virginia Tech","ACC","ACC","A","L","75-78",0.717957478164634,0.853893151640768,0.789142831518436,0.39038325210195,-0.39038325210195,84.1,"played",NA,NA,NA,51,"Q1"
"5799",5799,"CaliforniaVirginia Tech1-10",2026-01-10,"conf","Virginia Tech","California","ACC","ACC","H","W","78-75",0.853893151640768,0.717957478164634,0.87694452176131,0.736810404185855,0.263189595814145,73.7,"played",NA,NA,NA,60,"Q2"
"5800",5800,"CampbellElon1-10",2026-01-10,"conf","Campbell","Elon","CAA","CAA","A","L","82-83",0.327073956545687,0.576866467930946,0.789142831518436,0.732989491121582,-0.732989491121582,64.3,"played",NA,NA,NA,168,"Q3"
"5801",5801,"CampbellElon1-10",2026-01-10,"conf","Elon","Campbell","CAA","CAA","H","W","83-82",0.576866467930946,0.327073956545687,0.87694452176131,0.936151100895773,0.0638488991042273,26.9,"played",NA,NA,NA,203,"Q4"
"5802",5802,"Central ArkansasEastern Kentucky1-10",2026-01-10,"conf","Central Arkansas","Eastern Kentucky","ASun","ASun","A","L","75-79",0.418552667589624,0.353630994291055,0.789142831518436,0.872459573266937,-0.872459573266937,27.4,"played",NA,NA,NA,262,"Q4"
"5803",5803,"Central ArkansasEastern Kentucky1-10",2026-01-10,"conf","Eastern Kentucky","Central Arkansas","ASun","ASun","H","W","79-75",0.353630994291055,0.418552667589624,0.87694452176131,0.908256159397106,0.0917438406028938,51.1,"played",NA,NA,NA,206,"Q4"
"5804",5804,"Central ConnecticutLe Moyne1-10",2026-01-10,"conf","Central Connecticut","Le Moyne","NEC","NEC","A","W","69-59",0.185254014996825,0.367582572503491,0.789142831518436,0.865572723413798,0.134427276586202,75.7,"played",NA,NA,NA,263,"Q4"
"5805",5805,"Central ConnecticutLe Moyne1-10",2026-01-10,"conf","Le Moyne","Central Connecticut","NEC","NEC","H","L","59-69",0.367582572503491,0.185254014996825,0.87694452176131,0.969080387831991,-0.969080387831991,4.1,"played",NA,NA,NA,247,"Q4"
"5806",5806,"Chicago St.Stonehill1-10",2026-01-10,"conf","Chicago St.","Stonehill","NEC","NEC","A","L","82-85",0.0739186417080468,0.152535767937579,0.789142831518436,0.954113683718504,-0.954113683718504,9.3,"played",NA,NA,NA,337,"Q4"
"5807",5807,"Chicago St.Stonehill1-10",2026-01-10,"conf","Stonehill","Chicago St.","NEC","NEC","H","W","85-82",0.152535767937579,0.0739186417080468,0.87694452176131,0.988923656012592,0.011076343987408,12.2,"played",NA,NA,NA,352,"Q4"
"5808",5808,"ClemsonNotre Dame1-10",2026-01-10,"conf","Clemson","Notre Dame","ACC","ACC","A","W","76-61",0.887421585948118,0.775906977662226,0.789142831518436,0.519438937310661,0.480561062689339,96.3,"played",NA,NA,NA,81,"Q2"
"5809",5809,"ClemsonNotre Dame1-10",2026-01-10,"conf","Notre Dame","Clemson","ACC","ACC","H","L","61-76",0.775906977662226,0.887421585948118,0.87694452176131,0.474805920858777,-0.474805920858777,50.9,"played",NA,NA,NA,32,"Q2"
"5810",5810,"DartmouthCornell1-10",2026-01-10,"conf","Cornell","Dartmouth","Ivy","Ivy","H","L","91-102",0.536163309604943,0.313883565357004,0.87694452176131,0.939677619552002,-0.939677619552002,10.5,"played",NA,NA,NA,222,"Q4"
"5811",5811,"DartmouthCornell1-10",2026-01-10,"conf","Dartmouth","Cornell","Ivy","Ivy","A","W","102-91",0.313883565357004,0.536163309604943,0.789142831518436,0.764022375784147,0.235977624215853,81.8,"played",NA,NA,NA,188,"Q3"
"5812",5812,"DelawareLouisiana Tech1-10",2026-01-10,"conf","Delaware","Louisiana Tech","CUSA","CUSA","A","L","68-70",0.176954731417496,0.333416655235645,0.789142831518436,0.882107278744537,-0.882107278744537,39.5,"played",NA,NA,NA,264,"Q4"
"5813",5813,"DelawareLouisiana Tech1-10",2026-01-10,"conf","Louisiana Tech","Delaware","CUSA","CUSA","H","W","70-68",0.333416655235645,0.176954731417496,0.87694452176131,0.970714096550497,0.0292859034495031,14.1,"played",NA,NA,NA,300,"Q4"
"5814",5814,"DenverSouth Dakota1-10",2026-01-10,"conf","Denver","South Dakota","Sum","Sum","A","L","72-82",0.263838573314094,0.342292200243587,0.789142831518436,0.877918226219965,-0.877918226219965,16.7,"played",NA,NA,NA,272,"Q4"
"5815",5815,"DenverSouth Dakota1-10",2026-01-10,"conf","South Dakota","Denver","Sum","Sum","H","W","82-72",0.342292200243587,0.263838573314094,0.87694452176131,0.952116681640977,0.0478833183590227,48.1,"played",NA,NA,NA,251,"Q4"
"5816",5816,"DePaulConnecticut1-10",2026-01-10,"conf","Connecticut","DePaul","BE","BE","H","W","72-60",0.972195245967499,0.57837139577554,0.87694452176131,0.838582265959197,0.161417734040803,94.9,"played",NA,NA,NA,113,"Q3"
"5817",5817,"DePaulConnecticut1-10",2026-01-10,"conf","DePaul","Connecticut","BE","BE","A","L","60-72",0.57837139577554,0.972195245967499,0.789142831518436,0.0966876003580351,-0.0966876003580351,72.2,"played",NA,NA,NA,8,"Q1"
"5818",5818,"Eastern MichiganWestern Michigan1-10",2026-01-10,"conf","Eastern Michigan","Western Michigan","MAC","MAC","A","L","62-79",0.375757933331981,0.39706717406787,0.789142831518436,0.850365000236185,-0.850365000236185,14.4,"played",NA,NA,NA,256,"Q4"
"5819",5819,"Eastern MichiganWestern Michigan1-10",2026-01-10,"conf","Western Michigan","Eastern Michigan","MAC","MAC","H","W","79-62",0.39706717406787,0.375757933331981,0.87694452176131,0.922112482630347,0.0778875173696529,70.3,"played",NA,NA,NA,179,"Q4"
"5820",5820,"EvansvilleIndiana St.1-10",2026-01-10,"conf","Evansville","Indiana St.","MVC","MVC","A","W","72-69",0.195465563513328,0.52112194682298,0.789142831518436,0.774732331268569,0.225267668731431,58.3,"played",NA,NA,NA,205,"Q3"
"5821",5821,"EvansvilleIndiana St.1-10",2026-01-10,"conf","Indiana St.","Evansville","MVC","MVC","H","L","69-72",0.52112194682298,0.195465563513328,0.87694452176131,0.967031802152611,-0.967031802152611,15.9,"played",NA,NA,NA,284,"Q4"
"5822",5822,"Fairleigh DickinsonNew Haven1-10",2026-01-10,"conf","Fairleigh Dickinson","New Haven","NEC","NEC","A","L","55-65",0.105857899301199,0.189489062413694,0.789142831518436,0.941204763963868,-0.941204763963868,1.6,"played",NA,NA,NA,326,"Q4"
"5823",5823,"Fairleigh DickinsonNew Haven1-10",2026-01-10,"conf","New Haven","Fairleigh Dickinson","NEC","NEC","H","W","65-55",0.189489062413694,0.105857899301199,0.87694452176131,0.983658574348393,0.0163414256516066,62.8,"played",NA,NA,NA,339,"Q4"
"5824",5824,"FIUMissouri St.1-10",2026-01-10,"conf","FIU","Missouri St.","CUSA","CUSA","A","L","71-79",0.408547275216062,0.618345928322213,0.789142831518436,0.697882118549372,-0.697882118549372,27.7,"played",NA,NA,NA,191,"Q3"
"5825",5825,"FIUMissouri St.1-10",2026-01-10,"conf","Missouri St.","FIU","CUSA","CUSA","H","W","79-71",0.618345928322213,0.408547275216062,0.87694452176131,0.911636516667524,0.0883634833324762,74.5,"played",NA,NA,NA,198,"Q4"
"5826",5826,"FordhamSt. Bonaventure1-10",2026-01-10,"conf","Fordham","St. Bonaventure","A10","A10","A","W","81-77",0.363206300265358,0.588463345654528,0.789142831518436,0.723552025588615,0.276447974411385,70.9,"played",NA,NA,NA,144,"Q3"
"5827",5827,"FordhamSt. Bonaventure1-10",2026-01-10,"conf","St. Bonaventure","Fordham","A10","A10","H","L","77-81",0.588463345654528,0.363206300265358,0.87694452176131,0.925895367207,-0.925895367207,25,"played",NA,NA,NA,226,"Q4"
"5828",5828,"Fresno St.San Diego St.1-10",2026-01-10,"conf","Fresno St.","San Diego St.","MWC","MWC","A","L","52-71",0.481922792123584,0.88804009035819,0.789142831518436,0.320579556111625,-0.320579556111625,10.9,"played",NA,NA,NA,52,"Q1"
"5829",5829,"Fresno St.San Diego St.1-10",2026-01-10,"conf","San Diego St.","Fresno St.","MWC","MWC","H","W","71-52",0.88804009035819,0.481922792123584,0.87694452176131,0.884540532188665,0.115459467811335,98.4,"played",NA,NA,NA,139,"Q3"
"5830",5830,"Georgia SouthernSouth Alabama1-10",2026-01-10,"conf","Georgia Southern","South Alabama","SB","SB","A","L","71-87",0.25951963690932,0.456678516291553,0.789142831518436,0.816601206226327,-0.816601206226327,7.9,"played",NA,NA,NA,197,"Q3"
"5831",5831,"Georgia SouthernSouth Alabama1-10",2026-01-10,"conf","South Alabama","Georgia Southern","SB","SB","H","W","87-71",0.456678516291553,0.25951963690932,0.87694452176131,0.953125607727472,0.0468743922725275,77.3,"played",NA,NA,NA,243,"Q4"
"5832",5832,"Georgia TechMiami FL1-10",2026-01-10,"conf","Georgia Tech","Miami FL","ACC","ACC","A","L","81-91",0.493378438439407,0.882624997146115,0.789142831518436,0.332309029138053,-0.332309029138053,53.5,"played",NA,NA,NA,37,"Q1"
"5833",5833,"Georgia TechMiami FL1-10",2026-01-10,"conf","Miami FL","Georgia Tech","ACC","ACC","H","W","91-81",0.882624997146115,0.493378438439407,0.87694452176131,0.879774473681039,0.120225526318961,86.4,"played",NA,NA,NA,146,"Q3"
"5834",5834,"GeorgiaSouth Carolina1-10",2026-01-10,"conf","Georgia","South Carolina","SEC","SEC","A","W","75-70",0.851354270638983,0.817726977948728,0.789142831518436,0.454809537531623,0.545190462468377,85.1,"played",NA,NA,NA,85,"Q2"
"5835",5835,"GeorgiaSouth Carolina1-10",2026-01-10,"conf","South Carolina","Georgia","SEC","SEC","H","L","70-75",0.817726977948728,0.851354270638983,0.87694452176131,0.554420048271428,-0.554420048271428,81.8,"played",NA,NA,NA,24,"Q1"
"5836",5836,"Grambling St.Bethune Cookman1-10",2026-01-10,"conf","Bethune Cookman","Grambling St.","SWAC","SWAC","H","W","74-65",0.390499707456399,0.233559697555641,0.87694452176131,0.958992470941088,0.0410075290589117,68.2,"played",NA,NA,NA,266,"Q4"
"5837",5837,"Grambling St.Bethune Cookman1-10",2026-01-10,"conf","Grambling St.","Bethune Cookman","SWAC","SWAC","A","L","65-74",0.233559697555641,0.390499707456399,0.789142831518436,0.853832094366351,-0.853832094366351,8.4,"played",NA,NA,NA,268,"Q4"
"5838",5838,"HamptonCharleston1-10",2026-01-10,"conf","Charleston","Hampton","CAA","CAA","H","W","74-70",0.52079730801882,0.224878457335432,0.87694452176131,0.960881974481878,0.0391180255181218,46.1,"played",NA,NA,NA,238,"Q4"
"5839",5839,"HamptonCharleston1-10",2026-01-10,"conf","Hampton","Charleston","CAA","CAA","A","L","70-74",0.224878457335432,0.52079730801882,0.789142831518436,0.774959275716584,-0.774959275716584,26.9,"played",NA,NA,NA,175,"Q3"
"5840",5840,"HarvardColumbia1-10",2026-01-10,"conf","Columbia","Harvard","Ivy","Ivy","H","L","54-79",0.567588970085062,0.3540000459956,0.87694452176131,0.928595399712616,-0.928595399712616,1.4,"played",NA,NA,NA,182,"Q4"
"5841",5841,"HarvardColumbia1-10",2026-01-10,"conf","Harvard","Columbia","Ivy","Ivy","A","W","79-54",0.3540000459956,0.567588970085062,0.789142831518436,0.740341726214311,0.259658273785689,98.1,"played",NA,NA,NA,151,"Q3"
"5842",5842,"High PointCharleston Southern1-10",2026-01-10,"conf","Charleston Southern","High Point","BSth","BSth","H","L","82-84",0.455058138848351,0.620370956724355,0.87694452176131,0.813465209380118,-0.813465209380118,62.6,"played",NA,NA,NA,90,"Q3"
"5843",5843,"High PointCharleston Southern1-10",2026-01-10,"conf","High Point","Charleston Southern","BSth","BSth","A","W","84-82",0.620370956724355,0.455058138848351,0.789142831518436,0.817577500727398,0.182422499272602,44.9,"played",NA,NA,NA,219,"Q3"
"5844",5844,"Holy CrossAmerican1-10",2026-01-10,"conf","American","Holy Cross","Pat","Pat","H","L","73-84",0.508095570002426,0.118107022625567,0.87694452176131,0.981553972347959,-0.981553972347959,4.3,"played",NA,NA,NA,314,"Q4"
"5845",5845,"Holy CrossAmerican1-10",2026-01-10,"conf","Holy Cross","American","Pat","Pat","A","W","84-73",0.118107022625567,0.508095570002426,0.789142831518436,0.783703607940069,0.216296392059931,75.7,"played",NA,NA,NA,228,"Q3"
"5846",5846,"Houston ChristianStephen F. Austin1-10",2026-01-10,"conf","Houston Christian","Stephen F. Austin","Slnd","Slnd","A","L","67-85",0.166904500846973,0.815047683515057,0.789142831518436,0.459245063096948,-0.459245063096948,15.9,"played",NA,NA,NA,88,"Q2"
"5847",5847,"Houston ChristianStephen F. Austin1-10",2026-01-10,"conf","Stephen F. Austin","Houston Christian","Slnd","Slnd","H","W","85-67",0.815047683515057,0.166904500846973,0.87694452176131,0.972656041762217,0.0273439582377828,82.4,"played",NA,NA,NA,297,"Q4"
"5848",5848,"HoustonBaylor1-10",2026-01-10,"conf","Baylor","Houston","B12","B12","H","L","55-77",0.844844372317854,0.960500923846367,0.87694452176131,0.226642204378726,-0.226642204378726,56.4,"played",NA,NA,NA,10,"Q1"
"5849",5849,"HoustonBaylor1-10",2026-01-10,"conf","Houston","Baylor","B12","B12","A","W","77-55",0.960500923846367,0.844844372317854,0.789142831518436,0.407343680053834,0.592656319946166,99,"played",NA,NA,NA,53,"Q1"
"5850",5850,"HowardMaryland Eastern Shore1-10",2026-01-10,"conf","Howard","Maryland Eastern Shore","MEAC","MEAC","A","L","57-69",0.233389525482971,0.194861945562525,0.789142831518436,0.939259937606587,-0.939259937606587,9.3,"played",NA,NA,NA,325,"Q4"
"5851",5851,"HowardMaryland Eastern Shore1-10",2026-01-10,"conf","Maryland Eastern Shore","Howard","MEAC","MEAC","H","W","69-57",0.194861945562525,0.233389525482971,0.87694452176131,0.95902984853669,0.0409701514633097,41.8,"played",NA,NA,NA,252,"Q4"
"5852",5852,"Idaho St.Northern Arizona1-10",2026-01-10,"conf","Idaho St.","Northern Arizona","BSky","BSky","A","W","81-79",0.328595781865349,0.24304227579025,0.789142831518436,0.920987351691882,0.079012648308118,32.1,"played",NA,NA,NA,318,"Q4"
"5853",5853,"Idaho St.Northern Arizona1-10",2026-01-10,"conf","Northern Arizona","Idaho St.","BSky","BSky","H","L","79-81",0.24304227579025,0.328595781865349,0.87694452176131,0.935737061162961,-0.935737061162961,25,"played",NA,NA,NA,174,"Q4"
"5854",5854,"Illinois ChicagoIllinois St.1-10",2026-01-10,"conf","Illinois Chicago","Illinois St.","MVC","MVC","A","W","63-59",0.500741447619587,0.816126473444108,0.789142831518436,0.457464356306282,0.542535643693718,88.1,"played",NA,NA,NA,79,"Q2"
"5855",5855,"Illinois ChicagoIllinois St.1-10",2026-01-10,"conf","Illinois St.","Illinois Chicago","MVC","MVC","H","L","59-63",0.816126473444108,0.500741447619587,0.87694452176131,0.876624116731868,-0.876624116731868,37.5,"played",NA,NA,NA,161,"Q4"
"5856",5856,"Incarnate WordLamar1-10",2026-01-10,"conf","Incarnate Word","Lamar","Slnd","Slnd","A","L","51-63",0.261903553465073,0.437571853477538,0.789142831518436,0.827896030713947,-0.827896030713947,10,"played",NA,NA,NA,220,"Q3"
"5857",5857,"Incarnate WordLamar1-10",2026-01-10,"conf","Lamar","Incarnate Word","Slnd","Slnd","H","W","63-51",0.437571853477538,0.261903553465073,0.87694452176131,0.95256990795582,0.0474300920441801,71.2,"played",NA,NA,NA,246,"Q4"
"5858",5858,"Jackson St.Alabama St.1-10",2026-01-10,"conf","Alabama St.","Jackson St.","SWAC","SWAC","H","L","64-75",0.268009882386887,0.118376704856031,0.87694452176131,0.981507081310067,-0.981507081310067,2,"played",NA,NA,NA,347,"Q4"
"5859",5859,"Jackson St.Alabama St.1-10",2026-01-10,"conf","Jackson St.","Alabama St.","SWAC","SWAC","A","W","75-64",0.118376704856031,0.268009882386887,0.789142831518436,0.910886666510392,0.0891133334896076,70.6,"played",NA,NA,NA,313,"Q4"
"5860",5860,"Jacksonville St.Kennesaw St.1-10",2026-01-10,"conf","Jacksonville St.","Kennesaw St.","CUSA","CUSA","A","L","82-88",0.295930609897491,0.57740333990607,0.789142831518436,0.732558726349593,-0.732558726349593,33.9,"played",NA,NA,NA,159,"Q3"
"5861",5861,"Jacksonville St.Kennesaw St.1-10",2026-01-10,"conf","Kennesaw St.","Jacksonville St.","CUSA","CUSA","H","W","88-82",0.57740333990607,0.295930609897491,0.87694452176131,0.944305079945083,0.0556949200549175,52.9,"played",NA,NA,NA,245,"Q4"
"5862",5862,"Kansas St.Arizona St.1-10",2026-01-10,"conf","Arizona St.","Kansas St.","B12","B12","H","W","87-84",0.764484530115745,0.660770736289095,0.87694452176131,0.785342749205728,0.214657250794272,71.6,"played",NA,NA,NA,82,"Q3"
"5863",5863,"Kansas St.Arizona St.1-10",2026-01-10,"conf","Kansas St.","Arizona St.","B12","B12","A","L","84-87",0.660770736289095,0.764484530115745,0.789142831518436,0.535525330246126,-0.535525330246126,71.5,"played",NA,NA,NA,93,"Q2"
"5864",5864,"KansasWest Virginia1-10",2026-01-10,"conf","Kansas","West Virginia","B12","B12","A","L","75-86",0.923435166348524,0.87123425331909,0.789142831518436,0.356141766264973,-0.356141766264973,75.2,"played",NA,NA,NA,59,"Q1"
"5865",5865,"KansasWest Virginia1-10",2026-01-10,"conf","West Virginia","Kansas","B12","B12","H","W","86-75",0.87123425331909,0.923435166348524,0.87694452176131,0.371414287559022,0.628585712440978,96.4,"played",NA,NA,NA,18,"Q1"
"5866",5866,"Kent St.Central Michigan1-10",2026-01-10,"conf","Central Michigan","Kent St.","MAC","MAC","H","W","87-85",0.241994330286212,0.481287807626764,0.87694452176131,0.884800030107753,0.115199969892247,55.6,"played",NA,NA,NA,148,"Q3"
"5867",5867,"Kent St.Central Michigan1-10",2026-01-10,"conf","Kent St.","Central Michigan","MAC","MAC","A","L","85-87",0.481287807626764,0.241994330286212,0.789142831518436,0.921401475256222,-0.921401475256222,19.1,"played",NA,NA,NA,329,"Q4"
"5868",5868,"LafayetteNavy1-10",2026-01-10,"conf","Lafayette","Navy","Pat","Pat","A","L","50-76",0.147463233359836,0.465453988539404,0.789142831518436,0.811252761824176,-0.811252761824176,0.6,"played",NA,NA,NA,193,"Q3"
"5869",5869,"LafayetteNavy1-10",2026-01-10,"conf","Navy","Lafayette","Pat","Pat","H","W","76-50",0.465453988539404,0.147463233359836,0.87694452176131,0.976303494184094,0.023696505815906,96.2,"played",NA,NA,NA,328,"Q4"
"5870",5870,"LehighColgate1-10",2026-01-10,"conf","Colgate","Lehigh","Pat","Pat","H","L","77-78",0.520482639527122,0.155993773443698,0.87694452176131,0.974720382753838,-0.974720382753838,12.6,"played",NA,NA,NA,298,"Q4"
"5871",5871,"LehighColgate1-10",2026-01-10,"conf","Lehigh","Colgate","Pat","Pat","A","W","78-77",0.155993773443698,0.520482639527122,0.789142831518436,0.775179083646094,0.224820916353906,58.3,"played",NA,NA,NA,196,"Q3"
"5872",5872,"LibertySam Houston St.1-10",2026-01-10,"conf","Liberty","Sam Houston St.","CUSA","CUSA","A","W","82-74",0.617063960398147,0.710010982697554,0.789142831518436,0.604518668369394,0.395481331630606,88.2,"played",NA,NA,NA,105,"Q2"
"5873",5873,"LibertySam Houston St.1-10",2026-01-10,"conf","Sam Houston St.","Liberty","CUSA","CUSA","H","L","74-82",0.710010982697554,0.617063960398147,0.87694452176131,0.815583004897484,-0.815583004897484,34.6,"played",NA,NA,NA,84,"Q3"
"5874",5874,"LipscombFlorida Gulf Coast1-10",2026-01-10,"conf","Florida Gulf Coast","Lipscomb","ASun","ASun","H","L","77-84",0.459203789369559,0.400063738169319,0.87694452176131,0.914433271367804,-0.914433271367804,26.9,"played",NA,NA,NA,160,"Q3"
"5875",5875,"LipscombFlorida Gulf Coast1-10",2026-01-10,"conf","Lipscomb","Florida Gulf Coast","ASun","ASun","A","W","84-77",0.400063738169319,0.459203789369559,0.789142831518436,0.81507273605116,0.18492726394884,60.6,"played",NA,NA,NA,237,"Q3"
"5876",5876,"Little RockLindenwood1-10",2026-01-10,"conf","Lindenwood","Little Rock","OVC","OVC","H","L","74-82",0.442688901303207,0.127043860244037,0.87694452176131,0.979987080838008,-0.979987080838008,4.2,"played",NA,NA,NA,302,"Q4"
"5877",5877,"Little RockLindenwood1-10",2026-01-10,"conf","Little Rock","Lindenwood","OVC","OVC","A","W","82-74",0.127043860244037,0.442688901303207,0.789142831518436,0.824917009807152,0.175082990192848,72.6,"played",NA,NA,NA,224,"Q3"
"5878",5878,"Louisiana MonroeSouthern Miss1-10",2026-01-10,"conf","Louisiana Monroe","Southern Miss","SB","SB","A","L","60-70",0.0612505362259951,0.436163066612626,0.789142831518436,0.828710427563868,-0.828710427563868,25.8,"played",NA,NA,NA,236,"Q3"
"5879",5879,"Louisiana MonroeSouthern Miss1-10",2026-01-10,"conf","Southern Miss","Louisiana Monroe","SB","SB","H","W","70-60",0.436163066612626,0.0612505362259951,0.87694452176131,0.990927418635129,0.0090725813648711,12.7,"played",NA,NA,NA,359,"Q4"
"5880",5880,"Loyola ChicagoGeorge Washington1-10",2026-01-10,"conf","George Washington","Loyola Chicago","A10","A10","H","W","101-66",0.805846857394486,0.1760796726165,0.87694452176131,0.970884750422331,0.0291152495776692,95.1,"played",NA,NA,NA,315,"Q4"
"5881",5881,"Loyola ChicagoGeorge Washington1-10",2026-01-10,"conf","Loyola Chicago","George Washington","A10","A10","A","L","66-101",0.1760796726165,0.805846857394486,0.789142831518436,0.474153029460988,-0.474153029460988,4.4,"played",NA,NA,NA,75,"Q1"
"5882",5882,"Loyola MarymountSanta Clara1-10",2026-01-10,"conf","Loyola Marymount","Santa Clara","WCC","WCC","A","L","72-103",0.409607691238367,0.904534982736246,0.789142831518436,0.28314899833366,-0.28314899833366,22.8,"played",NA,NA,NA,44,"Q1"
"5883",5883,"Loyola MarymountSanta Clara1-10",2026-01-10,"conf","Santa Clara","Loyola Marymount","WCC","WCC","H","W","103-72",0.904534982736246,0.409607691238367,0.87694452176131,0.911282503732018,0.0887174962679816,95.7,"played",NA,NA,NA,170,"Q4"
"5884",5884,"Loyola MDBucknell1-10",2026-01-10,"conf","Bucknell","Loyola MD","Pat","Pat","H","W","70-67",0.217206619977822,0.0922603677365822,0.87694452176131,0.985938471534303,0.0140615284656967,12.4,"played",NA,NA,NA,340,"Q4"
"5885",5885,"Loyola MDBucknell1-10",2026-01-10,"conf","Loyola MD","Bucknell","Pat","Pat","A","L","67-70",0.0922603677365822,0.217206619977822,0.789142831518436,0.930976439518599,-0.930976439518599,16.6,"played",NA,NA,NA,333,"Q4"
"5886",5886,"LSUVanderbilt1-10",2026-01-10,"conf","LSU","Vanderbilt","SEC","SEC","A","L","73-84",0.778358211737825,0.960919519146125,0.789142831518436,0.132101847871506,-0.132101847871506,73,"played",NA,NA,NA,16,"Q1"
"5887",5887,"LSUVanderbilt1-10",2026-01-10,"conf","Vanderbilt","LSU","SEC","SEC","H","W","84-73",0.960919519146125,0.778358211737825,0.87694452176131,0.669889229359921,0.330110770640079,97,"played",NA,NA,NA,50,"Q2"
"5888",5888,"MaineNJIT1-10",2026-01-10,"conf","Maine","NJIT","AE","AE","A","W","74-70",0.0653376419463159,0.187927329168802,0.789142831518436,0.941766734177816,0.0582332658221836,31.5,"played",NA,NA,NA,332,"Q4"
"5889",5889,"MaineNJIT1-10",2026-01-10,"conf","NJIT","Maine","AE","AE","H","L","70-74",0.187927329168802,0.0653376419463159,0.87694452176131,0.990285998285382,-0.990285998285382,3.4,"played",NA,NA,NA,343,"Q4"
"5890",5890,"MarshallGeorgia St.1-10",2026-01-10,"conf","Georgia St.","Marshall","SB","SB","H","W","81-73",0.332443152619094,0.405108655210775,0.87694452176131,0.912777664866289,0.087222335133711,50,"played",NA,NA,NA,138,"Q3"
"5891",5891,"MarshallGeorgia St.1-10",2026-01-10,"conf","Marshall","Georgia St.","SB","SB","A","L","73-81",0.405108655210775,0.332443152619094,0.789142831518436,0.88256236526728,-0.88256236526728,25.3,"played",NA,NA,NA,261,"Q4"
"5892",5892,"MarylandUCLA1-10",2026-01-10,"conf","Maryland","UCLA","B10","B10","A","L","55-67",0.573049543206266,0.883383237146971,0.789142831518436,0.330682521038581,-0.330682521038581,38.5,"played",NA,NA,NA,40,"Q1"
"5893",5893,"MarylandUCLA1-10",2026-01-10,"conf","UCLA","Maryland","B10","B10","H","W","67-55",0.883383237146971,0.573049543206266,0.87694452176131,0.841509712207793,0.158490287792207,94.2,"played",NA,NA,NA,152,"Q3"
"5894",5894,"MercyhurstWagner1-10",2026-01-10,"conf","Mercyhurst","Wagner","NEC","NEC","A","W","70-69",0.197715059489074,0.231947573900047,0.789142831518436,0.925332829516718,0.0746671704832819,22.8,"played",NA,NA,NA,324,"Q4"
"5895",5895,"MercyhurstWagner1-10",2026-01-10,"conf","Wagner","Mercyhurst","NEC","NEC","H","L","69-70",0.231947573900047,0.197715059489074,0.87694452176131,0.966574696119011,-0.966574696119011,20.1,"played",NA,NA,NA,290,"Q4"
"5896",5896,"Middle TennesseeNew Mexico St.1-10",2026-01-10,"conf","Middle Tennessee","New Mexico St.","CUSA","CUSA","A","W","59-55",0.617437484215807,0.670484002673614,0.789142831518436,0.64780196307496,0.35219803692504,74.4,"played",NA,NA,NA,140,"Q3"
"5897",5897,"Middle TennesseeNew Mexico St.1-10",2026-01-10,"conf","New Mexico St.","Middle Tennessee","CUSA","CUSA","H","L","55-59",0.670484002673614,0.617437484215807,0.87694452176131,0.815345086458109,-0.815345086458109,53,"played",NA,NA,NA,111,"Q3"
"5898",5898,"Mississippi St.Kentucky1-10",2026-01-10,"conf","Kentucky","Mississippi St.","SEC","SEC","H","W","92-68",0.894882969930619,0.637216067206247,0.87694452176131,0.802264340981144,0.197735659018856,91.2,"played",NA,NA,NA,99,"Q3"
"5899",5899,"Mississippi St.Kentucky1-10",2026-01-10,"conf","Mississippi St.","Kentucky","SEC","SEC","A","L","68-92",0.637216067206247,0.894882969930619,0.789142831518436,0.305370611040222,-0.305370611040222,59.1,"played",NA,NA,NA,31,"Q1"
"5900",5900,"Mississippi Valley St.Prairie View A&M1-10",2026-01-10,"conf","Mississippi Valley St.","Prairie View A&M","SWAC","SWAC","A","L","69-70",0.0200041175334786,0.284102058387528,0.789142831518436,0.904129167023034,-0.904129167023034,29.5,"played",NA,NA,NA,296,"Q4"
"5901",5901,"Mississippi Valley St.Prairie View A&M1-10",2026-01-10,"conf","Prairie View A&M","Mississippi Valley St.","SWAC","SWAC","H","W","70-69",0.284102058387528,0.0200041175334786,0.87694452176131,0.997143844867186,0.00285615513281423,1.9,"played",NA,NA,NA,365,"Q4"
"5902",5902,"MissouriMississippi1-10",2026-01-10,"conf","Mississippi","Missouri","SEC","SEC","H","W","76-69",0.782795445947566,0.730398132959743,0.87694452176131,0.724554054905934,0.275445945094066,81.2,"played",NA,NA,NA,70,"Q2"
"5903",5903,"MissouriMississippi1-10",2026-01-10,"conf","Missouri","Mississippi","SEC","SEC","A","L","69-76",0.730398132959743,0.782795445947566,0.789142831518436,0.509432503898883,-0.509432503898883,69.4,"played",NA,NA,NA,87,"Q2"
"5904",5904,"MonmouthHofstra1-10",2026-01-10,"conf","Hofstra","Monmouth","CAA","CAA","H","W","67-64",0.699970786275648,0.318339421823734,0.87694452176131,0.938498639231933,0.0615013607680674,36.4,"played",NA,NA,NA,204,"Q4"
"5905",5905,"MonmouthHofstra1-10",2026-01-10,"conf","Monmouth","Hofstra","CAA","CAA","A","L","64-67",0.318339421823734,0.699970786275648,0.789142831518436,0.616000755318418,-0.616000755318418,65.6,"played",NA,NA,NA,106,"Q2"
"5906",5906,"Montana St.Idaho1-10",2026-01-10,"conf","Idaho","Montana St.","BSky","BSky","H","W","92-89",0.590672129177698,0.518194021185584,0.87694452176131,0.868869531125587,0.131130468874413,43.3,"played",NA,NA,NA,134,"Q3"
"5907",5907,"Montana St.Idaho1-10",2026-01-10,"conf","Montana St.","Idaho","BSky","BSky","A","L","89-92",0.518194021185584,0.590672129177698,0.789142831518436,0.721722468107655,-0.721722468107655,67.1,"played",NA,NA,NA,158,"Q3"
"5908",5908,"MontanaEastern Washington1-10",2026-01-10,"conf","Eastern Washington","Montana","BSky","BSky","H","W","66-65",0.461978641835474,0.47565609222007,0.87694452176131,0.887080556167823,0.112919443832177,45.9,"played",NA,NA,NA,163,"Q4"
"5909",5909,"MontanaEastern Washington1-10",2026-01-10,"conf","Montana","Eastern Washington","BSky","BSky","A","L","65-66",0.47565609222007,0.461978641835474,0.789142831518436,0.81338334131993,-0.81338334131993,47.9,"played",NA,NA,NA,254,"Q4"
"5910",5910,"N.C. StateFlorida St.1-10",2026-01-10,"conf","Florida St.","N.C. State","ACC","ACC","H","L","69-113",0.714263605095652,0.872129903528318,0.87694452176131,0.510969471437763,-0.510969471437763,5.8,"played",NA,NA,NA,29,"Q1"
"5911",5911,"N.C. StateFlorida St.1-10",2026-01-10,"conf","N.C. State","Florida St.","ACC","ACC","A","W","113-69",0.872129903528318,0.714263605095652,0.789142831518436,0.599548438685226,0.400451561314774,99.6,"played",NA,NA,NA,115,"Q2"
"5912",5912,"NebraskaIndiana1-10",2026-01-10,"conf","Indiana","Nebraska","B10","B10","H","L","77-83",0.929075305570624,0.926689461842875,0.87694452176131,0.360520506421061,-0.360520506421061,90.4,"played",NA,NA,NA,7,"Q1"
"5913",5913,"NebraskaIndiana1-10",2026-01-10,"conf","Nebraska","Indiana","B10","B10","A","W","83-77",0.926689461842875,0.929075305570624,0.789142831518436,0.222214997574681,0.777785002425319,94.6,"played",NA,NA,NA,38,"Q1"
"5914",5914,"New HampshireUMBC1-10",2026-01-10,"conf","New Hampshire","UMBC","AE","AE","A","L","74-75",0.179474847733072,0.335726306960335,0.789142831518436,0.881024132869604,-0.881024132869604,36.7,"played",NA,NA,NA,274,"Q4"
"5915",5915,"New HampshireUMBC1-10",2026-01-10,"conf","UMBC","New Hampshire","AE","AE","H","W","75-74",0.335726306960335,0.179474847733072,0.87694452176131,0.970220927546977,0.0297790724530229,16,"played",NA,NA,NA,323,"Q4"
"5916",5916,"New MexicoAir Force1-10",2026-01-10,"conf","Air Force","New Mexico","MWC","MWC","H","L","49-91",0.183685442633759,0.808195778802625,0.87694452176131,0.628428109075613,-0.628428109075613,1.7,"played",NA,NA,NA,42,"Q2"
"5917",5917,"New MexicoAir Force1-10",2026-01-10,"conf","New Mexico","Air Force","MWC","MWC","A","W","91-49",0.808195778802625,0.183685442633759,0.789142831518436,0.943285622791657,0.0567143772083434,98.2,"played",NA,NA,NA,336,"Q4"
"5918",5918,"Nicholls St.New Orleans1-10",2026-01-10,"conf","New Orleans","Nicholls St.","Slnd","Slnd","H","L","77-90",0.48536423289852,0.298838774145833,0.87694452176131,0.943568533420601,-0.943568533420601,7.8,"played",NA,NA,NA,214,"Q4"
"5919",5919,"Nicholls St.New Orleans1-10",2026-01-10,"conf","Nicholls St.","New Orleans","Slnd","Slnd","A","W","90-77",0.298838774145833,0.48536423289852,0.789142831518436,0.798722038499175,0.201277961500825,82.6,"played",NA,NA,NA,231,"Q3"
"5920",5920,"Norfolk St.Delaware St.1-10",2026-01-10,"conf","Delaware St.","Norfolk St.","MEAC","MEAC","H","L","64-66",0.090666985933371,0.12516166540671,0.87694452176131,0.980319327860556,-0.980319327860556,11.5,"played",NA,NA,NA,303,"Q4"
"5921",5921,"Norfolk St.Delaware St.1-10",2026-01-10,"conf","Norfolk St.","Delaware St.","MEAC","MEAC","A","W","66-64",0.12516166540671,0.090666985933371,0.789142831518436,0.974049833381381,0.0259501666186186,9.9,"played",NA,NA,NA,358,"Q4"
"5922",5922,"North AlabamaBellarmine1-10",2026-01-10,"conf","Bellarmine","North Alabama","ASun","ASun","H","L","73-82",0.246363301451693,0.0884777145660335,0.87694452176131,0.986562452243666,-0.986562452243666,4.7,"played",NA,NA,NA,335,"Q4"
"5923",5923,"North AlabamaBellarmine1-10",2026-01-10,"conf","North Alabama","Bellarmine","ASun","ASun","A","W","82-73",0.0884777145660335,0.246363301451693,0.789142831518436,0.919669832563784,0.080330167436216,39.3,"played",NA,NA,NA,291,"Q4"
"5924",5924,"North Carolina CentralCoppin St.1-10",2026-01-10,"conf","Coppin St.","North Carolina Central","MEAC","MEAC","H","L","77-88",0.0483363016192594,0.082756424692227,0.87694452176131,0.987497925961696,-0.987497925961696,5.4,"played",NA,NA,NA,344,"Q4"
"5925",5925,"North Carolina CentralCoppin St.1-10",2026-01-10,"conf","North Carolina Central","Coppin St.","MEAC","MEAC","A","W","88-77",0.082756424692227,0.0483363016192594,0.789142831518436,0.986610377031088,0.0133896229689121,7.4,"played",NA,NA,NA,364,"Q4"
"5926",5926,"North Dakota St.Nebraska Omaha1-10",2026-01-10,"conf","Nebraska Omaha","North Dakota St.","Sum","Sum","H","L","76-78",0.38253352780429,0.525202618458169,0.87694452176131,0.865636057338206,-0.865636057338206,59.7,"played",NA,NA,NA,132,"Q3"
"5927",5927,"North Dakota St.Nebraska Omaha1-10",2026-01-10,"conf","North Dakota St.","Nebraska Omaha","Sum","Sum","A","W","78-76",0.525202618458169,0.38253352780429,0.789142831518436,0.857975360620707,0.142024639379293,31.6,"played",NA,NA,NA,281,"Q4"
"5928",5928,"North DakotaUMKC1-10",2026-01-10,"conf","North Dakota","UMKC","Sum","Sum","A","W","81-79",0.215415619860043,0.148903257972366,0.789142831518436,0.955340268216691,0.0446597317833091,14.5,"played",NA,NA,NA,346,"Q4"
"5929",5929,"North DakotaUMKC1-10",2026-01-10,"conf","UMKC","North Dakota","Sum","Sum","H","L","79-81",0.148903257972366,0.215415619860043,0.87694452176131,0.962902167938933,-0.962902167938933,22.1,"played",NA,NA,NA,282,"Q4"
"5930",5930,"Northern IowaBradley1-10",2026-01-10,"conf","Bradley","Northern Iowa","MVC","MVC","H","W","75-69",0.630393603174275,0.62119758035374,0.87694452176131,0.812931803778752,0.187068196221248,76.6,"played",NA,NA,NA,102,"Q3"
"5931",5931,"Northern IowaBradley1-10",2026-01-10,"conf","Northern Iowa","Bradley","MVC","MVC","A","L","69-75",0.62119758035374,0.630393603174275,0.789142831518436,0.686941833214128,-0.686941833214128,46.1,"played",NA,NA,NA,124,"Q2"
"5932",5932,"Oklahoma St.Iowa St.1-10",2026-01-10,"conf","Iowa St.","Oklahoma St.","B12","B12","H","W","83-71",0.963201567205515,0.704302099365832,0.87694452176131,0.749498494736875,0.250501505263125,88.8,"played",NA,NA,NA,73,"Q2"
"5933",5933,"Oklahoma St.Iowa St.1-10",2026-01-10,"conf","Oklahoma St.","Iowa St.","B12","B12","A","L","71-83",0.704302099365832,0.963201567205515,0.789142831518436,0.125095084414269,-0.125095084414269,88.7,"played",NA,NA,NA,6,"Q1"
"5934",5934,"OklahomaTexas A&M1-10",2026-01-10,"conf","Oklahoma","Texas A&M","SEC","SEC","A","L","76-83",0.671721774627647,0.915550420652576,0.789142831518436,0.256621248205328,-0.256621248205328,84.7,"played",NA,NA,NA,41,"Q1"
"5935",5935,"OklahomaTexas A&M1-10",2026-01-10,"conf","Texas A&M","Oklahoma","SEC","SEC","H","W","83-76",0.915550420652576,0.671721774627647,0.87694452176131,0.776923253027942,0.223076746972058,80,"played",NA,NA,NA,76,"Q3"
"5936",5936,"Old DominionJames Madison1-10",2026-01-10,"conf","James Madison","Old Dominion","SB","SB","H","W","70-69",0.385748212158963,0.270343466440864,0.87694452176131,0.950578683851748,0.0494213161482524,17.1,"played",NA,NA,NA,250,"Q4"
"5937",5937,"Old DominionJames Madison1-10",2026-01-10,"conf","Old Dominion","James Madison","SB","SB","A","L","69-70",0.270343466440864,0.385748212158963,0.789142831518436,0.85631149644305,-0.85631149644305,53,"played",NA,NA,NA,244,"Q4"
"5938",5938,"Oregon St.Portland1-10",2026-01-10,"conf","Oregon St.","Portland","WCC","WCC","A","L","76-82",0.33310428152549,0.553963766133518,0.789142831518436,0.750834377479532,-0.750834377479532,48,"played",NA,NA,NA,215,"Q3"
"5939",5939,"Oregon St.Portland1-10",2026-01-10,"conf","Portland","Oregon St.","WCC","WCC","H","W","82-76",0.553963766133518,0.33310428152549,0.87694452176131,0.934501532774554,0.0654984672254456,40.2,"played",NA,NA,NA,213,"Q4"
"5940",5940,"Penn St.Purdue1-10",2026-01-10,"conf","Penn St.","Purdue","B10","B10","A","L","85-93",0.48720277375858,0.968858276411217,0.789142831518436,0.107378422298164,-0.107378422298164,91.7,"played",NA,NA,NA,5,"Q1"
"5941",5941,"Penn St.Purdue1-10",2026-01-10,"conf","Purdue","Penn St.","B10","B10","H","W","93-85",0.968858276411217,0.48720277375858,0.87694452176131,0.882363892431686,0.117636107568314,72.9,"played",NA,NA,NA,131,"Q3"
"5942",5942,"PresbyterianLongwood1-10",2026-01-10,"conf","Longwood","Presbyterian","BSth","BSth","H","W","77-70",0.312752660506419,0.211694092348146,0.87694452176131,0.96368565745234,0.03631434254766,63.4,"played",NA,NA,NA,258,"Q4"
"5943",5943,"PresbyterianLongwood1-10",2026-01-10,"conf","Presbyterian","Longwood","BSth","BSth","A","L","70-77",0.211694092348146,0.312752660506419,0.789142831518436,0.891586317792624,-0.891586317792624,6.6,"played",NA,NA,NA,271,"Q4"
"5944",5944,"ProvidenceXavier1-10",2026-01-10,"conf","Providence","Xavier","BE","BE","A","L","84-97",0.682260447232124,0.780139218822579,0.789142831518436,0.513318973154326,-0.513318973154326,33.3,"played",NA,NA,NA,94,"Q2"
"5945",5945,"ProvidenceXavier1-10",2026-01-10,"conf","Xavier","Providence","BE","BE","H","W","97-84",0.780139218822579,0.682260447232124,0.87694452176131,0.768458776904752,0.231541223095248,93.9,"played",NA,NA,NA,89,"Q3"
"5946",5946,"QueensNorth Florida1-10",2026-01-10,"conf","North Florida","Queens","ASun","ASun","H","L","82-89",0.222890542562906,0.358618140773719,0.87694452176131,0.927248717001686,-0.927248717001686,22,"played",NA,NA,NA,183,"Q4"
"5947",5947,"QueensNorth Florida1-10",2026-01-10,"conf","Queens","North Florida","ASun","ASun","A","W","89-82",0.358618140773719,0.222890542562906,0.789142831518436,0.928817598328057,0.0711824016719433,36.3,"played",NA,NA,NA,341,"Q4"
"5948",5948,"Rhode IslandDavidson1-10",2026-01-10,"conf","Davidson","Rhode Island","A10","A10","H","L","45-70",0.692626171471865,0.501095551708488,0.87694452176131,0.876470842985361,-0.876470842985361,1.3,"played",NA,NA,NA,133,"Q3"
"5949",5949,"Rhode IslandDavidson1-10",2026-01-10,"conf","Rhode Island","Davidson","A10","A10","A","W","70-45",0.501095551708488,0.692626171471865,0.789142831518436,0.624182848539627,0.375817151460373,99.4,"played",NA,NA,NA,119,"Q2"
"5950",5950,"Sacramento St.Portland St.1-10",2026-01-10,"conf","Portland St.","Sacramento St.","BSky","BSky","H","W","96-69",0.588461091868302,0.187290241962568,0.87694452176131,0.96867531291602,0.0313246870839802,80.2,"played",NA,NA,NA,279,"Q4"
"5951",5951,"Sacramento St.Portland St.1-10",2026-01-10,"conf","Sacramento St.","Portland St.","BSky","BSky","A","L","69-96",0.187290241962568,0.588461091868302,0.789142831518436,0.723553887104282,-0.723553887104282,7.5,"played",NA,NA,NA,137,"Q3"
"5952",5952,"Saint FrancisLIU1-10",2026-01-10,"conf","LIU","Saint Francis","NEC","NEC","H","W","67-63",0.478872202881425,0.0661980827384546,0.87694452176131,0.990150353814344,0.00984964618565609,10.5,"played",NA,NA,NA,354,"Q4"
"5953",5953,"Saint FrancisLIU1-10",2026-01-10,"conf","Saint Francis","LIU","NEC","NEC","A","L","63-67",0.0661980827384546,0.478872202881425,0.789142831518436,0.802869762385744,-0.802869762385744,35.8,"played",NA,NA,NA,201,"Q3"
"5954",5954,"Saint LouisLa Salle1-10",2026-01-10,"conf","La Salle","Saint Louis","A10","A10","H","L","72-84",0.503258861337018,0.882079346144617,0.87694452176131,0.487886969241814,-0.487886969241814,41.4,"played",NA,NA,NA,22,"Q1"
"5955",5955,"Saint LouisLa Salle1-10",2026-01-10,"conf","Saint Louis","La Salle","A10","A10","A","W","84-72",0.882079346144617,0.503258861337018,0.789142831518436,0.786965573726056,0.213034426273944,91.5,"played",NA,NA,NA,227,"Q3"
"5956",5956,"SamfordChattanooga1-10",2026-01-10,"conf","Chattanooga","Samford","SC","SC","H","W","88-79",0.31417384513742,0.172321727445834,0.87694452176131,0.971614197909055,0.0283858020909451,67.6,"played",NA,NA,NA,269,"Q4"
"5957",5957,"SamfordChattanooga1-10",2026-01-10,"conf","Samford","Chattanooga","SC","SC","A","L","79-88",0.172321727445834,0.31417384513742,0.789142831518436,0.890946330891946,-0.890946330891946,4.4,"played",NA,NA,NA,280,"Q4"
"5958",5958,"San DiegoPacific1-10",2026-01-10,"conf","Pacific","San Diego","WCC","WCC","H","W","77-70",0.675830586238256,0.386813607349022,0.87694452176131,0.918679146869904,0.081320853130096,40.9,"played",NA,NA,NA,208,"Q4"
"5959",5959,"San DiegoPacific1-10",2026-01-10,"conf","San Diego","Pacific","WCC","WCC","A","L","70-77",0.386813607349022,0.675830586238256,0.789142831518436,0.642237814640784,-0.642237814640784,65.6,"played",NA,NA,NA,110,"Q2"
"5960",5960,"San FranciscoPepperdine1-10",2026-01-10,"conf","Pepperdine","San Francisco","WCC","WCC","H","L","60-80",0.346226240798316,0.598637247467795,0.87694452176131,0.826929190551848,-0.826929190551848,6,"played",NA,NA,NA,107,"Q3"
"5961",5961,"San FranciscoPepperdine1-10",2026-01-10,"conf","San Francisco","Pepperdine","WCC","WCC","A","W","80-60",0.598637247467795,0.346226240798316,0.789142831518436,0.876038094973127,0.123961905026873,92.5,"played",NA,NA,NA,267,"Q4"
"5962",5962,"San Jose St.Grand Canyon1-10",2026-01-10,"conf","Grand Canyon","San Jose St.","MWC","MWC","H","W","76-58",0.843748589646882,0.280831199129306,0.87694452176131,0.9480512429362,0.0519487570637999,92.3,"played",NA,NA,NA,259,"Q4"
"5963",5963,"San Jose St.Grand Canyon1-10",2026-01-10,"conf","San Jose St.","Grand Canyon","MWC","MWC","A","L","58-76",0.280831199129306,0.843748589646882,0.789142831518436,0.409357541008259,-0.409357541008259,14.9,"played",NA,NA,NA,86,"Q2"
"5964",5964,"Seton HallGeorgetown1-10",2026-01-10,"conf","Georgetown","Seton Hall","BE","BE","H","L","67-76",0.736066932523059,0.784391079417502,0.87694452176131,0.662032950990562,-0.662032950990562,69.6,"played",NA,NA,NA,45,"Q2"
"5965",5965,"Seton HallGeorgetown1-10",2026-01-10,"conf","Seton Hall","Georgetown","BE","BE","A","W","76-67",0.784391079417502,0.736066932523059,0.789142831518436,0.573009575192196,0.426990424807804,81.6,"played",NA,NA,NA,118,"Q2"
"5966",5966,"SMUDuke1-10",2026-01-10,"conf","Duke","SMU","ACC","ACC","H","W","82-75",0.967169328775528,0.852332367434774,0.87694452176131,0.55250469969308,0.44749530030692,94.2,"played",NA,NA,NA,30,"Q1"
"5967",5967,"SMUDuke1-10",2026-01-10,"conf","SMU","Duke","ACC","ACC","A","L","75-82",0.852332367434774,0.967169328775528,0.789142831518436,0.1127209681814,-0.1127209681814,91.3,"played",NA,NA,NA,2,"Q1"
"5968",5968,"South Carolina St.Morgan St.1-10",2026-01-10,"conf","Morgan St.","South Carolina St.","MEAC","MEAC","H","W","72-67",0.0769875851717531,0.0507325033248179,0.87694452176131,0.992556422425133,0.00744357757486747,6.2,"played",NA,NA,NA,360,"Q4"
"5969",5969,"South Carolina St.Morgan St.1-10",2026-01-10,"conf","South Carolina St.","Morgan St.","MEAC","MEAC","A","L","67-72",0.0507325033248179,0.0769875851717531,0.789142831518436,0.978199161594347,-0.978199161594347,6.3,"played",NA,NA,NA,361,"Q4"
"5970",5970,"South FloridaTulsa1-10",2026-01-10,"conf","South Florida","Tulsa","Amer","Amer","A","W","93-78",0.716094166023229,0.855650066325967,0.789142831518436,0.387020296107445,0.612979703892555,97.3,"played",NA,NA,NA,47,"Q1"
"5971",5971,"South FloridaTulsa1-10",2026-01-10,"conf","Tulsa","South Florida","Amer","Amer","H","L","78-93",0.855650066325967,0.716094166023229,0.87694452176131,0.738587386794364,-0.738587386794364,29.3,"played",NA,NA,NA,66,"Q2"
"5972",5972,"Southeast Missouri St.Morehead St.1-10",2026-01-10,"conf","Morehead St.","Southeast Missouri St.","OVC","OVC","H","W","71-69",0.270894090214231,0.215113414869716,0.87694452176131,0.962966020309848,0.0370339796901523,19,"played",NA,NA,NA,242,"Q4"
"5973",5973,"Southeast Missouri St.Morehead St.1-10",2026-01-10,"conf","Southeast Missouri St.","Morehead St.","OVC","OVC","A","L","69-71",0.215113414869716,0.270894090214231,0.789142831518436,0.909690142816319,-0.909690142816319,30.3,"played",NA,NA,NA,286,"Q4"
"5974",5974,"Southeastern LouisianaMcNeese St.1-10",2026-01-10,"conf","McNeese St.","Southeastern Louisiana","Slnd","Slnd","H","W","73-61",0.804042842508263,0.210763265088124,0.87694452176131,0.963880666391084,0.0361193336089162,67.5,"played",NA,NA,NA,288,"Q4"
"5975",5975,"Southeastern LouisianaMcNeese St.1-10",2026-01-10,"conf","Southeastern Louisiana","McNeese St.","Slnd","Slnd","A","L","61-73",0.210763265088124,0.804042842508263,0.789142831518436,0.477018666749508,-0.477018666749508,34.6,"played",NA,NA,NA,57,"Q1"
"5976",5976,"Southern UtahCal Baptist1-10",2026-01-10,"conf","Cal Baptist","Southern Utah","WAC","WAC","H","W","58-55",0.691435207905624,0.206808186371712,0.87694452176131,0.964705025156547,0.0352949748434535,51.7,"played",NA,NA,NA,294,"Q4"
"5977",5977,"Southern UtahCal Baptist1-10",2026-01-10,"conf","Southern Utah","Cal Baptist","WAC","WAC","A","L","55-58",0.206808186371712,0.691435207905624,0.789142831518436,0.625492790676781,-0.625492790676781,35.3,"played",NA,NA,NA,120,"Q2"
"5978",5978,"SouthernFlorida A&M1-10",2026-01-10,"conf","Florida A&M","Southern","SWAC","SWAC","H","W","67-59",0.313122465804659,0.265907681407748,0.87694452176131,0.951629886177392,0.0483701138226084,57.3,"played",NA,NA,NA,278,"Q4"
"5979",5979,"SouthernFlorida A&M1-10",2026-01-10,"conf","Southern","Florida A&M","SWAC","SWAC","A","L","59-67",0.265907681407748,0.313122465804659,0.789142831518436,0.89141995383216,-0.89141995383216,11,"played",NA,NA,NA,307,"Q4"
"5980",5980,"St. John'sCreighton1-10",2026-01-10,"conf","Creighton","St. John's","BE","BE","H","L","73-90",0.853766094479856,0.894211859941309,0.87694452176131,0.457429346097337,-0.457429346097337,42.1,"played",NA,NA,NA,23,"Q1"
"5981",5981,"St. John'sCreighton1-10",2026-01-10,"conf","St. John's","Creighton","BE","BE","A","W","90-73",0.894211859941309,0.853766094479856,0.789142831518436,0.390625558612227,0.609374441387773,98.6,"played",NA,NA,NA,58,"Q1"
"5982",5982,"St. ThomasOral Roberts1-10",2026-01-10,"conf","Oral Roberts","St. Thomas","Sum","Sum","H","L","71-82",0.246336680636335,0.564022211588619,0.87694452176131,0.846356554376,-0.846356554376,32.4,"played",NA,NA,NA,116,"Q3"
"5983",5983,"St. ThomasOral Roberts1-10",2026-01-10,"conf","St. Thomas","Oral Roberts","Sum","Sum","A","W","82-71",0.564022211588619,0.246336680636335,0.789142831518436,0.919680424700408,0.080319575299592,46.9,"played",NA,NA,NA,317,"Q4"
"5984",5984,"StanfordVirginia1-10",2026-01-10,"conf","Stanford","Virginia","ACC","ACC","A","L","55-70",0.712676563861534,0.96842400434267,0.789142831518436,0.108756479072216,-0.108756479072216,68.9,"played",NA,NA,NA,13,"Q1"
"5985",5985,"StanfordVirginia1-10",2026-01-10,"conf","Virginia","Stanford","ACC","ACC","H","W","70-55",0.96842400434267,0.712676563861534,0.87694452176131,0.741808445428602,0.258191554571398,97.2,"played",NA,NA,NA,68,"Q2"
"5986",5986,"SyracusePittsburgh1-10",2026-01-10,"conf","Pittsburgh","Syracuse","ACC","ACC","H","L","72-83",0.730765128903465,0.733076983692956,0.87694452176131,0.721822125891199,-0.721822125891199,23.6,"played",NA,NA,NA,77,"Q3"
"5987",5987,"SyracusePittsburgh1-10",2026-01-10,"conf","Syracuse","Pittsburgh","ACC","ACC","A","W","83-72",0.733076983692956,0.730765128903465,0.789142831518436,0.579630896823016,0.420369103176984,96,"played",NA,NA,NA,121,"Q2"
"5988",5988,"Tennessee MartinSouthern Indiana1-10",2026-01-10,"conf","Southern Indiana","Tennessee Martin","OVC","OVC","H","L","56-73",0.167812136503116,0.237188051713002,0.87694452176131,0.958192248853182,-0.958192248853182,6,"played",NA,NA,NA,187,"Q4"
"5989",5989,"Tennessee MartinSouthern Indiana1-10",2026-01-10,"conf","Tennessee Martin","Southern Indiana","OVC","OVC","A","W","73-56",0.237188051713002,0.167812136503116,0.789142831518436,0.94887383530995,0.05112616469005,49.5,"played",NA,NA,NA,338,"Q4"
"5990",5990,"Tennessee St.Eastern Illinois1-10",2026-01-10,"conf","Eastern Illinois","Tennessee St.","OVC","OVC","H","W","74-70",0.254464105144106,0.211923958515258,0.87694452176131,0.963637441578405,0.0363625584215946,53.8,"played",NA,NA,NA,229,"Q4"
"5991",5991,"Tennessee St.Eastern Illinois1-10",2026-01-10,"conf","Tennessee St.","Eastern Illinois","OVC","OVC","A","L","70-74",0.211923958515258,0.254464105144106,0.789142831518436,0.916423012707536,-0.916423012707536,7.3,"played",NA,NA,NA,305,"Q4"
"5992",5992,"Tennessee TechWestern Illinois1-10",2026-01-10,"conf","Tennessee Tech","Western Illinois","OVC","OVC","A","W","59-54",0.08709095231161,0.107692571655567,0.789142831518436,0.968759361171826,0.0312406388281743,13.4,"played",NA,NA,NA,356,"Q4"
"5993",5993,"Tennessee TechWestern Illinois1-10",2026-01-10,"conf","Western Illinois","Tennessee Tech","OVC","OVC","H","L","54-59",0.107692571655567,0.08709095231161,0.87694452176131,0.986790111553305,-0.986790111553305,6.9,"played",NA,NA,NA,331,"Q4"
"5994",5994,"TennesseeFlorida1-10",2026-01-10,"conf","Florida","Tennessee","SEC","SEC","H","W","91-67",0.967769745662781,0.910843273419277,0.87694452176131,0.410919233587288,0.589080766412712,99.4,"played",NA,NA,NA,26,"Q1"
"5995",5995,"TennesseeFlorida1-10",2026-01-10,"conf","Tennessee","Florida","SEC","SEC","A","L","67-91",0.910843273419277,0.967769745662781,0.789142831518436,0.110826915239594,-0.110826915239594,66.4,"played",NA,NA,NA,14,"Q1"
"5996",5996,"Texas A&M Corpus ChrisNorthwestern St.1-10",2026-01-10,"conf","Northwestern St.","Texas A&M Corpus Chris","Slnd","Slnd","H","W","79-78",0.284845739227625,0.415344559057257,0.87694452176131,0.909349881209777,0.0906501187902234,32.9,"played",NA,NA,NA,181,"Q4"
"5997",5997,"Texas A&M Corpus ChrisNorthwestern St.1-10",2026-01-10,"conf","Texas A&M Corpus Chris","Northwestern St.","Slnd","Slnd","A","L","78-79",0.415344559057257,0.284845739227625,0.789142831518436,0.903812007986627,-0.903812007986627,36.6,"played",NA,NA,NA,306,"Q4"
"5998",5998,"Texas St.Arkansas St.1-10",2026-01-10,"conf","Arkansas St.","Texas St.","SB","SB","H","W","83-82",0.643792601240604,0.245509808153534,0.87694452176131,0.956333012725181,0.043666987274819,39.2,"played",NA,NA,NA,265,"Q4"
"5999",5999,"Texas St.Arkansas St.1-10",2026-01-10,"conf","Texas St.","Arkansas St.","SB","SB","A","L","82-83",0.245509808153534,0.643792601240604,0.789142831518436,0.674344903439392,-0.674344903439392,47.7,"played",NA,NA,NA,141,"Q3"
"6000",6000,"Texas TechColorado1-10",2026-01-10,"conf","Colorado","Texas Tech","B12","B12","H","L","71-73",0.772290823716488,0.914150403527372,0.87694452176131,0.400930435453587,-0.400930435453587,72.5,"played",NA,NA,NA,17,"Q1"
"6001",6001,"Texas TechColorado1-10",2026-01-10,"conf","Texas Tech","Colorado","B12","B12","A","W","73-71",0.914150403527372,0.772290823716488,0.789142831518436,0.524598733389019,0.475401266610981,93.2,"played",NA,NA,NA,78,"Q2"
"6002",6002,"TexasAlabama1-10",2026-01-10,"conf","Alabama","Texas","SEC","SEC","H","L","88-92",0.954434190116709,0.805200835828333,0.87694452176131,0.632901780263016,-0.632901780263016,66.7,"played",NA,NA,NA,43,"Q2"
"6003",6003,"TexasAlabama1-10",2026-01-10,"conf","Texas","Alabama","SEC","SEC","A","W","92-88",0.805200835828333,0.954434190116709,0.789142831518436,0.151588690123373,0.848411309876627,97.7,"played",NA,NA,NA,19,"Q1"
"6004",6004,"TowsonNortheastern1-10",2026-01-10,"conf","Northeastern","Towson","CAA","CAA","H","L","78-87",0.389208555122323,0.35134538872408,0.87694452176131,0.929362589848566,-0.929362589848566,12.6,"played",NA,NA,NA,162,"Q4"
"6005",6005,"TowsonNortheastern1-10",2026-01-10,"conf","Towson","Northeastern","CAA","CAA","A","W","87-78",0.35134538872408,0.389208555122323,0.789142831518436,0.854508227313528,0.145491772686472,70.5,"played",NA,NA,NA,249,"Q4"
"6006",6006,"TroyLouisiana1-10",2026-01-10,"conf","Louisiana","Troy","SB","SB","H","L","70-90",0.233108569263396,0.574223488770011,0.87694452176131,0.840868495508097,-0.840868495508097,5.2,"played",NA,NA,NA,103,"Q3"
"6007",6007,"TroyLouisiana1-10",2026-01-10,"conf","Troy","Louisiana","SB","SB","A","W","90-70",0.574223488770011,0.233108569263396,0.789142831518436,0.924882092909863,0.0751179070901371,88.2,"played",NA,NA,NA,334,"Q4"
"6008",6008,"TulaneUTSA1-10",2026-01-10,"conf","Tulane","UTSA","Amer","Amer","A","W","85-52",0.343744187026903,0.118500483117376,0.789142831518436,0.96532593406337,0.0346740659366295,93.7,"played",NA,NA,NA,349,"Q4"
"6009",6009,"TulaneUTSA1-10",2026-01-10,"conf","UTSA","Tulane","Amer","Amer","H","L","52-85",0.118500483117376,0.343744187026903,0.87694452176131,0.931531828337849,-0.931531828337849,0.5,"played",NA,NA,NA,202,"Q4"
"6010",6010,"UC DavisCal Poly1-10",2026-01-10,"conf","Cal Poly","UC Davis","BW","BW","H","W","84-78",0.356782664805302,0.410152855593226,0.87694452176131,0.911100116157902,0.0888998838420977,40.8,"played",NA,NA,NA,176,"Q4"
"6011",6011,"UC DavisCal Poly1-10",2026-01-10,"conf","UC Davis","Cal Poly","BW","BW","A","L","78-84",0.410152855593226,0.356782664805302,0.789142831518436,0.870920500600285,-0.870920500600285,35.9,"played",NA,NA,NA,257,"Q4"
"6012",6012,"UC IrvineHawaii1-10",2026-01-10,"conf","Hawaii","UC Irvine","BW","BW","H","W","67-66",0.782563869210565,0.570843061730183,0.87694452176131,0.842708029324452,0.157291970675548,65.2,"played",NA,NA,NA,128,"Q3"
"6013",6013,"UC IrvineHawaii1-10",2026-01-10,"conf","UC Irvine","Hawaii","BW","BW","A","L","66-67",0.570843061730183,0.782563869210565,0.789142831518436,0.50977274777129,-0.50977274777129,71.9,"played",NA,NA,NA,97,"Q2"
"6014",6014,"UC San DiegoUC Riverside1-10",2026-01-10,"conf","UC Riverside","UC San Diego","BW","BW","H","L","66-69",0.32462968162574,0.591942410772934,0.87694452176131,0.830870239432055,-0.830870239432055,56.1,"played",NA,NA,NA,98,"Q3"
"6015",6015,"UC San DiegoUC Riverside1-10",2026-01-10,"conf","UC San Diego","UC Riverside","BW","BW","A","W","69-66",0.591942410772934,0.32462968162574,0.789142831518436,0.886184093747293,0.113815906252707,35.3,"played",NA,NA,NA,283,"Q4"
"6016",6016,"UMass LowellBinghamton1-10",2026-01-10,"conf","Binghamton","UMass Lowell","AE","AE","H","L","68-73",0.0832959988038982,0.165007692678497,0.87694452176131,0.973018164018987,-0.973018164018987,5.7,"played",NA,NA,NA,319,"Q4"
"6017",6017,"UMass LowellBinghamton1-10",2026-01-10,"conf","UMass Lowell","Binghamton","AE","AE","A","W","73-68",0.165007692678497,0.0832959988038982,0.789142831518436,0.976296658657706,0.0237033413422945,22.9,"played",NA,NA,NA,362,"Q4"
"6018",6018,"UNC AshevilleRadford1-10",2026-01-10,"conf","Radford","UNC Asheville","BSth","BSth","H","L","72-91",0.361659659316487,0.274453641199316,0.87694452176131,0.949595279565646,-0.949595279565646,3.7,"played",NA,NA,NA,232,"Q4"
"6019",6019,"UNC AshevilleRadford1-10",2026-01-10,"conf","UNC Asheville","Radford","BSth","BSth","A","W","91-72",0.274453641199316,0.361659659316487,0.789142831518436,0.868519826317415,0.131480173682585,84.8,"played",NA,NA,NA,260,"Q4"
"6020",6020,"UNC GreensboroEast Tennessee St.1-10",2026-01-10,"conf","East Tennessee St.","UNC Greensboro","SC","SC","H","W","86-60",0.607991931766003,0.170845743130604,0.87694452176131,0.971899187342243,0.0281008126577568,80.2,"played",NA,NA,NA,295,"Q4"
"6021",6021,"UNC GreensboroEast Tennessee St.1-10",2026-01-10,"conf","UNC Greensboro","East Tennessee St.","SC","SC","A","L","60-86",0.170845743130604,0.607991931766003,0.789142831518436,0.707006029827842,-0.707006029827842,7.3,"played",NA,NA,NA,129,"Q2"
"6022",6022,"UNC WilmingtonStony Brook1-10",2026-01-10,"conf","Stony Brook","UNC Wilmington","CAA","CAA","H","L","71-75",0.460531374139957,0.45266192968586,0.87694452176131,0.896016774005065,-0.896016774005065,53.1,"played",NA,NA,NA,109,"Q3"
"6023",6023,"UNC WilmingtonStony Brook1-10",2026-01-10,"conf","UNC Wilmington","Stony Brook","CAA","CAA","A","W","75-71",0.45266192968586,0.460531374139957,0.789142831518436,0.814265765425597,0.185734234574403,38.4,"played",NA,NA,NA,234,"Q3"
"6024",6024,"UT Rio Grande ValleyEast Texas A&M1-10",2026-01-10,"conf","East Texas A&M","UT Rio Grande Valley","Slnd","Slnd","H","W","77-69",0.343115860118082,0.397957356960562,0.87694452176131,0.915118069533995,0.0848819304660049,82.1,"played",NA,NA,NA,194,"Q4"
"6025",6025,"UT Rio Grande ValleyEast Texas A&M1-10",2026-01-10,"conf","UT Rio Grande Valley","East Texas A&M","Slnd","Slnd","A","L","69-77",0.397957356960562,0.343115860118082,0.789142831518436,0.877525786598482,-0.877525786598482,7,"played",NA,NA,NA,277,"Q4"
"6026",6026,"Utah St.Boise St.1-10",2026-01-10,"conf","Boise St.","Utah St.","MWC","MWC","H","L","68-93",0.83001126375618,0.849238029418344,0.87694452176131,0.558523317336614,-0.558523317336614,13.1,"played",NA,NA,NA,25,"Q1"
"6027",6027,"Utah St.Boise St.1-10",2026-01-10,"conf","Utah St.","Boise St.","MWC","MWC","A","W","93-68",0.849238029418344,0.83001126375618,0.789142831518436,0.433903907888668,0.566096092111332,99.5,"played",NA,NA,NA,71,"Q1"
"6028",6028,"Utah TechUtah Valley1-10",2026-01-10,"conf","Utah Tech","Utah Valley","WAC","WAC","A","L","76-92",0.326398450988887,0.786139268528895,0.789142831518436,0.50448923133059,-0.50448923133059,37,"played",NA,NA,NA,96,"Q2"
"6029",6029,"Utah TechUtah Valley1-10",2026-01-10,"conf","Utah Valley","Utah Tech","WAC","WAC","H","W","92-76",0.786139268528895,0.326398450988887,0.87694452176131,0.936334401660849,0.0636655983391512,75.2,"played",NA,NA,NA,199,"Q4"
"6030",6030,"ValparaisoMurray St.1-10",2026-01-10,"conf","Murray St.","Valparaiso","MVC","MVC","H","W","92-79",0.768671365816874,0.458749949196083,0.87694452176131,0.893707567155318,0.106292432844682,78.8,"played",NA,NA,NA,171,"Q4"
"6031",6031,"ValparaisoMurray St.1-10",2026-01-10,"conf","Valparaiso","Murray St.","MVC","MVC","A","L","79-92",0.458749949196083,0.768671365816874,0.789142831518436,0.52970054022595,-0.52970054022595,43.1,"played",NA,NA,NA,74,"Q1"
"6032",6032,"VCUGeorge Mason1-10",2026-01-10,"conf","George Mason","VCU","A10","A10","H","W","86-80",0.758834600748699,0.722299621864947,0.87694452176131,0.732611158893325,0.267388841106675,80.8,"played",NA,NA,NA,55,"Q2"
"6033",6033,"VCUGeorge Mason1-10",2026-01-10,"conf","VCU","George Mason","A10","A10","A","L","80-86",0.722299621864947,0.758834600748699,0.789142831518436,0.543257964252141,-0.543257964252141,66,"played",NA,NA,NA,63,"Q1"
"6034",6034,"VillanovaMarquette1-10",2026-01-10,"conf","Marquette","Villanova","BE","BE","H","L","73-76",0.679338014949704,0.84811313237523,0.87694452176131,0.560681993494687,-0.560681993494687,74.3,"played",NA,NA,NA,33,"Q2"
"6035",6035,"VillanovaMarquette1-10",2026-01-10,"conf","Villanova","Marquette","BE","BE","A","W","76-73",0.84811313237523,0.679338014949704,0.789142831518436,0.638540499954744,0.361459500045256,80.4,"played",NA,NA,NA,142,"Q3"
"6036",6036,"VMIFurman1-10",2026-01-10,"conf","Furman","VMI","SC","SC","H","W","69-48",0.548536258475982,0.081180331096308,0.87694452176131,0.987753891098385,0.0122461089016148,73.8,"played",NA,NA,NA,353,"Q4"
"6037",6037,"VMIFurman1-10",2026-01-10,"conf","VMI","Furman","SC","SC","A","L","48-69",0.081180331096308,0.548536258475982,0.789142831518436,0.754916473669213,-0.754916473669213,3.7,"played",NA,NA,NA,189,"Q3"
"6038",6038,"Wake ForestNorth Carolina1-10",2026-01-10,"conf","North Carolina","Wake Forest","ACC","ACC","H","W","87-84",0.914942599410585,0.719689280913198,0.87694452176131,0.73514545115225,0.26485454884775,89.6,"played",NA,NA,NA,67,"Q2"
"6039",6039,"Wake ForestNorth Carolina1-10",2026-01-10,"conf","Wake Forest","North Carolina","ACC","ACC","A","L","84-87",0.719689280913198,0.914942599410585,0.789142831518436,0.258118902076419,-0.258118902076419,76.2,"played",NA,NA,NA,27,"Q1"
"6040",6040,"Washington St.Saint Mary's1-10",2026-01-10,"conf","Saint Mary's","Washington St.","WCC","WCC","H","W","88-82",0.908833684887652,0.483069117975872,0.87694452176131,0.884070838462682,0.115929161537318,79.6,"played",NA,NA,NA,156,"Q3"
"6041",6041,"Washington St.Saint Mary's1-10",2026-01-10,"conf","Washington St.","Saint Mary's","WCC","WCC","A","L","82-88",0.483069117975872,0.908833684887652,0.789142831518436,0.272949274196153,-0.272949274196153,70.5,"played",NA,NA,NA,28,"Q1"
"6042",6042,"Weber St.Northern Colorado1-10",2026-01-10,"conf","Northern Colorado","Weber St.","BSky","BSky","H","L","71-76",0.60052552003834,0.362300900236987,0.87694452176131,0.926163657167391,-0.926163657167391,25.4,"played",NA,NA,NA,190,"Q4"
"6043",6043,"Weber St.Northern Colorado1-10",2026-01-10,"conf","Weber St.","Northern Colorado","BSky","BSky","A","W","76-71",0.362300900236987,0.60052552003834,0.789142831518436,0.713431964782188,0.286568035217812,71.5,"played",NA,NA,NA,164,"Q3"
"6044",6044,"West GeorgiaJacksonville1-10",2026-01-10,"conf","Jacksonville","West Georgia","ASun","ASun","H","W","75-43",0.269014167855688,0.124454025605907,0.87694452176131,0.980443929756687,0.0195560702433134,97,"played",NA,NA,NA,322,"Q4"
"6045",6045,"West GeorgiaJacksonville1-10",2026-01-10,"conf","West Georgia","Jacksonville","ASun","ASun","A","L","43-75",0.124454025605907,0.269014167855688,0.789142831518436,0.910470750059058,-0.910470750059058,0.2,"played",NA,NA,NA,293,"Q4"
"6046",6046,"Western CarolinaThe Citadel1-10",2026-01-10,"conf","The Citadel","Western Carolina","SC","SC","H","W","79-77",0.140154923802397,0.189337564487005,0.87694452176131,0.968266322969144,0.0317336770308555,19.4,"played",NA,NA,NA,289,"Q4"
"6047",6047,"Western CarolinaThe Citadel1-10",2026-01-10,"conf","Western Carolina","The Citadel","SC","SC","A","L","77-79",0.189337564487005,0.140154923802397,0.789142831518436,0.958264437000095,-0.958264437000095,13.7,"played",NA,NA,NA,350,"Q4"
"6048",6048,"Western KentuckyUTEP1-10",2026-01-10,"conf","UTEP","Western Kentucky","CUSA","CUSA","H","L","56-68",0.346704940492434,0.381373069076346,0.87694452176131,0.920380838248542,-0.920380838248542,18.1,"played",NA,NA,NA,167,"Q4"
"6049",6049,"Western KentuckyUTEP1-10",2026-01-10,"conf","Western Kentucky","UTEP","CUSA","CUSA","A","W","68-56",0.381373069076346,0.346704940492434,0.789142831518436,0.87580832614611,0.12419167385389,59.8,"played",NA,NA,NA,276,"Q4"
"6050",6050,"William & MaryDrexel1-10",2026-01-10,"conf","Drexel","William & Mary","CAA","CAA","H","W","64-58",0.506908140029048,0.532570409595156,0.87694452176131,0.862159378953457,0.137840621046543,81.3,"played",NA,NA,NA,108,"Q3"
"6051",6051,"William & MaryDrexel1-10",2026-01-10,"conf","William & Mary","Drexel","CAA","CAA","A","L","58-64",0.532570409595156,0.506908140029048,0.789142831518436,0.78450783990208,-0.78450783990208,21.2,"played",NA,NA,NA,211,"Q3"
"6052",6052,"WinthropUSC Upstate1-10",2026-01-10,"conf","USC Upstate","Winthrop","BSth","BSth","H","L","50-71",0.283031250289585,0.429719171865507,0.87694452176131,0.904374623248957,-0.904374623248957,1.1,"played",NA,NA,NA,130,"Q3"
"6053",6053,"WinthropUSC Upstate1-10",2026-01-10,"conf","Winthrop","USC Upstate","BSth","BSth","A","W","71-50",0.429719171865507,0.283031250289585,0.789142831518436,0.904585070554709,0.0954149294452906,96.4,"played",NA,NA,NA,285,"Q4"
"6054",6054,"WisconsinMichigan1-10",2026-01-10,"conf","Michigan","Wisconsin","B10","B10","H","L","88-91",0.98755383780862,0.846803951575671,0.87694452176131,0.563174984065404,-0.563174984065404,84.6,"played",NA,NA,NA,36,"Q2"
"6055",6055,"WisconsinMichigan1-10",2026-01-10,"conf","Wisconsin","Michigan","B10","B10","A","W","91-88",0.846803951575671,0.98755383780862,0.789142831518436,0.0450428444038855,0.954957155596114,98.8,"played",NA,NA,NA,1,"Q1"
"6056",6056,"WoffordMercer1-10",2026-01-10,"conf","Mercer","Wofford","SC","SC","H","W","109-97",0.653833270716202,0.281320852120458,0.87694452176131,0.947931772553643,0.0520682274463571,60.3,"played",NA,NA,NA,225,"Q4"
"6057",6057,"WoffordMercer1-10",2026-01-10,"conf","Wofford","Mercer","SC","SC","A","L","97-109",0.281320852120458,0.653833270716202,0.789142831518436,0.664593982193898,-0.664593982193898,32.8,"played",NA,NA,NA,125,"Q2"
"6058",6058,"WyomingNevada1-10",2026-01-10,"conf","Nevada","Wyoming","MWC","MWC","H","W","92-83",0.843851415463164,0.628540397083757,0.87694452176131,0.80812121966831,0.19187878033169,81.6,"played",NA,NA,NA,100,"Q3"
"6059",6059,"WyomingNevada1-10",2026-01-10,"conf","Wyoming","Nevada","MWC","MWC","A","L","83-92",0.628540397083757,0.843851415463164,0.789142831518436,0.409168925081937,-0.409168925081937,67.3,"played",NA,NA,NA,65,"Q1"
"6060",6060,"YalePrinceton1-10",2026-01-10,"conf","Princeton","Yale","Ivy","Ivy","H","W","76-60",0.452029450467109,0.697398462944221,0.87694452176131,0.755630003204374,0.244369996795626,91.2,"played",NA,NA,NA,61,"Q2"
"6061",6061,"YalePrinceton1-10",2026-01-10,"conf","Yale","Princeton","Ivy","Ivy","A","L","60-76",0.697398462944221,0.452029450467109,0.789142831518436,0.819393021194762,-0.819393021194762,15.6,"played",NA,NA,NA,239,"Q3"
"6062",6062,"CanisiusIona1-11",2026-01-11,"conf","Canisius","Iona","MAAC","MAAC","A","L","48-74",0.0962828763969484,0.437173937533644,0.789142831518436,0.828126310189698,-0.828126310189698,3.6,"played",NA,NA,NA,218,"Q3"
"6063",6063,"CanisiusIona1-11",2026-01-11,"conf","Iona","Canisius","MAAC","MAAC","H","W","74-48",0.437173937533644,0.0962828763969484,0.87694452176131,0.985270070495874,0.0147299295041264,68.7,"played",NA,NA,NA,342,"Q4"
"6064",6064,"CharlotteRice1-11",2026-01-11,"conf","Charlotte","Rice","Amer","Amer","A","W","74-73",0.408184823211502,0.456337279232508,0.789142831518436,0.816807094698556,0.183192905301444,63.7,"played",NA,NA,NA,253,"Q4"
"6065",6065,"CharlotteRice1-11",2026-01-11,"conf","Rice","Charlotte","Amer","Amer","H","L","73-74",0.456337279232508,0.408184823211502,0.87694452176131,0.911757290865428,-0.911757290865428,24.8,"played",NA,NA,NA,173,"Q4"
"6066",6066,"CincinnatiUCF1-11",2026-01-11,"conf","Cincinnati","UCF","B12","B12","A","L","72-73",0.78379278013368,0.866736847529921,0.789142831518436,0.365251362941497,-0.365251362941497,83.5,"played",NA,NA,NA,39,"Q1"
"6067",6067,"CincinnatiUCF1-11",2026-01-11,"conf","UCF","Cincinnati","B12","B12","H","W","73-72",0.866736847529921,0.78379278013368,0.87694452176131,0.662823243260027,0.337176756739973,82.3,"played",NA,NA,NA,72,"Q2"
"6068",6068,"Cleveland St.Detroit Mercy1-11",2026-01-11,"conf","Cleveland St.","Detroit Mercy","Horz","Horz","A","L","84-94",0.170841144385821,0.41087180318306,0.789142831518436,0.842921600902124,-0.842921600902124,10.9,"played",NA,NA,NA,273,"Q4"
"6069",6069,"Cleveland St.Detroit Mercy1-11",2026-01-11,"conf","Detroit Mercy","Cleveland St.","Horz","Horz","H","W","94-84",0.41087180318306,0.170841144385821,0.87694452176131,0.971900073963006,0.0280999260369942,54,"played",NA,NA,NA,321,"Q4"
"6070",6070,"IllinoisIowa1-11",2026-01-11,"conf","Illinois","Iowa","B10","B10","A","W","75-69",0.944572611131982,0.951016965997977,0.789142831518436,0.161610786773865,0.838389213226135,99.2,"played",NA,NA,NA,21,"Q1"
"6071",6071,"IllinoisIowa1-11",2026-01-11,"conf","Iowa","Illinois","B10","B10","H","L","69-75",0.951016965997977,0.944572611131982,0.87694452176131,0.294869444924917,-0.294869444924917,72.5,"played",NA,NA,NA,9,"Q1"
"6072",6072,"IU IndyMilwaukee1-11",2026-01-11,"conf","IU Indy","Milwaukee","Horz","Horz","A","L","83-95",0.178820401046325,0.384994055716157,0.789142831518436,0.856702814984429,-0.856702814984429,23.7,"played",NA,NA,NA,233,"Q3"
"6073",6073,"IU IndyMilwaukee1-11",2026-01-11,"conf","Milwaukee","IU Indy","Horz","Horz","H","W","95-83",0.384994055716157,0.178820401046325,0.87694452176131,0.970349240873804,0.0296507591261961,30.5,"played",NA,NA,NA,310,"Q4"
"6074",6074,"MaristRider1-11",2026-01-11,"conf","Marist","Rider","MAAC","MAAC","A","W","71-49",0.444102896546951,0.124145130175934,0.789142831518436,0.963508975356504,0.0364910246434962,83.6,"played",NA,NA,NA,357,"Q4"
"6075",6075,"MaristRider1-11",2026-01-11,"conf","Rider","Marist","MAAC","MAAC","H","L","49-71",0.124145130175934,0.444102896546951,0.87694452176131,0.899197121104733,-0.899197121104733,2.2,"played",NA,NA,NA,150,"Q3"
"6076",6076,"MemphisFlorida Atlantic1-11",2026-01-11,"conf","Florida Atlantic","Memphis","Amer","Amer","H","W","89-78",0.793840431015816,0.647741340141445,0.87694452176131,0.794894141174265,0.205105858825735,90.6,"played",NA,NA,NA,112,"Q3"
"6077",6077,"MemphisFlorida Atlantic1-11",2026-01-11,"conf","Memphis","Florida Atlantic","Amer","Amer","A","L","78-89",0.647741340141445,0.793840431015816,0.789142831518436,0.492884070110421,-0.492884070110421,42.5,"played",NA,NA,NA,91,"Q2"
"6078",6078,"MerrimackSaint Peter's1-11",2026-01-11,"conf","Merrimack","Saint Peter's","MAAC","MAAC","A","L","63-76",0.339779292896384,0.464125461254959,0.789142831518436,0.812069164133623,-0.812069164133623,8.1,"played",NA,NA,NA,223,"Q3"
"6079",6079,"MerrimackSaint Peter's1-11",2026-01-11,"conf","Saint Peter's","Merrimack","MAAC","MAAC","H","W","76-63",0.464125461254959,0.339779292896384,0.87694452176131,0.932647440717921,0.0673525592820787,83.5,"played",NA,NA,NA,217,"Q4"
"6080",6080,"NiagaraManhattan1-11",2026-01-11,"conf","Manhattan","Niagara","MAAC","MAAC","H","W","79-70",0.199140354213253,0.0710982537629475,0.87694452176131,0.989373790127263,0.0106262098727368,12.3,"played",NA,NA,NA,355,"Q4"
"6081",6081,"NiagaraManhattan1-11",2026-01-11,"conf","Niagara","Manhattan","MAAC","MAAC","A","L","70-79",0.0710982537629475,0.199140354213253,0.789142831518436,0.937698454634616,-0.937698454634616,12,"played",NA,NA,NA,330,"Q4"
"6082",6082,"North TexasWichita St.1-11",2026-01-11,"conf","North Texas","Wichita St.","Amer","Amer","A","L","67-78",0.455092616735083,0.738904436061514,0.789142831518436,0.569419774868401,-0.569419774868401,29.3,"played",NA,NA,NA,95,"Q2"
"6083",6083,"North TexasWichita St.1-11",2026-01-11,"conf","Wichita St.","North Texas","Amer","Amer","H","W","78-67",0.738904436061514,0.455092616735083,0.87694452176131,0.895099567727526,0.104900432272474,85.1,"played",NA,NA,NA,147,"Q3"
"6084",6084,"Northern KentuckyGreen Bay1-11",2026-01-11,"conf","Green Bay","Northern Kentucky","Horz","Horz","H","W","80-78",0.503482144436143,0.406379079596688,0.87694452176131,0.91235726676444,0.0876427332355595,80.6,"played",NA,NA,NA,177,"Q4"
"6085",6085,"Northern KentuckyGreen Bay1-11",2026-01-11,"conf","Northern Kentucky","Green Bay","Horz","Horz","A","L","78-80",0.406379079596688,0.503482144436143,0.789142831518436,0.786815794214538,-0.786815794214538,14.3,"played",NA,NA,NA,230,"Q3"
"6086",6086,"NorthwesternRutgers1-11",2026-01-11,"conf","Northwestern","Rutgers","B10","B10","A","L","75-77",0.745990934106807,0.593817364755892,0.789142831518436,0.719099142122945,-0.719099142122945,62.5,"played",NA,NA,NA,153,"Q3"
"6087",6087,"NorthwesternRutgers1-11",2026-01-11,"conf","Rutgers","Northwestern","B10","B10","H","W","77-75",0.593817364755892,0.745990934106807,0.87694452176131,0.708160123263315,0.291839876736685,72,"played",NA,NA,NA,69,"Q2"
"6088",6088,"Ohio St.Washington1-11",2026-01-11,"conf","Ohio St.","Washington","B10","B10","A","L","74-81",0.817900794713915,0.850500833069505,0.789142831518436,0.396811542881163,-0.396811542881163,76.9,"played",NA,NA,NA,62,"Q1"
"6089",6089,"Ohio St.Washington1-11",2026-01-11,"conf","Washington","Ohio St.","B10","B10","H","W","81-74",0.850500833069505,0.817900794713915,0.87694452176131,0.613398179056679,0.386601820943321,88.5,"played",NA,NA,NA,35,"Q2"
"6090",6090,"Purdue Fort WayneRobert Morris1-11",2026-01-11,"conf","Purdue Fort Wayne","Robert Morris","Horz","Horz","A","W","79-74",0.292872856878609,0.517536678288298,0.789142831518436,0.777229028620444,0.222770971379556,73.8,"played",NA,NA,NA,186,"Q3"
"6091",6091,"Purdue Fort WayneRobert Morris1-11",2026-01-11,"conf","Robert Morris","Purdue Fort Wayne","Horz","Horz","H","L","74-79",0.517536678288298,0.292872856878609,0.87694452176131,0.945074204187965,-0.945074204187965,13.6,"played",NA,NA,NA,210,"Q4"
"6092",6092,"QuinnipiacSacred Heart1-11",2026-01-11,"conf","Quinnipiac","Sacred Heart","MAAC","MAAC","A","W","70-60",0.407246884569133,0.302151169708424,0.789142831518436,0.896306351960381,0.103693648039619,48.3,"played",NA,NA,NA,287,"Q4"
"6093",6093,"QuinnipiacSacred Heart1-11",2026-01-11,"conf","Sacred Heart","Quinnipiac","MAAC","MAAC","H","L","60-70",0.302151169708424,0.407246884569133,0.87694452176131,0.912069287849074,-0.912069287849074,24.2,"played",NA,NA,NA,184,"Q4"
"6094",6094,"Saint Joseph'sRichmond1-11",2026-01-11,"conf","Richmond","Saint Joseph's","A10","A10","H","L","65-67",0.660447080764919,0.441375051805727,0.87694452176131,0.90019487903602,-0.90019487903602,16.1,"played",NA,NA,NA,192,"Q4"
"6095",6095,"Saint Joseph'sRichmond1-11",2026-01-11,"conf","Saint Joseph's","Richmond","A10","A10","A","W","67-65",0.441375051805727,0.660447080764919,0.789142831518436,0.658019120873694,0.341980879126306,88.9,"played",NA,NA,NA,126,"Q2"
"6096",6096,"SienaMount St. Mary's1-11",2026-01-11,"conf","Mount St. Mary's","Siena","MAAC","MAAC","H","L","50-67",0.282514165173045,0.390387146522654,0.87694452176131,0.917548378669134,-0.917548378669134,5.7,"played",NA,NA,NA,172,"Q4"
"6097",6097,"SienaMount St. Mary's1-11",2026-01-11,"conf","Siena","Mount St. Mary's","MAAC","MAAC","A","W","67-50",0.390387146522654,0.282514165173045,0.789142831518436,0.904804899863118,0.0951951001368816,80.8,"played",NA,NA,NA,304,"Q4"
"6098",6098,"UABEast Carolina1-11",2026-01-11,"conf","East Carolina","UAB","Amer","Amer","H","L","85-87",0.262679066039086,0.524998488358512,0.87694452176131,0.865731238499826,-0.865731238499826,42.1,"played",NA,NA,NA,122,"Q3"
"6099",6099,"UABEast Carolina1-11",2026-01-11,"conf","UAB","East Carolina","Amer","Amer","A","W","87-85",0.524998488358512,0.262679066039086,0.789142831518436,0.913081687465795,0.0869183125342055,35.1,"played",NA,NA,NA,299,"Q4"
"6100",6100,"Wright St.Oakland1-11",2026-01-11,"conf","Oakland","Wright St.","Horz","Horz","H","L","84-94",0.639939911872445,0.571577739895169,0.87694452176131,0.84231002581507,-0.84231002581507,9.2,"played",NA,NA,NA,136,"Q3"
"6101",6101,"Wright St.Oakland1-11",2026-01-11,"conf","Wright St.","Oakland","Horz","Horz","A","W","94-84",0.571577739895169,0.639939911872445,0.789142831518436,0.678014683260013,0.321985316739987,95.9,"played",NA,NA,NA,135,"Q2"
"6102",6102,"Alcorn St.Alabama St.1-12",2026-01-12,"conf","Alabama St.","Alcorn St.","SWAC","SWAC","H","W","81-66",0.268009882386887,0.0996439667646336,0.87694452176131,0.984707696986526,0.0152923030134736,42.8,"played",NA,NA,NA,351,"Q4"
"6103",6103,"Alcorn St.Alabama St.1-12",2026-01-12,"conf","Alcorn St.","Alabama St.","SWAC","SWAC","A","L","66-81",0.0996439667646336,0.268009882386887,0.789142831518436,0.910886666510392,-0.910886666510392,5.1,"played",NA,NA,NA,313,"Q4"
"6104",6104,"Arkansas Pine BluffPrairie View A&M1-12",2026-01-12,"conf","Arkansas Pine Bluff","Prairie View A&M","SWAC","SWAC","A","L","61-73",0.210499397365107,0.284102058387528,0.789142831518436,0.904129167023034,-0.904129167023034,6.4,"played",NA,NA,NA,296,"Q4"
"6105",6105,"Arkansas Pine BluffPrairie View A&M1-12",2026-01-12,"conf","Prairie View A&M","Arkansas Pine Bluff","SWAC","SWAC","H","W","73-61",0.284102058387528,0.210499397365107,0.87694452176131,0.963935877536827,0.0360641224631731,60.6,"played",NA,NA,NA,311,"Q4"
"6106",6106,"Delaware St.Howard1-12",2026-01-12,"conf","Delaware St.","Howard","MEAC","MEAC","A","L","58-84",0.0497573037483458,0.366972280657132,0.789142831518436,0.865878007408998,-0.865878007408998,2,"played",NA,NA,NA,252,"Q4"
"6107",6107,"Delaware St.Howard1-12",2026-01-12,"conf","Howard","Delaware St.","MEAC","MEAC","H","W","84-58",0.366972280657132,0.0497573037483458,0.87694452176131,0.99270589963853,0.00729410036147027,59.4,"played",NA,NA,NA,358,"Q4"
"6108",6108,"Grambling St.Florida A&M1-12",2026-01-12,"conf","Florida A&M","Grambling St.","SWAC","SWAC","H","W","91-84",0.313122465804659,0.233559697555641,0.87694452176131,0.958992470941088,0.0410075290589117,40.5,"played",NA,NA,NA,266,"Q4"
"6109",6109,"Grambling St.Florida A&M1-12",2026-01-12,"conf","Grambling St.","Florida A&M","SWAC","SWAC","A","L","84-91",0.233559697555641,0.313122465804659,0.789142831518436,0.89141995383216,-0.89141995383216,17,"played",NA,NA,NA,307,"Q4"
"6110",6110,"Houston ChristianLamar1-12",2026-01-12,"conf","Houston Christian","Lamar","Slnd","Slnd","A","L","56-64",0.166904500846973,0.437571853477538,0.789142831518436,0.827896030713947,-0.827896030713947,29.9,"played",NA,NA,NA,220,"Q3"
"6111",6111,"Houston ChristianLamar1-12",2026-01-12,"conf","Lamar","Houston Christian","Slnd","Slnd","H","W","64-56",0.437571853477538,0.166904500846973,0.87694452176131,0.972656041762217,0.0273439582377828,26.8,"played",NA,NA,NA,297,"Q4"
"6112",6112,"Incarnate WordStephen F. Austin1-12",2026-01-12,"conf","Incarnate Word","Stephen F. Austin","Slnd","Slnd","A","L","46-56",0.261903553465073,0.815047683515057,0.789142831518436,0.459245063096948,-0.459245063096948,28.4,"played",NA,NA,NA,88,"Q2"
"6113",6113,"Incarnate WordStephen F. Austin1-12",2026-01-12,"conf","Stephen F. Austin","Incarnate Word","Slnd","Slnd","H","W","56-46",0.815047683515057,0.261903553465073,0.87694452176131,0.95256990795582,0.0474300920441801,79.8,"played",NA,NA,NA,246,"Q4"
"6114",6114,"Jackson St.Alabama A&M1-12",2026-01-12,"conf","Alabama A&M","Jackson St.","SWAC","SWAC","H","W","100-91",0.264840745295219,0.118376704856031,0.87694452176131,0.981507081310067,0.0184929186899327,29.4,"played",NA,NA,NA,347,"Q4"
"6115",6115,"Jackson St.Alabama A&M1-12",2026-01-12,"conf","Jackson St.","Alabama A&M","SWAC","SWAC","A","L","91-100",0.118376704856031,0.264840745295219,0.789142831518436,0.91219415768358,-0.91219415768358,10.4,"played",NA,NA,NA,308,"Q4"
"6116",6116,"Maryland Eastern ShoreNorfolk St.1-12",2026-01-12,"conf","Maryland Eastern Shore","Norfolk St.","MEAC","MEAC","A","W","74-70",0.112768939573491,0.214099252585284,0.789142831518436,0.932147647195999,0.0678523528040014,26.7,"played",NA,NA,NA,303,"Q4"
"6117",6117,"Maryland Eastern ShoreNorfolk St.1-12",2026-01-12,"conf","Norfolk St.","Maryland Eastern Shore","MEAC","MEAC","H","L","70-74",0.214099252585284,0.112768939573491,0.87694452176131,0.98247717744524,-0.98247717744524,8.7,"played",NA,NA,NA,325,"Q4"
"6118",6118,"Mississippi Valley St.Texas Southern1-12",2026-01-12,"conf","Mississippi Valley St.","Texas Southern","SWAC","SWAC","A","L","51-84",0.0200041175334786,0.218447040616154,0.789142831518436,0.930507135168519,-0.930507135168519,0.2,"played",NA,NA,NA,348,"Q4"
"6119",6119,"Mississippi Valley St.Texas Southern1-12",2026-01-12,"conf","Texas Southern","Mississippi Valley St.","SWAC","SWAC","H","W","84-51",0.218447040616154,0.0200041175334786,0.87694452176131,0.997143844867186,0.00285615513281423,74.3,"played",NA,NA,NA,365,"Q4"
"6120",6120,"NavyAmerican1-12",2026-01-12,"conf","American","Navy","Pat","Pat","H","W","65-51",0.508095570002426,0.313792818654193,0.87694452176131,0.939701501811385,0.0602984981886153,91.9,"played",NA,NA,NA,193,"Q4"
"6121",6121,"NavyAmerican1-12",2026-01-12,"conf","Navy","American","Pat","Pat","A","L","51-65",0.313792818654193,0.508095570002426,0.789142831518436,0.783703607940069,-0.783703607940069,4,"played",NA,NA,NA,228,"Q3"
"6122",6122,"New OrleansSoutheastern Louisiana1-12",2026-01-12,"conf","New Orleans","Southeastern Louisiana","Slnd","Slnd","A","W","79-76",0.331235610868882,0.33709012828235,0.789142831518436,0.880382261833675,0.119617738166325,41.5,"played",NA,NA,NA,288,"Q4"
"6123",6123,"New OrleansSoutheastern Louisiana1-12",2026-01-12,"conf","Southeastern Louisiana","New Orleans","Slnd","Slnd","H","L","76-79",0.33709012828235,0.331235610868882,0.87694452176131,0.93501525605322,-0.93501525605322,26.2,"played",NA,NA,NA,231,"Q4"
"6124",6124,"Nicholls St.McNeese St.1-12",2026-01-12,"conf","McNeese St.","Nicholls St.","Slnd","Slnd","H","W","94-68",0.804042842508263,0.298838774145833,0.87694452176131,0.943568533420601,0.0564314665793993,91.1,"played",NA,NA,NA,214,"Q4"
"6125",6125,"Nicholls St.McNeese St.1-12",2026-01-12,"conf","Nicholls St.","McNeese St.","Slnd","Slnd","A","L","68-94",0.298838774145833,0.804042842508263,0.789142831518436,0.477018666749508,-0.477018666749508,14.5,"played",NA,NA,NA,57,"Q1"
"6126",6126,"North Carolina CentralMorgan St.1-12",2026-01-12,"conf","Morgan St.","North Carolina Central","MEAC","MEAC","H","L","78-89",0.0769875851717531,0.082756424692227,0.87694452176131,0.987497925961696,-0.987497925961696,2.9,"played",NA,NA,NA,344,"Q4"
"6127",6127,"North Carolina CentralMorgan St.1-12",2026-01-12,"conf","North Carolina Central","Morgan St.","MEAC","MEAC","A","W","89-78",0.082756424692227,0.0769875851717531,0.789142831518436,0.978199161594347,0.0218008384056526,20,"played",NA,NA,NA,361,"Q4"
"6128",6128,"South Carolina St.Coppin St.1-12",2026-01-12,"conf","Coppin St.","South Carolina St.","MEAC","MEAC","H","L","72-74",0.0483363016192594,0.0507325033248179,0.87694452176131,0.992556422425133,-0.992556422425133,2.5,"played",NA,NA,NA,360,"Q4"
"6129",6129,"South Carolina St.Coppin St.1-12",2026-01-12,"conf","South Carolina St.","Coppin St.","MEAC","MEAC","A","W","74-72",0.0507325033248179,0.0483363016192594,0.789142831518436,0.986610377031088,0.0133896229689121,9.5,"played",NA,NA,NA,364,"Q4"
"6130",6130,"SouthernBethune Cookman1-12",2026-01-12,"conf","Bethune Cookman","Southern","SWAC","SWAC","H","L","73-77",0.390499707456399,0.265907681407748,0.87694452176131,0.951629886177392,-0.951629886177392,27.7,"played",NA,NA,NA,278,"Q4"
"6131",6131,"SouthernBethune Cookman1-12",2026-01-12,"conf","Southern","Bethune Cookman","SWAC","SWAC","A","W","77-73",0.265907681407748,0.390499707456399,0.789142831518436,0.853832094366351,0.146167905633649,37.8,"played",NA,NA,NA,268,"Q4"
"6132",6132,"Texas A&M Corpus ChrisEast Texas A&M1-12",2026-01-12,"conf","East Texas A&M","Texas A&M Corpus Chris","Slnd","Slnd","H","L","50-61",0.343115860118082,0.415344559057257,0.87694452176131,0.909349881209777,-0.909349881209777,10.2,"played",NA,NA,NA,181,"Q4"
"6133",6133,"Texas A&M Corpus ChrisEast Texas A&M1-12",2026-01-12,"conf","Texas A&M Corpus Chris","East Texas A&M","Slnd","Slnd","A","W","61-50",0.415344559057257,0.343115860118082,0.789142831518436,0.877525786598482,0.122474213401518,76.6,"played",NA,NA,NA,277,"Q4"
"6134",6134,"UT Rio Grande ValleyNorthwestern St.1-12",2026-01-12,"conf","Northwestern St.","UT Rio Grande Valley","Slnd","Slnd","H","W","64-63",0.284845739227625,0.397957356960562,0.87694452176131,0.915118069533995,0.0848819304660049,34.9,"played",NA,NA,NA,194,"Q4"
"6135",6135,"UT Rio Grande ValleyNorthwestern St.1-12",2026-01-12,"conf","UT Rio Grande Valley","Northwestern St.","Slnd","Slnd","A","L","63-64",0.397957356960562,0.284845739227625,0.789142831518436,0.903812007986627,-0.903812007986627,32.9,"played",NA,NA,NA,306,"Q4"
"6136",6136,"Air ForceSan Jose St.1-13",2026-01-13,"conf","Air Force","San Jose St.","MWC","MWC","A","L","62-70",0.105682919431014,0.426462166380668,0.789142831518436,0.834251951782731,-0.834251951782731,16.2,"played",NA,NA,NA,259,"Q4"
"6137",6137,"Air ForceSan Jose St.1-13",2026-01-13,"conf","San Jose St.","Air Force","MWC","MWC","H","W","70-62",0.426462166380668,0.105682919431014,0.87694452176131,0.983688285585496,0.0163117144145042,31.2,"played",NA,NA,NA,336,"Q4"
"6138",6138,"AlabamaMississippi St.1-13",2026-01-13,"conf","Alabama","Mississippi St.","SEC","SEC","A","W","97-82",0.916668476253729,0.769828564240354,0.789142831518436,0.528076163539221,0.471923836460779,91.9,"played",NA,NA,NA,99,"Q2"
"6139",6139,"AlabamaMississippi St.1-13",2026-01-13,"conf","Mississippi St.","Alabama","SEC","SEC","H","L","82-97",0.769828564240354,0.916668476253729,0.87694452176131,0.393145203996765,-0.393145203996765,76.4,"played",NA,NA,NA,19,"Q1"
"6140",6140,"Ball St.Akron1-13",2026-01-13,"conf","Akron","Ball St.","MAC","MAC","H","W","87-77",0.848029041448943,0.175570369203068,0.87694452176131,0.970983935499258,0.0290160645007421,61.9,"played",NA,NA,NA,316,"Q4"
"6141",6141,"Ball St.Akron1-13",2026-01-13,"conf","Ball St.","Akron","MAC","MAC","A","L","77-87",0.175570369203068,0.848029041448943,0.789142831518436,0.401442307127826,-0.401442307127826,42.3,"played",NA,NA,NA,54,"Q1"
"6142",6142,"BaylorOklahoma St.1-13",2026-01-13,"conf","Baylor","Oklahoma St.","B12","B12","A","W","94-79",0.740905781509242,0.819344264260517,0.789142831518436,0.452111051323319,0.547888948676681,98.1,"played",NA,NA,NA,73,"Q1"
"6143",6143,"BaylorOklahoma St.1-13",2026-01-13,"conf","Oklahoma St.","Baylor","B12","B12","H","L","79-94",0.819344264260517,0.740905781509242,0.87694452176131,0.713639564464455,-0.713639564464455,19.9,"played",NA,NA,NA,53,"Q2"
"6144",6144,"Boise St.UNLV1-13",2026-01-13,"conf","Boise St.","UNLV","MWC","MWC","A","L","85-89",0.719435859842334,0.708634239033289,0.789142831518436,0.606113922037165,-0.606113922037165,65,"played",NA,NA,NA,127,"Q2"
"6145",6145,"Boise St.UNLV1-13",2026-01-13,"conf","UNLV","Boise St.","MWC","MWC","H","W","89-85",0.708634239033289,0.719435859842334,0.87694452176131,0.735389901479989,0.264610098520011,77,"played",NA,NA,NA,71,"Q2"
"6146",6146,"Boston CollegeClemson1-13",2026-01-13,"conf","Boston College","Clemson","ACC","ACC","A","L","50-74",0.452301733460503,0.937538780726441,0.789142831518436,0.199576091999099,-0.199576091999099,30.8,"played",NA,NA,NA,32,"Q1"
"6147",6147,"Boston CollegeClemson1-13",2026-01-13,"conf","Clemson","Boston College","ACC","ACC","H","W","74-50",0.937538780726441,0.452301733460503,0.87694452176131,0.896152158479263,0.103847841520737,96.5,"played",NA,NA,NA,157,"Q3"
"6148",6148,"BradleyEvansville1-13",2026-01-13,"conf","Bradley","Evansville","MVC","MVC","A","W","94-90",0.472493714824135,0.316297971986588,0.789142831518436,0.88998656064279,0.110013439357211,32.4,"played",NA,NA,NA,284,"Q4"
"6149",6149,"BradleyEvansville1-13",2026-01-13,"conf","Evansville","Bradley","MVC","MVC","H","L","90-94",0.316297971986588,0.472493714824135,0.87694452176131,0.888344836283847,-0.888344836283847,46.3,"played",NA,NA,NA,124,"Q3"
"6150",6150,"Central MichiganMiami OH1-13",2026-01-13,"conf","Central Michigan","Miami OH","MAC","MAC","A","L","61-100",0.143586134959525,0.813854927875804,0.789142831518436,0.461205767573537,-0.461205767573537,6.4,"played",NA,NA,NA,49,"Q1"
"6151",6151,"Central MichiganMiami OH1-13",2026-01-13,"conf","Miami OH","Central Michigan","MAC","MAC","H","W","100-61",0.813854927875804,0.143586134959525,0.87694452176131,0.977014256827904,0.0229857431720957,91.4,"played",NA,NA,NA,329,"Q4"
"6152",6152,"Colorado St.Fresno St.1-13",2026-01-13,"conf","Colorado St.","Fresno St.","MWC","MWC","A","L","69-79",0.62699617671433,0.639155744766348,0.789142831518436,0.678756847319588,-0.678756847319588,24.7,"played",NA,NA,NA,139,"Q3"
"6153",6153,"Colorado St.Fresno St.1-13",2026-01-13,"conf","Fresno St.","Colorado St.","MWC","MWC","H","W","79-69",0.639155744766348,0.62699617671433,0.87694452176131,0.809143842490246,0.190856157509754,90.1,"played",NA,NA,NA,92,"Q3"
"6154",6154,"ConnecticutSeton Hall1-13",2026-01-13,"conf","Connecticut","Seton Hall","BE","BE","A","W","69-64",0.948353630627273,0.873855128810157,0.789142831518436,0.350756125662828,0.649243874337172,96.5,"played",NA,NA,NA,45,"Q1"
"6155",6155,"ConnecticutSeton Hall1-13",2026-01-13,"conf","Seton Hall","Connecticut","BE","BE","H","L","64-69",0.873855128810157,0.948353630627273,0.87694452176131,0.279589420810512,-0.279589420810512,82,"played",NA,NA,NA,8,"Q1"
"6156",6156,"DaytonDuquesne1-13",2026-01-13,"conf","Dayton","Duquesne","A10","A10","A","W","71-65",0.686412835074481,0.664548733997581,0.789142831518436,0.653879211488026,0.346120788511974,86,"played",NA,NA,NA,155,"Q3"
"6157",6157,"DaytonDuquesne1-13",2026-01-13,"conf","Duquesne","Dayton","A10","A10","H","L","65-71",0.664548733997581,0.686412835074481,0.87694452176131,0.765020894183328,-0.765020894183328,41.3,"played",NA,NA,NA,80,"Q3"
"6158",6158,"Florida St.Syracuse1-13",2026-01-13,"conf","Florida St.","Syracuse","ACC","ACC","A","L","86-94",0.567618274698031,0.839475742553748,0.789142831518436,0.417130023189949,-0.417130023189949,73.9,"played",NA,NA,NA,77,"Q2"
"6159",6159,"Florida St.Syracuse1-13",2026-01-13,"conf","Syracuse","Florida St.","ACC","ACC","H","W","94-86",0.839475742553748,0.567618274698031,0.87694452176131,0.844443407314126,0.155556592685874,70.8,"played",NA,NA,NA,115,"Q3"
"6160",6160,"FloridaOklahoma1-13",2026-01-13,"conf","Florida","Oklahoma","SEC","SEC","A","W","96-79",0.940366182041113,0.795763730228384,0.789142831518436,0.489936745058446,0.510063254941554,98.4,"played",NA,NA,NA,76,"Q2"
"6161",6161,"FloridaOklahoma1-13",2026-01-13,"conf","Oklahoma","Florida","SEC","SEC","H","L","79-96",0.795763730228384,0.940366182041113,0.87694452176131,0.311259394238092,-0.311259394238092,49.7,"played",NA,NA,NA,14,"Q1"
"6162",6162,"George MasonLoyola Chicago1-13",2026-01-13,"conf","George Mason","Loyola Chicago","A10","A10","A","W","82-74",0.622989999921908,0.28923647413666,0.789142831518436,0.901930542270354,0.0980694577296459,35.9,"played",NA,NA,NA,315,"Q4"
"6163",6163,"George MasonLoyola Chicago1-13",2026-01-13,"conf","Loyola Chicago","George Mason","A10","A10","H","L","74-82",0.28923647413666,0.622989999921908,0.87694452176131,0.811769579931046,-0.811769579931046,54.6,"played",NA,NA,NA,63,"Q2"
"6164",6164,"GeorgetownCreighton1-13",2026-01-13,"conf","Creighton","Georgetown","BE","BE","H","W","86-83",0.853766094479856,0.594254951891872,0.87694452176131,0.829519401147896,0.170480598852104,62.3,"played",NA,NA,NA,118,"Q3"
"6165",6165,"GeorgetownCreighton1-13",2026-01-13,"conf","Georgetown","Creighton","BE","BE","A","L","83-86",0.594254951891872,0.853766094479856,0.789142831518436,0.390625558612227,-0.390625558612227,83.8,"played",NA,NA,NA,58,"Q1"
"6166",6166,"Grand CanyonNew Mexico1-13",2026-01-13,"conf","Grand Canyon","New Mexico","MWC","MWC","A","L","64-87",0.739302448616464,0.889177912187195,0.789142831518436,0.318080985198017,-0.318080985198017,40.5,"played",NA,NA,NA,42,"Q1"
"6167",6167,"Grand CanyonNew Mexico1-13",2026-01-13,"conf","New Mexico","Grand Canyon","MWC","MWC","H","W","87-64",0.889177912187195,0.739302448616464,0.87694452176131,0.715339957295419,0.284660042704581,97.1,"played",NA,NA,NA,86,"Q3"
"6168",6168,"Illinois ChicagoNorthern Iowa1-13",2026-01-13,"conf","Illinois Chicago","Northern Iowa","MVC","MVC","A","W","69-61",0.500741447619587,0.757436564872932,0.789142831518436,0.545149141228804,0.454850858771196,85.5,"played",NA,NA,NA,102,"Q2"
"6169",6169,"Illinois ChicagoNorthern Iowa1-13",2026-01-13,"conf","Northern Iowa","Illinois Chicago","MVC","MVC","H","L","61-69",0.757436564872932,0.500741447619587,0.87694452176131,0.876624116731868,-0.876624116731868,34.7,"played",NA,NA,NA,161,"Q4"
"6170",6170,"IndianaMichigan St.1-13",2026-01-13,"conf","Indiana","Michigan St.","B10","B10","A","L","60-81",0.873086517947804,0.96316998011938,0.789142831518436,0.125192612565118,-0.125192612565118,77.9,"played",NA,NA,NA,11,"Q1"
"6171",6171,"IndianaMichigan St.1-13",2026-01-13,"conf","Michigan St.","Indiana","B10","B10","H","W","81-60",0.96316998011938,0.873086517947804,0.87694452176131,0.508818932948501,0.491181067051499,98.1,"played",NA,NA,NA,38,"Q2"
"6172",6172,"Iowa St.Kansas1-13",2026-01-13,"conf","Iowa St.","Kansas","B12","B12","A","L","63-84",0.932186105100022,0.958273819187545,0.789142831518436,0.140126652159027,-0.140126652159027,41.2,"played",NA,NA,NA,18,"Q1"
"6173",6173,"Iowa St.Kansas1-13",2026-01-13,"conf","Kansas","Iowa St.","B12","B12","H","W","84-63",0.958273819187545,0.932186105100022,0.87694452176131,0.341423525966652,0.658576474033348,99.8,"played",NA,NA,NA,6,"Q1"
"6174",6174,"Kent St.Buffalo1-13",2026-01-13,"conf","Buffalo","Kent St.","MAC","MAC","H","L","81-87",0.546556873185776,0.481287807626764,0.87694452176131,0.884800030107753,-0.884800030107753,22.5,"played",NA,NA,NA,148,"Q3"
"6175",6175,"Kent St.Buffalo1-13",2026-01-13,"conf","Kent St.","Buffalo","MAC","MAC","A","W","87-81",0.481287807626764,0.546556873185776,0.789142831518436,0.756391714958197,0.243608285041803,79.4,"played",NA,NA,NA,165,"Q3"
"6176",6176,"MarquetteSt. John's1-13",2026-01-13,"conf","Marquette","St. John's","BE","BE","A","L","68-92",0.526647022481542,0.941505441293299,0.789142831518436,0.188653986484811,-0.188653986484811,49.5,"played",NA,NA,NA,23,"Q1"
"6177",6177,"MarquetteSt. John's1-13",2026-01-13,"conf","St. John's","Marquette","BE","BE","H","W","92-68",0.941505441293299,0.526647022481542,0.87694452176131,0.864960820902639,0.135039179097361,94.8,"played",NA,NA,NA,142,"Q3"
"6178",6178,"MarylandUSC1-13",2026-01-13,"conf","Maryland","USC","B10","B10","A","L","71-88",0.573049543206266,0.850928400566256,0.789142831518436,0.396005997866024,-0.396005997866024,54.2,"played",NA,NA,NA,56,"Q1"
"6179",6179,"MarylandUSC1-13",2026-01-13,"conf","USC","Maryland","B10","B10","H","W","88-71",0.850928400566256,0.573049543206266,0.87694452176131,0.841509712207793,0.158490287792207,86.6,"played",NA,NA,NA,152,"Q3"
"6180",6180,"MassachusettsWestern Michigan1-13",2026-01-13,"conf","Massachusetts","Western Michigan","MAC","MAC","A","W","85-82",0.413278035203541,0.39706717406787,0.789142831518436,0.850365000236185,0.149634999763815,54.6,"played",NA,NA,NA,256,"Q4"
"6181",6181,"MassachusettsWestern Michigan1-13",2026-01-13,"conf","Western Michigan","Massachusetts","MAC","MAC","H","L","82-85",0.39706717406787,0.413278035203541,0.87694452176131,0.910049454018875,-0.910049454018875,27.9,"played",NA,NA,NA,195,"Q4"
"6182",6182,"Miami FLNotre Dame1-13",2026-01-13,"conf","Miami FL","Notre Dame","ACC","ACC","A","W","81-69",0.797942523828166,0.775906977662226,0.789142831518436,0.519438937310661,0.480561062689339,94,"played",NA,NA,NA,81,"Q2"
"6183",6183,"Miami FLNotre Dame1-13",2026-01-13,"conf","Notre Dame","Miami FL","ACC","ACC","H","L","69-81",0.775906977662226,0.797942523828166,0.87694452176131,0.643439496156293,-0.643439496156293,46.6,"played",NA,NA,NA,37,"Q2"
"6184",6184,"Northern IllinoisEastern Michigan1-13",2026-01-13,"conf","Eastern Michigan","Northern Illinois","MAC","MAC","H","W","77-59",0.534059422473723,0.136539414444762,0.87694452176131,0.978292340323179,0.0217076596768214,46.5,"played",NA,NA,NA,312,"Q4"
"6185",6185,"Northern IllinoisEastern Michigan1-13",2026-01-13,"conf","Northern Illinois","Eastern Michigan","MAC","MAC","A","L","59-77",0.136539414444762,0.534059422473723,0.789142831518436,0.765543748596947,-0.765543748596947,17.3,"played",NA,NA,NA,179,"Q3"
"6186",6186,"OhioToledo1-13",2026-01-13,"conf","Ohio","Toledo","MAC","MAC","A","L","85-101",0.300680871365136,0.565070766531367,0.789142831518436,0.742307911949207,-0.742307911949207,26.8,"played",NA,NA,NA,169,"Q3"
"6187",6187,"OhioToledo1-13",2026-01-13,"conf","Toledo","Ohio","MAC","MAC","H","W","101-85",0.565070766531367,0.300680871365136,0.87694452176131,0.943099418758103,0.0569005812418973,60.4,"played",NA,NA,NA,216,"Q4"
"6188",6188,"OregonNebraska1-13",2026-01-13,"conf","Nebraska","Oregon","B10","B10","H","W","90-55",0.960111303481749,0.695409733355037,0.87694452176131,0.757362731797896,0.242637268202104,99,"played",NA,NA,NA,104,"Q3"
"6189",6189,"OregonNebraska1-13",2026-01-13,"conf","Oregon","Nebraska","B10","B10","A","L","55-90",0.695409733355037,0.960111303481749,0.789142831518436,0.134564422606148,-0.134564422606148,36.7,"played",NA,NA,NA,7,"Q1"
"6190",6190,"Saint Mary'sSan Francisco1-13",2026-01-13,"conf","Saint Mary's","San Francisco","WCC","WCC","A","W","82-68",0.839624194120796,0.739588765971914,0.789142831518436,0.568549132866206,0.431450867133794,96.3,"played",NA,NA,NA,107,"Q2"
"6191",6191,"Saint Mary'sSan Francisco1-13",2026-01-13,"conf","San Francisco","Saint Mary's","WCC","WCC","H","L","68-82",0.739588765971914,0.839624194120796,0.87694452176131,0.576488293922997,-0.576488293922997,36.4,"played",NA,NA,NA,28,"Q1"
"6192",6192,"Texas A&MTennessee1-13",2026-01-13,"conf","Tennessee","Texas A&M","SEC","SEC","H","W","87-82",0.951108153148531,0.85060177721884,0.87694452176131,0.555885454080178,0.444114545919822,86.5,"played",NA,NA,NA,41,"Q2"
"6193",6193,"Texas A&MTennessee1-13",2026-01-13,"conf","Texas A&M","Tennessee","SEC","SEC","A","L","82-87",0.85060177721884,0.951108153148531,0.789142831518436,0.161345502513521,-0.161345502513521,94.5,"played",NA,NA,NA,26,"Q1"
"6194",6194,"ValparaisoBelmont1-13",2026-01-13,"conf","Belmont","Valparaiso","MVC","MVC","H","W","78-74",0.80633083929574,0.458749949196083,0.87694452176131,0.893707567155318,0.106292432844682,64.7,"played",NA,NA,NA,171,"Q4"
"6195",6195,"ValparaisoBelmont1-13",2026-01-13,"conf","Valparaiso","Belmont","MVC","MVC","A","L","74-78",0.458749949196083,0.80633083929574,0.789142831518436,0.473381084368494,-0.473381084368494,65.8,"played",NA,NA,NA,64,"Q1"
"6196",6196,"VillanovaProvidence1-13",2026-01-13,"conf","Providence","Villanova","BE","BE","H","L","82-88",0.803485279294478,0.84811313237523,0.87694452176131,0.560681993494687,-0.560681993494687,62.1,"played",NA,NA,NA,33,"Q2"
"6197",6197,"VillanovaProvidence1-13",2026-01-13,"conf","Villanova","Providence","BE","BE","A","W","88-82",0.84811313237523,0.803485279294478,0.789142831518436,0.477900616033965,0.522099383966035,93.3,"played",NA,NA,NA,89,"Q2"
"6198",6198,"VirginiaLouisville1-13",2026-01-13,"conf","Louisville","Virginia","ACC","ACC","H","L","70-79",0.960766906153242,0.941543118572919,0.87694452176131,0.306736242269756,-0.306736242269756,72.5,"played",NA,NA,NA,13,"Q1"
"6199",6199,"VirginiaLouisville1-13",2026-01-13,"conf","Virginia","Louisville","ACC","ACC","A","W","79-70",0.941543118572919,0.960766906153242,0.789142831518436,0.132567603493666,0.867432396506334,99.3,"played",NA,NA,NA,15,"Q1"
"6200",6200,"West VirginiaHouston1-13",2026-01-13,"conf","Houston","West Virginia","B12","B12","H","W","77-48",0.978859960512281,0.780378589803463,0.87694452176131,0.667285774701098,0.332714225298902,99.8,"played",NA,NA,NA,59,"Q2"
"6201",6201,"West VirginiaHouston1-13",2026-01-13,"conf","West Virginia","Houston","B12","B12","A","L","48-77",0.780378589803463,0.978859960512281,0.789142831518436,0.0747819159995559,-0.0747819159995559,28.8,"played",NA,NA,NA,10,"Q1"
"6202",6202,"Western IllinoisEastern Illinois1-13",2026-01-13,"conf","Eastern Illinois","Western Illinois","OVC","OVC","H","W","57-55",0.254464105144106,0.0596043465683944,0.87694452176131,0.991184425486864,0.0088155745131363,14.3,"played",NA,NA,NA,356,"Q4"
"6203",6203,"Western IllinoisEastern Illinois1-13",2026-01-13,"conf","Western Illinois","Eastern Illinois","OVC","OVC","A","L","55-57",0.0596043465683944,0.254464105144106,0.789142831518436,0.916423012707536,-0.916423012707536,11.5,"played",NA,NA,NA,305,"Q4"
"6204",6204,"WisconsinMinnesota1-13",2026-01-13,"conf","Minnesota","Wisconsin","B10","B10","H","L","75-78",0.837995134981792,0.846803951575671,0.87694452176131,0.563174984065404,-0.563174984065404,83.6,"played",NA,NA,NA,36,"Q2"
"6205",6205,"WisconsinMinnesota1-13",2026-01-13,"conf","Wisconsin","Minnesota","B10","B10","A","W","78-75",0.846803951575671,0.837995134981792,0.789142831518436,0.419793884137052,0.580206115862948,84.9,"played",NA,NA,NA,83,"Q2"
"6206",6206,"Arizona St.Arizona1-14",2026-01-14,"conf","Arizona","Arizona St.","B12","B12","H","W","89-82",0.977752465301565,0.630271822278081,0.87694452176131,0.806967577765592,0.193032422234408,78.3,"played",NA,NA,NA,93,"Q3"
"6207",6207,"Arizona St.Arizona1-14",2026-01-14,"conf","Arizona St.","Arizona","B12","B12","A","L","82-89",0.630271822278081,0.977752465301565,0.789142831518436,0.0784743366007909,-0.0784743366007909,95.4,"played",NA,NA,NA,3,"Q1"
"6208",6208,"ArmyHoly Cross1-14",2026-01-14,"conf","Army","Holy Cross","Pat","Pat","A","L","75-82",0.121286957424866,0.203196040881925,0.789142831518436,0.936207636608896,-0.936207636608896,6,"played",NA,NA,NA,314,"Q4"
"6209",6209,"ArmyHoly Cross1-14",2026-01-14,"conf","Holy Cross","Army","Pat","Pat","H","W","82-75",0.203196040881925,0.121286957424866,0.87694452176131,0.980999516370392,0.0190004836296076,35.6,"played",NA,NA,NA,320,"Q4"
"6210",6210,"AuburnMissouri1-14",2026-01-14,"conf","Auburn","Missouri","SEC","SEC","A","L","74-84",0.84883999378349,0.837628198528992,0.789142831518436,0.42045174979891,-0.42045174979891,62.1,"played",NA,NA,NA,70,"Q1"
"6211",6211,"AuburnMissouri1-14",2026-01-14,"conf","Missouri","Auburn","SEC","SEC","H","W","84-74",0.837628198528992,0.84883999378349,0.87694452176131,0.559288913239661,0.440711086760339,94.7,"played",NA,NA,NA,34,"Q2"
"6212",6212,"ButlerXavier1-14",2026-01-14,"conf","Butler","Xavier","BE","BE","A","L","75-89",0.761292597156938,0.780139218822579,0.789142831518436,0.513318973154326,-0.513318973154326,27.2,"played",NA,NA,NA,94,"Q2"
"6213",6213,"ButlerXavier1-14",2026-01-14,"conf","Xavier","Butler","BE","BE","H","W","89-75",0.780139218822579,0.761292597156938,0.87694452176131,0.690835707123408,0.309164292876592,96.8,"played",NA,NA,NA,48,"Q2"
"6214",6214,"ChattanoogaWofford1-14",2026-01-14,"conf","Chattanooga","Wofford","SC","SC","A","W","76-67",0.193922737600882,0.427054957226168,0.789142831518436,0.833916616644165,0.166083383355835,54.8,"played",NA,NA,NA,225,"Q3"
"6215",6215,"ChattanoogaWofford1-14",2026-01-14,"conf","Wofford","Chattanooga","SC","SC","H","L","67-76",0.427054957226168,0.193922737600882,0.87694452176131,0.967344083601197,-0.967344083601197,12.9,"played",NA,NA,NA,280,"Q4"
"6216",6216,"Coastal CarolinaMarshall1-14",2026-01-14,"conf","Coastal Carolina","Marshall","SB","SB","A","W","85-83",0.252170326443001,0.564591704093553,0.789142831518436,0.74268055731084,0.25731944268916,72.3,"played",NA,NA,NA,138,"Q3"
"6217",6217,"Coastal CarolinaMarshall1-14",2026-01-14,"conf","Marshall","Coastal Carolina","SB","SB","H","L","83-85",0.564591704093553,0.252170326443001,0.87694452176131,0.954820456841901,-0.954820456841901,14.4,"played",NA,NA,NA,235,"Q4"
"6218",6218,"ColgateLoyola MD1-14",2026-01-14,"conf","Colgate","Loyola MD","Pat","Pat","A","W","86-80",0.363069644263239,0.162152229273016,0.789142831518436,0.95083072908287,0.0491692709171297,29,"played",NA,NA,NA,340,"Q4"
"6219",6219,"ColgateLoyola MD1-14",2026-01-14,"conf","Loyola MD","Colgate","Pat","Pat","H","L","80-86",0.162152229273016,0.363069644263239,0.87694452176131,0.925935900293245,-0.925935900293245,21.3,"played",NA,NA,NA,196,"Q4"
"6220",6220,"ColoradoCincinnati1-14",2026-01-14,"conf","Cincinnati","Colorado","B12","B12","H","W","77-68",0.873465038086542,0.640434349812151,0.87694452176131,0.800042273749593,0.199957726250407,95.6,"played",NA,NA,NA,78,"Q3"
"6221",6221,"ColoradoCincinnati1-14",2026-01-14,"conf","Colorado","Cincinnati","B12","B12","A","L","68-77",0.640434349812151,0.873465038086542,0.789142831518436,0.351561364376916,-0.351561364376916,36.3,"played",NA,NA,NA,72,"Q1"
"6222",6222,"DavidsonGeorge Washington1-14",2026-01-14,"conf","Davidson","George Washington","A10","A10","A","W","84-79",0.541996731296271,0.805846857394486,0.789142831518436,0.474153029460988,0.525846970539012,94.7,"played",NA,NA,NA,75,"Q1"
"6223",6223,"DavidsonGeorge Washington1-14",2026-01-14,"conf","George Washington","Davidson","A10","A10","H","L","79-84",0.805846857394486,0.541996731296271,0.87694452176131,0.857591084116218,-0.857591084116218,21.7,"played",NA,NA,NA,119,"Q3"
"6224",6224,"DrakeSouthern Illinois1-14",2026-01-14,"conf","Drake","Southern Illinois","MVC","MVC","A","W","76-73",0.380317101596354,0.58926743721773,0.789142831518436,0.722887195145564,0.277112804854436,55.3,"played",NA,NA,NA,143,"Q3"
"6225",6225,"DrakeSouthern Illinois1-14",2026-01-14,"conf","Southern Illinois","Drake","MVC","MVC","H","L","73-76",0.58926743721773,0.380317101596354,0.87694452176131,0.920708383048696,-0.920708383048696,41.6,"played",NA,NA,NA,166,"Q4"
"6226",6226,"DukeCalifornia1-14",2026-01-14,"conf","California","Duke","ACC","ACC","H","L","56-71",0.828977030903702,0.939287290689777,0.87694452176131,0.315363975570193,-0.315363975570193,76.1,"played",NA,NA,NA,2,"Q1"
"6227",6227,"DukeCalifornia1-14",2026-01-14,"conf","Duke","California","ACC","ACC","A","W","71-56",0.939287290689777,0.828977030903702,0.789142831518436,0.435700951290163,0.564299048709837,95.9,"played",NA,NA,NA,60,"Q1"
"6228",6228,"East CarolinaSouth Florida1-14",2026-01-14,"conf","East Carolina","South Florida","Amer","Amer","A","L","71-82",0.157608291479868,0.827671121247399,0.789142831518436,0.437960160751415,-0.437960160751415,34,"played",NA,NA,NA,66,"Q1"
"6229",6229,"East CarolinaSouth Florida1-14",2026-01-14,"conf","South Florida","East Carolina","Amer","Amer","H","W","82-71",0.827671121247399,0.157608291479868,0.87694452176131,0.974417735158404,0.0255822648415964,63.5,"played",NA,NA,NA,299,"Q4"
"6230",6230,"East Tennessee St.Western Carolina1-14",2026-01-14,"conf","East Tennessee St.","Western Carolina","SC","SC","A","L","68-72",0.448888433472161,0.307831220822344,0.789142831518436,0.89378923595296,-0.89378923595296,24.6,"played",NA,NA,NA,289,"Q4"
"6231",6231,"East Tennessee St.Western Carolina1-14",2026-01-14,"conf","Western Carolina","East Tennessee St.","SC","SC","H","W","72-68",0.307831220822344,0.448888433472161,0.87694452176131,0.897428314939119,0.102571685060881,52.6,"played",NA,NA,NA,129,"Q3"
"6232",6232,"FIUKennesaw St.1-14",2026-01-14,"conf","FIU","Kennesaw St.","CUSA","CUSA","A","L","86-89",0.408547275216062,0.57740333990607,0.789142831518436,0.732558726349593,-0.732558726349593,59,"played",NA,NA,NA,159,"Q3"
"6233",6233,"FIUKennesaw St.1-14",2026-01-14,"conf","Kennesaw St.","FIU","CUSA","CUSA","H","W","89-86",0.57740333990607,0.408547275216062,0.87694452176131,0.911636516667524,0.0883634833324762,39.6,"played",NA,NA,NA,198,"Q4"
"6234",6234,"FordhamSaint Louis1-14",2026-01-14,"conf","Fordham","Saint Louis","A10","A10","A","L","56-78",0.363206300265358,0.934398970437872,0.789142831518436,0.20807868025584,-0.20807868025584,34.3,"played",NA,NA,NA,22,"Q1"
"6235",6235,"FordhamSaint Louis1-14",2026-01-14,"conf","Saint Louis","Fordham","A10","A10","H","W","78-56",0.934398970437872,0.363206300265358,0.87694452176131,0.925895367207,0.0741046327929997,94,"played",NA,NA,NA,226,"Q4"
"6236",6236,"FurmanSamford1-14",2026-01-14,"conf","Furman","Samford","SC","SC","A","W","77-73",0.389531071962605,0.283895640638759,0.789142831518436,0.904217121017145,0.0957828789828551,39.2,"played",NA,NA,NA,269,"Q4"
"6237",6237,"FurmanSamford1-14",2026-01-14,"conf","Samford","Furman","SC","SC","H","L","73-77",0.283895640638759,0.389531071962605,0.87694452176131,0.917820216149874,-0.917820216149874,28.2,"played",NA,NA,NA,189,"Q4"
"6238",6238,"High PointWinthrop1-14",2026-01-14,"conf","High Point","Winthrop","BSth","BSth","A","L","75-92",0.620370956724355,0.589293391463423,0.789142831518436,0.72286571295832,-0.72286571295832,7.4,"played",NA,NA,NA,130,"Q2"
"6239",6239,"High PointWinthrop1-14",2026-01-14,"conf","Winthrop","High Point","BSth","BSth","H","W","92-75",0.589293391463423,0.620370956724355,0.87694452176131,0.813465209380118,0.186534790619882,96.7,"played",NA,NA,NA,90,"Q3"
"6240",6240,"Illinois St.Indiana St.1-14",2026-01-14,"conf","Illinois St.","Indiana St.","MVC","MVC","A","L","89-94",0.699786014575313,0.52112194682298,0.789142831518436,0.774732331268569,-0.774732331268569,27.8,"played",NA,NA,NA,205,"Q3"
"6241",6241,"Illinois St.Indiana St.1-14",2026-01-14,"conf","Indiana St.","Illinois St.","MVC","MVC","H","W","94-89",0.52112194682298,0.699786014575313,0.87694452176131,0.753530147840397,0.246469852159603,86.8,"played",NA,NA,NA,79,"Q3"
"6242",6242,"IllinoisNorthwestern1-14",2026-01-14,"conf","Illinois","Northwestern","B10","B10","A","W","79-68",0.944572611131982,0.848307220201776,0.789142831518436,0.400923368847485,0.599076631152515,95.8,"played",NA,NA,NA,69,"Q1"
"6243",6243,"IllinoisNorthwestern1-14",2026-01-14,"conf","Northwestern","Illinois","B10","B10","H","L","68-79",0.848307220201776,0.944572611131982,0.87694452176131,0.294869444924917,-0.294869444924917,80.5,"played",NA,NA,NA,9,"Q1"
"6244",6244,"IonaRider1-14",2026-01-14,"conf","Iona","Rider","MAAC","MAAC","A","L","68-72",0.289732912826144,0.124145130175934,0.789142831518436,0.963508975356504,-0.963508975356504,3.3,"played",NA,NA,NA,357,"Q4"
"6245",6245,"IonaRider1-14",2026-01-14,"conf","Rider","Iona","MAAC","MAAC","H","W","72-68",0.124145130175934,0.289732912826144,0.87694452176131,0.945858398301721,0.054141601698279,62.6,"played",NA,NA,NA,218,"Q4"
"6246",6246,"IowaPurdue1-14",2026-01-14,"conf","Iowa","Purdue","B10","B10","A","L","72-79",0.910684041262198,0.968858276411217,0.789142831518436,0.107378422298164,-0.107378422298164,95.3,"played",NA,NA,NA,5,"Q1"
"6247",6247,"IowaPurdue1-14",2026-01-14,"conf","Purdue","Iowa","B10","B10","H","W","79-72",0.968858276411217,0.910684041262198,0.87694452176131,0.411393574304387,0.588606425695613,93.9,"played",NA,NA,NA,21,"Q1"
"6248",6248,"KentuckyLSU1-14",2026-01-14,"conf","Kentucky","LSU","SEC","SEC","A","W","75-74",0.817212751797622,0.86991035902452,0.789142831518436,0.358840545849542,0.641159454150458,79.9,"played",NA,NA,NA,50,"Q1"
"6249",6249,"KentuckyLSU1-14",2026-01-14,"conf","LSU","Kentucky","SEC","SEC","H","L","74-75",0.86991035902452,0.817212751797622,0.87694452176131,0.614491502801326,-0.614491502801326,88.3,"played",NA,NA,NA,31,"Q2"
"6250",6250,"La SalleRichmond1-14",2026-01-14,"conf","La Salle","Richmond","A10","A10","A","L","53-74",0.347282363436385,0.660447080764919,0.789142831518436,0.658019120873694,-0.658019120873694,10.3,"played",NA,NA,NA,126,"Q2"
"6251",6251,"La SalleRichmond1-14",2026-01-14,"conf","Richmond","La Salle","A10","A10","H","W","74-53",0.660447080764919,0.347282363436385,0.87694452176131,0.930527128014643,0.0694728719853572,90,"played",NA,NA,NA,227,"Q4"
"6252",6252,"LafayetteBucknell1-14",2026-01-14,"conf","Bucknell","Lafayette","Pat","Pat","H","W","76-69",0.217206619977822,0.147463233359836,0.87694452176131,0.976303494184094,0.023696505815906,25.1,"played",NA,NA,NA,328,"Q4"
"6253",6253,"LafayetteBucknell1-14",2026-01-14,"conf","Lafayette","Bucknell","Pat","Pat","A","L","69-76",0.147463233359836,0.217206619977822,0.789142831518436,0.930976439518599,-0.930976439518599,12.5,"played",NA,NA,NA,333,"Q4"
"6254",6254,"LehighBoston University1-14",2026-01-14,"conf","Boston University","Lehigh","Pat","Pat","H","L","91-93",0.285090150805246,0.155993773443698,0.87694452176131,0.974720382753838,-0.974720382753838,7.7,"played",NA,NA,NA,298,"Q4"
"6255",6255,"LehighBoston University1-14",2026-01-14,"conf","Lehigh","Boston University","Pat","Pat","A","W","93-91",0.155993773443698,0.285090150805246,0.789142831518436,0.903707677893,0.0962923221069998,47,"played",NA,NA,NA,292,"Q4"
"6256",6256,"LouisianaTexas St.1-14",2026-01-14,"conf","Louisiana","Texas St.","SB","SB","A","L","54-59",0.137657594317457,0.382567816926111,0.789142831518436,0.857957670648498,-0.857957670648498,13.5,"played",NA,NA,NA,265,"Q4"
"6257",6257,"LouisianaTexas St.1-14",2026-01-14,"conf","Texas St.","Louisiana","SB","SB","H","W","59-54",0.382567816926111,0.137657594317457,0.87694452176131,0.978090705272969,0.021909294727031,38.7,"played",NA,NA,NA,334,"Q4"
"6258",6258,"Loyola MarymountOregon St.1-14",2026-01-14,"conf","Loyola Marymount","Oregon St.","WCC","WCC","A","L","70-76",0.409607691238367,0.48746862199899,0.789142831518436,0.797364378973173,-0.797364378973173,33.6,"played",NA,NA,NA,213,"Q3"
"6259",6259,"Loyola MarymountOregon St.1-14",2026-01-14,"conf","Oregon St.","Loyola Marymount","WCC","WCC","H","W","76-70",0.48746862199899,0.409607691238367,0.87694452176131,0.911282503732018,0.0887174962679816,56.6,"played",NA,NA,NA,170,"Q4"
"6260",6260,"ManhattanFairfield1-14",2026-01-14,"conf","Fairfield","Manhattan","MAAC","MAAC","H","W","98-62",0.35586849615359,0.115503480599443,0.87694452176131,0.982005422167543,0.0179945778324567,92.4,"played",NA,NA,NA,330,"Q4"
"6261",6261,"ManhattanFairfield1-14",2026-01-14,"conf","Manhattan","Fairfield","MAAC","MAAC","A","L","62-98",0.115503480599443,0.35586849615359,0.789142831518436,0.871367911823899,-0.871367911823899,0.6,"played",NA,NA,NA,248,"Q4"
"6262",6262,"MichiganWashington1-14",2026-01-14,"conf","Michigan","Washington","B10","B10","A","W","82-72",0.976564220412699,0.850500833069505,0.789142831518436,0.396811542881163,0.603188457118837,96.7,"played",NA,NA,NA,62,"Q1"
"6263",6263,"MichiganWashington1-14",2026-01-14,"conf","Washington","Michigan","B10","B10","H","L","72-82",0.850500833069505,0.976564220412699,0.87694452176131,0.146044441707653,-0.146044441707653,89,"played",NA,NA,NA,1,"Q1"
"6264",6264,"Middle TennesseeLouisiana Tech1-14",2026-01-14,"conf","Louisiana Tech","Middle Tennessee","CUSA","CUSA","H","W","59-58",0.333416655235645,0.617437484215807,0.87694452176131,0.815345086458109,0.184654913541891,42.9,"played",NA,NA,NA,111,"Q3"
"6265",6265,"Middle TennesseeLouisiana Tech1-14",2026-01-14,"conf","Middle Tennessee","Louisiana Tech","CUSA","CUSA","A","L","58-59",0.617437484215807,0.333416655235645,0.789142831518436,0.882107278744537,-0.882107278744537,51.8,"played",NA,NA,NA,264,"Q4"
"6266",6266,"MississippiGeorgia1-14",2026-01-14,"conf","Georgia","Mississippi","SEC","SEC","H","L","95-97",0.91600808149171,0.654298907124239,0.87694452176131,0.790148149620637,-0.790148149620637,63.4,"played",NA,NA,NA,87,"Q3"
"6267",6267,"MississippiGeorgia1-14",2026-01-14,"conf","Mississippi","Georgia","SEC","SEC","A","W","97-95",0.654298907124239,0.91600808149171,0.789142831518436,0.255490906957154,0.744509093042846,92.2,"played",NA,NA,NA,24,"Q1"
"6268",6268,"Missouri St.Western Kentucky1-14",2026-01-14,"conf","Missouri St.","Western Kentucky","CUSA","CUSA","A","L","72-87",0.459710378911034,0.539993818540962,0.789142831518436,0.761232506402088,-0.761232506402088,17.5,"played",NA,NA,NA,167,"Q3"
"6269",6269,"Missouri St.Western Kentucky1-14",2026-01-14,"conf","Western Kentucky","Missouri St.","CUSA","CUSA","H","W","87-72",0.539993818540962,0.459710378911034,0.87694452176131,0.893339623025375,0.106660376974625,82.5,"played",NA,NA,NA,191,"Q4"
"6270",6270,"NevadaUtah St.1-14",2026-01-14,"conf","Nevada","Utah St.","MWC","MWC","A","L","62-71",0.739452783455418,0.914720101774999,0.789142831518436,0.25866611800377,-0.25866611800377,76.5,"played",NA,NA,NA,25,"Q1"
"6271",6271,"NevadaUtah St.1-14",2026-01-14,"conf","Utah St.","Nevada","MWC","MWC","H","W","71-62",0.914720101774999,0.739452783455418,0.87694452176131,0.715181068389696,0.284818931610304,90.4,"played",NA,NA,NA,65,"Q2"
"6272",6272,"NiagaraCanisius1-14",2026-01-14,"conf","Canisius","Niagara","MAAC","MAAC","H","L","54-59",0.168655818164591,0.0710982537629475,0.87694452176131,0.989373790127263,-0.989373790127263,2.6,"played",NA,NA,NA,355,"Q4"
"6273",6273,"NiagaraCanisius1-14",2026-01-14,"conf","Niagara","Canisius","MAAC","MAAC","A","W","59-54",0.0710982537629475,0.168655818164591,0.789142831518436,0.948580548987064,0.051419451012936,36.8,"played",NA,NA,NA,342,"Q4"
"6274",6274,"North CarolinaStanford1-14",2026-01-14,"conf","North Carolina","Stanford","ACC","ACC","A","L","90-95",0.849603281638803,0.825268926203313,0.789142831518436,0.442087360782368,-0.442087360782368,82.2,"played",NA,NA,NA,68,"Q1"
"6275",6275,"North CarolinaStanford1-14",2026-01-14,"conf","Stanford","North Carolina","ACC","ACC","H","W","95-90",0.825268926203313,0.849603281638803,0.87694452176131,0.557819068404126,0.442180931595874,85.2,"played",NA,NA,NA,27,"Q1"
"6276",6276,"Oral RobertsDenver1-14",2026-01-14,"conf","Denver","Oral Roberts","Sum","Sum","H","W","98-87",0.405627761111882,0.14650394031066,0.87694452176131,0.976479859681162,0.0235201403188382,37.2,"played",NA,NA,NA,317,"Q4"
"6277",6277,"Oral RobertsDenver1-14",2026-01-14,"conf","Oral Roberts","Denver","Sum","Sum","A","L","87-98",0.14650394031066,0.405627761111882,0.789142831518436,0.845774407421677,-0.845774407421677,16.5,"played",NA,NA,NA,251,"Q4"
"6278",6278,"PacificSanta Clara1-14",2026-01-14,"conf","Pacific","Santa Clara","WCC","WCC","A","L","69-85",0.522643024911776,0.904534982736246,0.789142831518436,0.28314899833366,-0.28314899833366,68.3,"played",NA,NA,NA,44,"Q1"
"6279",6279,"PacificSanta Clara1-14",2026-01-14,"conf","Santa Clara","Pacific","WCC","WCC","H","W","85-69",0.904534982736246,0.522643024911776,0.87694452176131,0.866825148339616,0.133174851660384,82.8,"played",NA,NA,NA,110,"Q3"
"6280",6280,"PittsburghGeorgia Tech1-14",2026-01-14,"conf","Georgia Tech","Pittsburgh","ACC","ACC","H","L","66-89",0.649662104684215,0.587700127965515,0.87694452176131,0.83332008576474,-0.83332008576474,4.2,"played",NA,NA,NA,121,"Q3"
"6281",6281,"PittsburghGeorgia Tech1-14",2026-01-14,"conf","Pittsburgh","Georgia Tech","ACC","ACC","A","W","89-66",0.587700127965515,0.649662104684215,0.789142831518436,0.668678034087465,0.331321965912535,98.4,"played",NA,NA,NA,146,"Q3"
"6282",6282,"PortlandPepperdine1-14",2026-01-14,"conf","Pepperdine","Portland","WCC","WCC","H","W","67-63",0.346226240798316,0.394760979258516,0.87694452176131,0.916150061931773,0.0838499380682269,48.2,"played",NA,NA,NA,215,"Q4"
"6283",6283,"PortlandPepperdine1-14",2026-01-14,"conf","Portland","Pepperdine","WCC","WCC","A","L","63-67",0.394760979258516,0.346226240798316,0.789142831518436,0.876038094973127,-0.876038094973127,27,"played",NA,NA,NA,267,"Q4"
"6284",6284,"RadfordGardner Webb1-14",2026-01-14,"conf","Gardner Webb","Radford","BSth","BSth","H","L","80-89",0.0575179811498203,0.229310238486478,0.87694452176131,0.959921770218191,-0.959921770218191,9.1,"played",NA,NA,NA,260,"Q4"
"6285",6285,"RadfordGardner Webb1-14",2026-01-14,"conf","Radford","Gardner Webb","BSth","BSth","A","W","89-80",0.229310238486478,0.0575179811498203,0.789142831518436,0.983955042501081,0.016044957498919,15.3,"played",NA,NA,NA,363,"Q4"
"6286",6286,"RiceUTSA1-14",2026-01-14,"conf","Rice","UTSA","Amer","Amer","A","W","89-73",0.305946467034478,0.118500483117376,0.789142831518436,0.96532593406337,0.0346740659366295,61.1,"played",NA,NA,NA,349,"Q4"
"6287",6287,"RiceUTSA1-14",2026-01-14,"conf","UTSA","Rice","Amer","Amer","H","L","73-89",0.118500483117376,0.305946467034478,0.87694452176131,0.941747346673167,-0.941747346673167,3.6,"played",NA,NA,NA,253,"Q4"
"6288",6288,"Sacred HeartSiena1-14",2026-01-14,"conf","Sacred Heart","Siena","MAAC","MAAC","A","W","86-80",0.185258742802667,0.54942727469335,0.789142831518436,0.75425005854782,0.24574994145218,74.3,"played",NA,NA,NA,172,"Q3"
"6289",6289,"Sacred HeartSiena1-14",2026-01-14,"conf","Siena","Sacred Heart","MAAC","MAAC","H","L","80-86",0.54942727469335,0.185258742802667,0.87694452176131,0.969079449264048,-0.969079449264048,8.7,"played",NA,NA,NA,287,"Q4"
"6290",6290,"Saint Peter'sQuinnipiac1-14",2026-01-14,"conf","Quinnipiac","Saint Peter's","MAAC","MAAC","H","L","70-74",0.56676972583644,0.312643989802408,0.87694452176131,0.940003404180597,-0.940003404180597,15.8,"played",NA,NA,NA,223,"Q4"
"6291",6291,"Saint Peter'sQuinnipiac1-14",2026-01-14,"conf","Saint Peter's","Quinnipiac","MAAC","MAAC","A","W","74-70",0.312643989802408,0.56676972583644,0.789142831518436,0.740982745235832,0.259017254764168,76,"played",NA,NA,NA,184,"Q3"
"6292",6292,"Sam Houston St.Jacksonville St.1-14",2026-01-14,"conf","Jacksonville St.","Sam Houston St.","CUSA","CUSA","H","L","62-77",0.444551537137328,0.562519903891757,0.87694452176131,0.847149015990964,-0.847149015990964,13.5,"played",NA,NA,NA,105,"Q3"
"6293",6293,"Sam Houston St.Jacksonville St.1-14",2026-01-14,"conf","Sam Houston St.","Jacksonville St.","CUSA","CUSA","A","W","77-62",0.562519903891757,0.444551537137328,0.789142831518436,0.823824402356089,0.176175597643911,86.8,"played",NA,NA,NA,245,"Q4"
"6294",6294,"San Diego St.Wyoming1-14",2026-01-14,"conf","San Diego St.","Wyoming","MWC","MWC","A","W","74-57",0.806407529368549,0.76314542480965,0.789142831518436,0.53737119837597,0.46262880162403,98.2,"played",NA,NA,NA,100,"Q2"
"6295",6295,"San Diego St.Wyoming1-14",2026-01-14,"conf","Wyoming","San Diego St.","MWC","MWC","H","L","57-74",0.76314542480965,0.806407529368549,0.87694452176131,0.631108325214088,-0.631108325214088,20.2,"played",NA,NA,NA,52,"Q2"
"6296",6296,"South CarolinaArkansas1-14",2026-01-14,"conf","Arkansas","South Carolina","SEC","SEC","H","W","108-74",0.944779447184236,0.702029460608034,0.87694452176131,0.751537221073831,0.248462778926169,98.6,"played",NA,NA,NA,85,"Q3"
"6297",6297,"South CarolinaArkansas1-14",2026-01-14,"conf","South Carolina","Arkansas","SEC","SEC","A","L","74-108",0.702029460608034,0.944779447184236,0.789142831518436,0.17948361785422,-0.17948361785422,36.4,"played",NA,NA,NA,20,"Q1"
"6298",6298,"South Dakota St.North Dakota St.1-14",2026-01-14,"conf","North Dakota St.","South Dakota St.","Sum","Sum","H","W","76-65",0.678074728815918,0.37728213329656,0.87694452176131,0.921644883236383,0.0783551167636174,82.4,"played",NA,NA,NA,180,"Q4"
"6299",6299,"South Dakota St.North Dakota St.1-14",2026-01-14,"conf","South Dakota St.","North Dakota St.","Sum","Sum","A","L","65-76",0.37728213329656,0.678074728815918,0.789142831518436,0.639876531050688,-0.639876531050688,21.4,"played",NA,NA,NA,132,"Q2"
"6300",6300,"Southern MissTroy1-14",2026-01-14,"conf","Southern Miss","Troy","SB","SB","A","L","65-91",0.288887976904287,0.719734730060241,0.789142831518436,0.593057675690047,-0.593057675690047,10.7,"played",NA,NA,NA,103,"Q2"
"6301",6301,"Southern MissTroy1-14",2026-01-14,"conf","Troy","Southern Miss","SB","SB","H","W","91-65",0.719734730060241,0.288887976904287,0.87694452176131,0.946068457441536,0.0539315425584639,89.7,"played",NA,NA,NA,236,"Q4"
"6302",6302,"St. BonaventureSaint Joseph's1-14",2026-01-14,"conf","Saint Joseph's","St. Bonaventure","A10","A10","H","W","68-64",0.600718255311877,0.42887918075561,0.87694452176131,0.904670714557104,0.0953292854428963,65.2,"played",NA,NA,NA,144,"Q3"
"6303",6303,"St. BonaventureSaint Joseph's1-14",2026-01-14,"conf","St. Bonaventure","Saint Joseph's","A10","A10","A","L","64-68",0.42887918075561,0.600718255311877,0.789142831518436,0.713267667429442,-0.713267667429442,37.6,"played",NA,NA,NA,192,"Q3"
"6304",6304,"TCUBYU1-14",2026-01-14,"conf","BYU","TCU","B12","B12","H","W","76-70",0.943249231571529,0.771350152968443,0.87694452176131,0.678711743570353,0.321288256429647,83.6,"played",NA,NA,NA,46,"Q2"
"6305",6305,"TCUBYU1-14",2026-01-14,"conf","TCU","BYU","B12","B12","A","L","70-76",0.771350152968443,0.943249231571529,0.789142831518436,0.183787432026584,-0.183787432026584,91.7,"played",NA,NA,NA,12,"Q1"
"6306",6306,"TempleMemphis1-14",2026-01-14,"conf","Memphis","Temple","Amer","Amer","H","W","55-53",0.777847739912943,0.482165271889948,0.87694452176131,0.884441310768963,0.115558689231037,71.5,"played",NA,NA,NA,154,"Q3"
"6307",6307,"TempleMemphis1-14",2026-01-14,"conf","Temple","Memphis","Amer","Amer","A","L","53-55",0.482165271889948,0.777847739912943,0.789142831518436,0.516643488894951,-0.516643488894951,56.5,"played",NA,NA,NA,112,"Q2"
"6308",6308,"TulsaCharlotte1-14",2026-01-14,"conf","Charlotte","Tulsa","Amer","Amer","H","L","74-86",0.567723178537992,0.756867007275388,0.87694452176131,0.695980430402939,-0.695980430402939,34.4,"played",NA,NA,NA,47,"Q2"
"6309",6309,"TulsaCharlotte1-14",2026-01-14,"conf","Tulsa","Charlotte","Amer","Amer","A","W","86-74",0.756867007275388,0.567723178537992,0.789142831518436,0.740236588946491,0.259763411053509,88.6,"played",NA,NA,NA,173,"Q3"
"6310",6310,"UABTulane1-14",2026-01-14,"conf","Tulane","UAB","Amer","Amer","H","L","69-82",0.499347286934666,0.524998488358512,0.87694452176131,0.865731238499826,-0.865731238499826,22.9,"played",NA,NA,NA,122,"Q3"
"6311",6311,"UABTulane1-14",2026-01-14,"conf","UAB","Tulane","Amer","Amer","A","W","82-69",0.524998488358512,0.499347286934666,0.789142831518436,0.789576940282949,0.210423059717051,78.8,"played",NA,NA,NA,202,"Q3"
"6312",6312,"UCFKansas St.1-14",2026-01-14,"conf","Kansas St.","UCF","B12","B12","H","L","73-82",0.787642451679584,0.77353273260516,0.87694452176131,0.675998096188303,-0.675998096188303,42.4,"played",NA,NA,NA,39,"Q2"
"6313",6313,"UCFKansas St.1-14",2026-01-14,"conf","UCF","Kansas St.","B12","B12","A","W","82-73",0.77353273260516,0.787642451679584,0.789142831518436,0.502248363029673,0.497751636970327,94.5,"played",NA,NA,NA,82,"Q2"
"6314",6314,"UCLAPenn St.1-14",2026-01-14,"conf","Penn St.","UCLA","B10","B10","H","L","60-71",0.644016964773121,0.799123308329882,0.87694452176131,0.64175383145719,-0.64175383145719,51.5,"played",NA,NA,NA,40,"Q2"
"6315",6315,"UCLAPenn St.1-14",2026-01-14,"conf","UCLA","Penn St.","B10","B10","A","W","71-60",0.799123308329882,0.644016964773121,0.789142831518436,0.674129982609513,0.325870017390487,87.1,"played",NA,NA,NA,131,"Q2"
"6316",6316,"UNC AshevillePresbyterian1-14",2026-01-14,"conf","Presbyterian","UNC Asheville","BSth","BSth","H","W","71-70",0.33833969804482,0.274453641199316,0.87694452176131,0.949595279565646,0.0504047204343535,48.8,"played",NA,NA,NA,232,"Q4"
"6317",6317,"UNC AshevillePresbyterian1-14",2026-01-14,"conf","UNC Asheville","Presbyterian","BSth","BSth","A","L","70-71",0.274453641199316,0.33833969804482,0.789142831518436,0.879792664762907,-0.879792664762907,16.9,"played",NA,NA,NA,258,"Q4"
"6318",6318,"USC UpstateCharleston Southern1-14",2026-01-14,"conf","Charleston Southern","USC Upstate","BSth","BSth","H","L","81-86",0.455058138848351,0.171715590878374,0.87694452176131,0.97173133605275,-0.97173133605275,14.5,"played",NA,NA,NA,285,"Q4"
"6319",6319,"USC UpstateCharleston Southern1-14",2026-01-14,"conf","USC Upstate","Charleston Southern","BSth","BSth","A","W","86-81",0.171715590878374,0.455058138848351,0.789142831518436,0.817577500727398,0.182422499272602,50.6,"played",NA,NA,NA,219,"Q3"
"6320",6320,"UtahTexas Tech1-14",2026-01-14,"conf","Texas Tech","Utah","B12","B12","H","W","88-74",0.952998790803517,0.594076360174539,0.87694452176131,0.82962411412064,0.17037588587936,93.3,"played",NA,NA,NA,117,"Q3"
"6321",6321,"UtahTexas Tech1-14",2026-01-14,"conf","Utah","Texas Tech","B12","B12","A","L","74-88",0.594076360174539,0.952998790803517,0.789142831518436,0.155818723619252,-0.155818723619252,68.1,"played",NA,NA,NA,17,"Q1"
"6322",6322,"VanderbiltTexas1-14",2026-01-14,"conf","Texas","Vanderbilt","SEC","SEC","H","W","80-64",0.887271095950039,0.928124167770446,0.87694452176131,0.355622029564161,0.644377970435839,98.8,"played",NA,NA,NA,16,"Q1"
"6323",6323,"VanderbiltTexas1-14",2026-01-14,"conf","Vanderbilt","Texas","SEC","SEC","A","L","64-80",0.928124167770446,0.887271095950039,0.789142831518436,0.322261464403328,-0.322261464403328,55.6,"played",NA,NA,NA,43,"Q1"
"6324",6324,"VCURhode Island1-14",2026-01-14,"conf","Rhode Island","VCU","A10","A10","H","L","75-84",0.656655293009964,0.722299621864947,0.87694452176131,0.732611158893325,-0.732611158893325,34.8,"played",NA,NA,NA,55,"Q2"
"6325",6325,"VCURhode Island1-14",2026-01-14,"conf","VCU","Rhode Island","A10","A10","A","W","84-75",0.722299621864947,0.656655293009964,0.789142831518436,0.661803604151082,0.338196395848918,90.3,"played",NA,NA,NA,133,"Q2"
"6326",6326,"Virginia TechSMU1-14",2026-01-14,"conf","SMU","Virginia Tech","ACC","ACC","H","W","77-76",0.916602426915101,0.754253091747402,0.87694452176131,0.698966789253546,0.301033210746454,76.5,"played",NA,NA,NA,51,"Q2"
"6327",6327,"Virginia TechSMU1-14",2026-01-14,"conf","Virginia Tech","SMU","ACC","ACC","A","L","76-77",0.754253091747402,0.916602426915101,0.789142831518436,0.254019532125076,-0.254019532125076,91.2,"played",NA,NA,NA,30,"Q1"
"6328",6328,"Arkansas St.South Alabama1-15",2026-01-15,"conf","Arkansas St.","South Alabama","SB","SB","A","L","87-91",0.486958310027856,0.456678516291553,0.789142831518436,0.816601206226327,-0.816601206226327,39.1,"played",NA,NA,NA,197,"Q3"
"6329",6329,"Arkansas St.South Alabama1-15",2026-01-15,"conf","South Alabama","Arkansas St.","SB","SB","H","W","91-87",0.456678516291553,0.486958310027856,0.87694452176131,0.882465421492392,0.117534578507608,55.4,"played",NA,NA,NA,141,"Q3"
"6330",6330,"BellarmineLipscomb1-15",2026-01-15,"conf","Bellarmine","Lipscomb","ASun","ASun","A","L","71-81",0.146521869965627,0.559428391801076,0.789142831518436,0.74666876697657,-0.74666876697657,8.4,"played",NA,NA,NA,160,"Q3"
"6331",6331,"BellarmineLipscomb1-15",2026-01-15,"conf","Lipscomb","Bellarmine","ASun","ASun","H","W","81-71",0.559428391801076,0.146521869965627,0.87694452176131,0.976476566376086,0.0235234336239143,70.4,"played",NA,NA,NA,291,"Q4"
"6332",6332,"BinghamtonAlbany1-15",2026-01-15,"conf","Albany","Binghamton","AE","AE","H","W","69-53",0.305119018679747,0.0455455848513069,0.87694452176131,0.993348470028501,0.00665152997149854,28.8,"played",NA,NA,NA,362,"Q4"
"6333",6333,"BinghamtonAlbany1-15",2026-01-15,"conf","Binghamton","Albany","AE","AE","A","L","53-69",0.0455455848513069,0.305119018679747,0.789142831518436,0.894994515735722,-0.894994515735722,4.9,"played",NA,NA,NA,309,"Q4"
"6334",6334,"Cal BaptistAbilene Christian1-15",2026-01-15,"conf","Abilene Christian","Cal Baptist","WAC","WAC","H","L","58-74",0.395357780875213,0.540609234029639,0.87694452176131,0.858272191250011,-0.858272191250011,4.5,"played",NA,NA,NA,120,"Q3"
"6335",6335,"Cal BaptistAbilene Christian1-15",2026-01-15,"conf","Cal Baptist","Abilene Christian","WAC","WAC","A","W","74-58",0.540609234029639,0.395357780875213,0.789142831518436,0.851271945390759,0.148728054609241,94.2,"played",NA,NA,NA,241,"Q4"
"6336",6336,"Cal St. FullertonUC Davis1-15",2026-01-15,"conf","Cal St. Fullerton","UC Davis","BW","BW","A","L","69-74",0.331925225797259,0.569719928859357,0.789142831518436,0.738668165713469,-0.738668165713469,19.8,"played",NA,NA,NA,176,"Q3"
"6337",6337,"Cal St. FullertonUC Davis1-15",2026-01-15,"conf","UC Davis","Cal St. Fullerton","BW","BW","H","W","74-69",0.569719928859357,0.331925225797259,0.87694452176131,0.934825940311833,0.0651740596881669,72.7,"played",NA,NA,NA,200,"Q4"
"6338",6338,"Cal St. NorthridgeUC San Diego1-15",2026-01-15,"conf","Cal St. Northridge","UC San Diego","BW","BW","A","W","84-79",0.385010418560885,0.734201130187246,0.789142831518436,0.575352440331897,0.424647559668103,82.7,"played",NA,NA,NA,98,"Q2"
"6339",6339,"Cal St. NorthridgeUC San Diego1-15",2026-01-15,"conf","UC San Diego","Cal St. Northridge","BW","BW","H","L","79-84",0.734201130187246,0.385010418560885,0.87694452176131,0.91924578431368,-0.91924578431368,26.6,"played",NA,NA,NA,209,"Q4"
"6340",6340,"CharlestonTowson1-15",2026-01-15,"conf","Charleston","Towson","CAA","CAA","A","L","52-61",0.363361259870032,0.507727245638924,0.789142831518436,0.783953308037154,-0.783953308037154,7.2,"played",NA,NA,NA,162,"Q3"
"6341",6341,"CharlestonTowson1-15",2026-01-15,"conf","Towson","Charleston","CAA","CAA","H","W","61-52",0.507727245638924,0.363361259870032,0.87694452176131,0.92584938839268,0.0741506116073203,88.4,"played",NA,NA,NA,175,"Q4"
"6342",6342,"Detroit MercyNorthern Kentucky1-15",2026-01-15,"conf","Detroit Mercy","Northern Kentucky","Horz","Horz","A","L","71-96",0.268076298487336,0.56588651357836,0.789142831518436,0.741672343161317,-0.741672343161317,6.8,"played",NA,NA,NA,177,"Q3"
"6343",6343,"Detroit MercyNorthern Kentucky1-15",2026-01-15,"conf","Northern Kentucky","Detroit Mercy","Horz","Horz","H","W","96-71",0.56588651357836,0.268076298487336,0.87694452176131,0.951117264043805,0.0488827359561953,86.8,"played",NA,NA,NA,273,"Q4"
"6344",6344,"DrexelMonmouth1-15",2026-01-15,"conf","Drexel","Monmouth","CAA","CAA","A","W","73-51",0.350598890322103,0.470690741874601,0.789142831518436,0.808011054668748,0.191988945331252,97.7,"played",NA,NA,NA,204,"Q3"
"6345",6345,"DrexelMonmouth1-15",2026-01-15,"conf","Monmouth","Drexel","CAA","CAA","H","L","51-73",0.470690741874601,0.350598890322103,0.87694452176131,0.929577423313673,-0.929577423313673,1.1,"played",NA,NA,NA,211,"Q4"
"6346",6346,"Eastern IllinoisLittle Rock1-15",2026-01-15,"conf","Eastern Illinois","Little Rock","OVC","OVC","A","L","63-74",0.152001874020281,0.216987170533557,0.789142831518436,0.931059361043289,-0.931059361043289,13.7,"played",NA,NA,NA,302,"Q4"
"6347",6347,"Eastern IllinoisLittle Rock1-15",2026-01-15,"conf","Little Rock","Eastern Illinois","OVC","OVC","H","W","74-63",0.216987170533557,0.152001874020281,0.87694452176131,0.975464530911887,0.0245354690881132,23.8,"played",NA,NA,NA,305,"Q4"
"6348",6348,"Eastern KentuckyAustin Peay1-15",2026-01-15,"conf","Austin Peay","Eastern Kentucky","ASun","ASun","H","W","74-72",0.626176067152334,0.223192376556858,0.87694452176131,0.961244908789494,0.0387550912105064,29.3,"played",NA,NA,NA,262,"Q4"
"6349",6349,"Eastern KentuckyAustin Peay1-15",2026-01-15,"conf","Eastern Kentucky","Austin Peay","ASun","ASun","A","L","72-74",0.223192376556858,0.626176067152334,0.789142831518436,0.690812314834955,-0.690812314834955,53.8,"played",NA,NA,NA,149,"Q3"
"6350",6350,"Eastern WashingtonWeber St.1-15",2026-01-15,"conf","Eastern Washington","Weber St.","BSky","BSky","A","L","80-91",0.310791476526984,0.519652525465715,0.789142831518436,0.775758164330446,-0.775758164330446,34,"played",NA,NA,NA,190,"Q3"
"6351",6351,"Eastern WashingtonWeber St.1-15",2026-01-15,"conf","Weber St.","Eastern Washington","BSky","BSky","H","W","91-80",0.519652525465715,0.310791476526984,0.87694452176131,0.940488514720462,0.0595114852795378,48.6,"played",NA,NA,NA,254,"Q4"
"6352",6352,"ElonNortheastern1-15",2026-01-15,"conf","Elon","Northeastern","CAA","CAA","A","L","78-85",0.417238728194965,0.389208555122323,0.789142831518436,0.854508227313528,-0.854508227313528,19,"played",NA,NA,NA,249,"Q4"
"6353",6353,"ElonNortheastern1-15",2026-01-15,"conf","Northeastern","Elon","CAA","CAA","H","W","85-78",0.389208555122323,0.417238728194965,0.87694452176131,0.908705250541613,0.0912947494583871,66,"played",NA,NA,NA,168,"Q4"
"6354",6354,"GonzagaWashington St.1-15",2026-01-15,"conf","Gonzaga","Washington St.","WCC","WCC","A","W","86-65",0.937344159237918,0.640213899600399,0.789142831518436,0.67775499260287,0.32224500739713,95.8,"played",NA,NA,NA,156,"Q3"
"6355",6355,"GonzagaWashington St.1-15",2026-01-15,"conf","Washington St.","Gonzaga","WCC","WCC","H","L","65-86",0.640213899600399,0.937344159237918,0.87694452176131,0.32265760727251,-0.32265760727251,53.8,"played",NA,NA,NA,4,"Q1"
"6356",6356,"Green BayCleveland St.1-15",2026-01-15,"conf","Cleveland St.","Green Bay","Horz","Horz","H","L","73-88",0.281782786451229,0.347484853107807,0.87694452176131,0.93046936539492,-0.93046936539492,14.7,"played",NA,NA,NA,230,"Q4"
"6357",6357,"Green BayCleveland St.1-15",2026-01-15,"conf","Green Bay","Cleveland St.","Horz","Horz","A","W","88-73",0.347484853107807,0.281782786451229,0.789142831518436,0.905115473700407,0.0948845262995927,54.8,"played",NA,NA,NA,321,"Q4"
"6358",6358,"HawaiiCal Poly1-15",2026-01-15,"conf","Cal Poly","Hawaii","BW","BW","H","L","66-86",0.356782664805302,0.653990887306024,0.87694452176131,0.790373812577229,-0.790373812577229,16,"played",NA,NA,NA,97,"Q3"
"6359",6359,"HawaiiCal Poly1-15",2026-01-15,"conf","Hawaii","Cal Poly","BW","BW","A","W","86-66",0.653990887306024,0.356782664805302,0.789142831518436,0.870920500600285,0.129079499399715,84.6,"played",NA,NA,NA,257,"Q4"
"6360",6360,"HofstraStony Brook1-15",2026-01-15,"conf","Hofstra","Stony Brook","CAA","CAA","A","L","71-76",0.550605304781333,0.460531374139957,0.789142831518436,0.814265765425597,-0.814265765425597,21,"played",NA,NA,NA,234,"Q3"
"6361",6361,"HofstraStony Brook1-15",2026-01-15,"conf","Stony Brook","Hofstra","CAA","CAA","H","W","76-71",0.460531374139957,0.550605304781333,0.87694452176131,0.853296277500354,0.146703722499646,79.7,"played",NA,NA,NA,106,"Q3"
"6362",6362,"IdahoIdaho St.1-15",2026-01-15,"conf","Idaho","Idaho St.","BSky","BSky","A","L","68-76",0.431116462873849,0.482382067045718,0.789142831518436,0.800634908501729,-0.800634908501729,36.6,"played",NA,NA,NA,174,"Q3"
"6363",6363,"IdahoIdaho St.1-15",2026-01-15,"conf","Idaho St.","Idaho","BSky","BSky","H","W","76-68",0.482382067045718,0.431116462873849,0.87694452176131,0.903880582257921,0.0961194177420787,55,"played",NA,NA,NA,158,"Q3"
"6364",6364,"JacksonvilleCentral Arkansas1-15",2026-01-15,"conf","Central Arkansas","Jacksonville","ASun","ASun","H","W","62-60",0.578184355364173,0.161966016954007,0.87694452176131,0.973595990398377,0.0264040096016227,13.7,"played",NA,NA,NA,293,"Q4"
"6365",6365,"JacksonvilleCentral Arkansas1-15",2026-01-15,"conf","Jacksonville","Central Arkansas","ASun","ASun","A","L","60-62",0.161966016954007,0.578184355364173,0.789142831518436,0.73193102040683,-0.73193102040683,62.5,"played",NA,NA,NA,206,"Q3"
"6366",6366,"James MadisonAppalachian St.1-15",2026-01-15,"conf","Appalachian St.","James Madison","SB","SB","H","W","80-65",0.475354481792086,0.248008473110579,0.87694452176131,0.955768164170376,0.0442318358296244,80.6,"played",NA,NA,NA,244,"Q4"
"6367",6367,"James MadisonAppalachian St.1-15",2026-01-15,"conf","James Madison","Appalachian St.","SB","SB","A","L","65-80",0.248008473110579,0.475354481792086,0.789142831518436,0.805091918259702,-0.805091918259702,6.7,"played",NA,NA,NA,212,"Q3"
"6368",6368,"LindenwoodSoutheast Missouri St.1-15",2026-01-15,"conf","Lindenwood","Southeast Missouri St.","OVC","OVC","A","W","88-76",0.294360678016868,0.342914782088887,0.789142831518436,0.877621650282935,0.122378349717065,90.6,"played",NA,NA,NA,242,"Q4"
"6369",6369,"LindenwoodSoutheast Missouri St.1-15",2026-01-15,"conf","Southeast Missouri St.","Lindenwood","OVC","OVC","H","L","76-88",0.342914782088887,0.294360678016868,0.87694452176131,0.944700645022092,-0.944700645022092,2.2,"played",NA,NA,NA,224,"Q4"
"6370",6370,"MaineVermont1-15",2026-01-15,"conf","Maine","Vermont","AE","AE","A","L","62-67",0.0653376419463159,0.446282341818913,0.789142831518436,0.822805153276422,-0.822805153276422,37,"played",NA,NA,NA,207,"Q3"
"6371",6371,"MaineVermont1-15",2026-01-15,"conf","Vermont","Maine","AE","AE","H","W","67-62",0.446282341818913,0.0653376419463159,0.87694452176131,0.990285998285382,0.00971400171461845,8.7,"played",NA,NA,NA,343,"Q4"
"6372",6372,"MercerVMI1-15",2026-01-15,"conf","Mercer","VMI","SC","SC","A","W","77-67",0.497972452629038,0.144010141026281,0.789142831518436,0.956980979604427,0.0430190203955733,31.7,"played",NA,NA,NA,353,"Q4"
"6373",6373,"MercerVMI1-15",2026-01-15,"conf","VMI","Mercer","SC","SC","H","L","67-77",0.144010141026281,0.497972452629038,0.87694452176131,0.877817047848107,-0.877817047848107,26.4,"played",NA,NA,NA,125,"Q3"
"6374",6374,"Morehead St.Tennessee St.1-15",2026-01-15,"conf","Morehead St.","Tennessee St.","OVC","OVC","A","L","100-105",0.163264947729151,0.338648005350723,0.789142831518436,0.87964697213628,-0.87964697213628,17.6,"played",NA,NA,NA,229,"Q3"
"6375",6375,"Morehead St.Tennessee St.1-15",2026-01-15,"conf","Tennessee St.","Morehead St.","OVC","OVC","H","W","105-100",0.338648005350723,0.163264947729151,0.87694452176131,0.973349662894276,0.0266503371057238,31.9,"played",NA,NA,NA,286,"Q4"
"6376",6376,"New Mexico St.Liberty1-15",2026-01-15,"conf","Liberty","New Mexico St.","CUSA","CUSA","H","W","73-71",0.754201371304044,0.516577137332239,0.87694452176131,0.869605543564459,0.130394456435541,75.8,"played",NA,NA,NA,140,"Q3"
"6377",6377,"New Mexico St.Liberty1-15",2026-01-15,"conf","New Mexico St.","Liberty","CUSA","CUSA","A","L","71-73",0.516577137332239,0.754201371304044,0.789142831518436,0.549492294681649,-0.549492294681649,51.1,"played",NA,NA,NA,84,"Q2"
"6378",6378,"NJITUMass Lowell1-15",2026-01-15,"conf","NJIT","UMass Lowell","AE","AE","A","W","73-64",0.108362596707915,0.273410301879121,0.789142831518436,0.908641117556753,0.091358882443247,76.9,"played",NA,NA,NA,319,"Q4"
"6379",6379,"NJITUMass Lowell1-15",2026-01-15,"conf","UMass Lowell","NJIT","AE","AE","H","L","64-73",0.273410301879121,0.108362596707915,0.87694452176131,0.983232201292529,-0.983232201292529,1.4,"played",NA,NA,NA,332,"Q4"
"6380",6380,"North Carolina A&TWilliam & Mary1-15",2026-01-15,"conf","North Carolina A&T","William & Mary","CAA","CAA","A","L","89-97",0.167266946360123,0.684495357208954,0.789142831518436,0.633034687260019,-0.633034687260019,39.6,"played",NA,NA,NA,108,"Q2"
"6381",6381,"North Carolina A&TWilliam & Mary1-15",2026-01-15,"conf","William & Mary","North Carolina A&T","CAA","CAA","H","W","97-89",0.684495357208954,0.167266946360123,0.87694452176131,0.97258668982768,0.0274133101723195,39.9,"played",NA,NA,NA,270,"Q4"
"6382",6382,"North FloridaNorth Alabama1-15",2026-01-15,"conf","North Alabama","North Florida","ASun","ASun","H","L","91-105",0.155996475577486,0.130909333469256,0.87694452176131,0.979300944347944,-0.979300944347944,2.5,"played",NA,NA,NA,341,"Q4"
"6383",6383,"North FloridaNorth Alabama1-15",2026-01-15,"conf","North Florida","North Alabama","ASun","ASun","A","W","105-91",0.130909333469256,0.155996475577486,0.789142831518436,0.952938253331221,0.0470617466687792,51.6,"played",NA,NA,NA,335,"Q4"
"6384",6384,"Northern ArizonaSacramento St.1-15",2026-01-15,"conf","Northern Arizona","Sacramento St.","BSky","BSky","A","L","69-83",0.144289047802944,0.304984656110273,0.789142831518436,0.895054064928712,-0.895054064928712,13.5,"played",NA,NA,NA,279,"Q4"
"6385",6385,"Northern ArizonaSacramento St.1-15",2026-01-15,"conf","Sacramento St.","Northern Arizona","BSky","BSky","H","W","83-69",0.304984656110273,0.144289047802944,0.87694452176131,0.976885797919125,0.0231142020808752,32.1,"played",NA,NA,NA,318,"Q4"
"6386",6386,"Northern ColoradoPortland St.1-15",2026-01-15,"conf","Northern Colorado","Portland St.","BSky","BSky","A","L","73-76",0.441176952284647,0.588461091868302,0.789142831518436,0.723553887104282,-0.723553887104282,55,"played",NA,NA,NA,137,"Q3"
"6387",6387,"Northern ColoradoPortland St.1-15",2026-01-15,"conf","Portland St.","Northern Colorado","BSky","BSky","H","W","76-73",0.588461091868302,0.441176952284647,0.87694452176131,0.900267043852585,0.0997329561474151,48,"played",NA,NA,NA,164,"Q4"
"6388",6388,"OaklandMilwaukee1-15",2026-01-15,"conf","Milwaukee","Oakland","Horz","Horz","H","L","60-73",0.384994055716157,0.482772141388938,0.87694452176131,0.884192673060866,-0.884192673060866,8.1,"played",NA,NA,NA,135,"Q3"
"6389",6389,"OaklandMilwaukee1-15",2026-01-15,"conf","Oakland","Milwaukee","Horz","Horz","A","W","73-60",0.482772141388938,0.384994055716157,0.789142831518436,0.856702814984429,0.143297185015571,86.9,"played",NA,NA,NA,233,"Q3"
"6390",6390,"Old DominionGeorgia Southern1-15",2026-01-15,"conf","Georgia Southern","Old Dominion","SB","SB","H","W","87-84",0.400249732677704,0.270343466440864,0.87694452176131,0.950578683851748,0.0494213161482524,28.3,"played",NA,NA,NA,250,"Q4"
"6391",6391,"Old DominionGeorgia Southern1-15",2026-01-15,"conf","Old Dominion","Georgia Southern","SB","SB","A","L","84-87",0.270343466440864,0.400249732677704,0.789142831518436,0.848667878767697,-0.848667878767697,38.6,"played",NA,NA,NA,243,"Q4"
"6392",6392,"QueensFlorida Gulf Coast1-15",2026-01-15,"conf","Florida Gulf Coast","Queens","ASun","ASun","H","L","74-85",0.459203789369559,0.358618140773719,0.87694452176131,0.927248717001686,-0.927248717001686,11.4,"played",NA,NA,NA,183,"Q4"
"6393",6393,"QueensFlorida Gulf Coast1-15",2026-01-15,"conf","Queens","Florida Gulf Coast","ASun","ASun","A","W","85-74",0.358618140773719,0.459203789369559,0.789142831518436,0.81507273605116,0.18492726394884,78.6,"played",NA,NA,NA,237,"Q3"
"6394",6394,"Robert MorrisIU Indy1-15",2026-01-15,"conf","IU Indy","Robert Morris","Horz","Horz","H","W","96-93",0.293111925980727,0.360345110834765,0.87694452176131,0.926741135334995,0.0732588646650051,37.2,"played",NA,NA,NA,186,"Q4"
"6395",6395,"Robert MorrisIU Indy1-15",2026-01-15,"conf","Robert Morris","IU Indy","Horz","Horz","A","L","93-96",0.360345110834765,0.293111925980727,0.789142831518436,0.900257068363485,-0.900257068363485,28.3,"played",NA,NA,NA,310,"Q4"
"6396",6396,"San DiegoSeattle1-15",2026-01-15,"conf","San Diego","Seattle","WCC","WCC","A","L","64-75",0.386813607349022,0.74544303723052,0.789142831518436,0.561022355526039,-0.561022355526039,34.8,"played",NA,NA,NA,114,"Q2"
"6397",6397,"San DiegoSeattle1-15",2026-01-15,"conf","Seattle","San Diego","WCC","WCC","H","W","75-64",0.74544303723052,0.386813607349022,0.87694452176131,0.918679146869904,0.081320853130096,77.5,"played",NA,NA,NA,208,"Q4"
"6398",6398,"SIU EdwardsvilleTennessee Martin1-15",2026-01-15,"conf","SIU Edwardsville","Tennessee Martin","OVC","OVC","A","L","59-65",0.222517010562244,0.371890241689694,0.789142831518436,0.863407239429369,-0.863407239429369,17,"played",NA,NA,NA,187,"Q3"
"6399",6399,"SIU EdwardsvilleTennessee Martin1-15",2026-01-15,"conf","Tennessee Martin","SIU Edwardsville","OVC","OVC","H","W","65-59",0.371890241689694,0.222517010562244,0.87694452176131,0.961389918559662,0.0386100814403375,45.2,"played",NA,NA,NA,255,"Q4"
"6400",6400,"Southern IndianaTennessee Tech1-15",2026-01-15,"conf","Southern Indiana","Tennessee Tech","OVC","OVC","A","W","71-54",0.0957595304080808,0.15372993043803,0.789142831518436,0.953708845262442,0.0462911547375577,40.2,"played",NA,NA,NA,331,"Q4"
"6401",6401,"Southern IndianaTennessee Tech1-15",2026-01-15,"conf","Tennessee Tech","Southern Indiana","OVC","OVC","H","L","54-71",0.15372993043803,0.0957595304080808,0.87694452176131,0.985357317458812,-0.985357317458812,2.8,"played",NA,NA,NA,338,"Q4"
"6402",6402,"St. ThomasNorth Dakota1-15",2026-01-15,"conf","North Dakota","St. Thomas","Sum","Sum","H","L","80-91",0.343317996272495,0.564022211588619,0.87694452176131,0.846356554376,-0.846356554376,27.1,"played",NA,NA,NA,116,"Q3"
"6403",6403,"St. ThomasNorth Dakota1-15",2026-01-15,"conf","St. Thomas","North Dakota","Sum","Sum","A","W","91-80",0.564022211588619,0.343317996272495,0.789142831518436,0.877429380407867,0.122570619592133,64.5,"played",NA,NA,NA,282,"Q4"
"6404",6404,"Tarleton St.Southern Utah1-15",2026-01-15,"conf","Southern Utah","Tarleton St.","WAC","WAC","H","W","106-105",0.331760954622987,0.400519815714214,0.87694452176131,0.914284499452316,0.0857155005476835,56.3,"played",NA,NA,NA,185,"Q4"
"6405",6405,"Tarleton St.Southern Utah1-15",2026-01-15,"conf","Tarleton St.","Southern Utah","WAC","WAC","A","L","105-106",0.400519815714214,0.331760954622987,0.789142831518436,0.882880763427249,-0.882880763427249,20.5,"played",NA,NA,NA,294,"Q4"
"6406",6406,"The CitadelUNC Greensboro1-15",2026-01-15,"conf","The Citadel","UNC Greensboro","SC","SC","A","L","66-69",0.0788521555269136,0.281789356639244,0.789142831518436,0.9051126855927,-0.9051126855927,29.5,"played",NA,NA,NA,295,"Q4"
"6407",6407,"The CitadelUNC Greensboro1-15",2026-01-15,"conf","UNC Greensboro","The Citadel","SC","SC","H","W","69-66",0.281789356639244,0.0788521555269136,0.87694452176131,0.988130636578795,0.0118693634212048,7.4,"played",NA,NA,NA,350,"Q4"
"6408",6408,"UC RiversideLong Beach St.1-15",2026-01-15,"conf","Long Beach St.","UC Riverside","BW","BW","H","W","88-73",0.420920977464503,0.201552689174799,0.87694452176131,0.965789939307561,0.0342100606924388,68.9,"played",NA,NA,NA,283,"Q4"
"6409",6409,"UC RiversideLong Beach St.1-15",2026-01-15,"conf","UC Riverside","Long Beach St.","BW","BW","A","L","73-88",0.201552689174799,0.420920977464503,0.789142831518436,0.837366165744844,-0.837366165744844,7.7,"played",NA,NA,NA,240,"Q3"
"6410",6410,"UC Santa BarbaraCal St. Bakersfield1-15",2026-01-15,"conf","Cal St. Bakersfield","UC Santa Barbara","BW","BW","H","L","69-75",0.265483872557692,0.483931703427263,0.87694452176131,0.883716358848983,-0.883716358848983,15,"played",NA,NA,NA,145,"Q3"
"6411",6411,"UC Santa BarbaraCal St. Bakersfield1-15",2026-01-15,"conf","UC Santa Barbara","Cal St. Bakersfield","BW","BW","A","W","75-69",0.483931703427263,0.265483872557692,0.789142831518436,0.911929432395944,0.0880705676040564,65.8,"played",NA,NA,NA,301,"Q4"
"6412",6412,"UMBCBryant1-15",2026-01-15,"conf","Bryant","UMBC","AE","AE","H","W","79-74",0.125026481328206,0.209748829553563,0.87694452176131,0.96409275773184,0.0359072422681594,31.6,"played",NA,NA,NA,274,"Q4"
"6413",6413,"UMBCBryant1-15",2026-01-15,"conf","UMBC","Bryant","AE","AE","A","L","74-79",0.209748829553563,0.125026481328206,0.789142831518436,0.963223783162156,-0.963223783162156,7.6,"played",NA,NA,NA,345,"Q4"
"6414",6414,"UMKCSouth Dakota1-15",2026-01-15,"conf","South Dakota","UMKC","Sum","Sum","H","W","99-83",0.342292200243587,0.0841485058607757,0.87694452176131,0.987271223453189,0.0127287765468107,58,"played",NA,NA,NA,346,"Q4"
"6415",6415,"UMKCSouth Dakota1-15",2026-01-15,"conf","UMKC","South Dakota","Sum","Sum","A","L","83-99",0.0841485058607757,0.342292200243587,0.789142831518436,0.877918226219965,-0.877918226219965,3.4,"played",NA,NA,NA,272,"Q4"
"6416",6416,"UT ArlingtonUtah Tech1-15",2026-01-15,"conf","UT Arlington","Utah Tech","WAC","WAC","A","W","56-52",0.429835729480134,0.479891400510013,0.789142831518436,0.802222630355226,0.197777369644774,78,"played",NA,NA,NA,199,"Q3"
"6417",6417,"UT ArlingtonUtah Tech1-15",2026-01-15,"conf","Utah Tech","UT Arlington","WAC","WAC","H","L","52-56",0.479891400510013,0.429835729480134,0.87694452176131,0.90433348387365,-0.90433348387365,16.4,"played",NA,NA,NA,123,"Q3"
"6418",6418,"UTEPDelaware1-15",2026-01-15,"conf","Delaware","UTEP","CUSA","CUSA","H","L","69-70",0.290475626387562,0.217959569432829,0.87694452176131,0.962363042817825,-0.962363042817825,23.7,"played",NA,NA,NA,276,"Q4"
"6419",6419,"UTEPDelaware1-15",2026-01-15,"conf","UTEP","Delaware","CUSA","CUSA","A","W","70-69",0.217959569432829,0.290475626387562,0.789142831518436,0.901396772388435,0.0986032276115646,26.8,"played",NA,NA,NA,300,"Q4"
"6420",6420,"West GeorgiaStetson1-15",2026-01-15,"conf","Stetson","West Georgia","ASun","ASun","H","W","95-86",0.223300374896591,0.124454025605907,0.87694452176131,0.980443929756687,0.0195560702433134,27.4,"played",NA,NA,NA,322,"Q4"
"6421",6421,"West GeorgiaStetson1-15",2026-01-15,"conf","West Georgia","Stetson","ASun","ASun","A","L","86-95",0.124454025605907,0.223300374896591,0.789142831518436,0.928661106603634,-0.928661106603634,9.8,"played",NA,NA,NA,327,"Q4"
"6422",6422,"Wichita St.Florida Atlantic1-15",2026-01-15,"conf","Florida Atlantic","Wichita St.","Amer","Amer","H","W","85-67",0.793840431015816,0.597783953153128,0.87694452176131,0.82743668853645,0.17256331146355,96.6,"played",NA,NA,NA,95,"Q3"
"6423",6423,"Wichita St.Florida Atlantic1-15",2026-01-15,"conf","Wichita St.","Florida Atlantic","Amer","Amer","A","L","67-85",0.597783953153128,0.793840431015816,0.789142831518436,0.492884070110421,-0.492884070110421,16.7,"played",NA,NA,NA,91,"Q2"
"6424",6424,"Youngstown St.Wright St.1-15",2026-01-15,"conf","Wright St.","Youngstown St.","Horz","Horz","H","W","93-83",0.717548418206008,0.38787784894262,0.87694452176131,0.918343480785251,0.0816565192147493,66.4,"played",NA,NA,NA,221,"Q4"
"6425",6425,"Youngstown St.Wright St.1-15",2026-01-15,"conf","Youngstown St.","Wright St.","Horz","Horz","A","L","83-93",0.38787784894262,0.717548418206008,0.789142831518436,0.595664611268505,-0.595664611268505,44.8,"played",NA,NA,NA,136,"Q3"
"6426",6426,"BaylorKansas1-16",2026-01-16,"conf","Baylor","Kansas","B12","B12","A","L","62-80",0.740905781509242,0.958273819187545,0.789142831518436,0.140126652159027,-0.140126652159027,59.7,"played",NA,NA,NA,18,"Q1"
"6427",6427,"BaylorKansas1-16",2026-01-16,"conf","Kansas","Baylor","B12","B12","H","W","80-62",0.958273819187545,0.740905781509242,0.87694452176131,0.713639564464455,0.286360435535545,97.8,"played",NA,NA,NA,53,"Q2"
"6428",6428,"Colorado St.Boise St.1-16",2026-01-16,"conf","Boise St.","Colorado St.","MWC","MWC","H","W","79-73",0.83001126375618,0.62699617671433,0.87694452176131,0.809143842490246,0.190856157509754,85.4,"played",NA,NA,NA,92,"Q3"
"6429",6429,"Colorado St.Boise St.1-16",2026-01-16,"conf","Colorado St.","Boise St.","MWC","MWC","A","L","73-79",0.62699617671433,0.83001126375618,0.789142831518436,0.433903907888668,-0.433903907888668,58.4,"played",NA,NA,NA,71,"Q1"
"6430",6430,"CreightonProvidence1-16",2026-01-16,"conf","Creighton","Providence","BE","BE","A","L","88-93",0.754064342104998,0.803485279294478,0.789142831518436,0.477900616033965,-0.477900616033965,73.1,"played",NA,NA,NA,89,"Q2"
"6431",6431,"CreightonProvidence1-16",2026-01-16,"conf","Providence","Creighton","BE","BE","H","W","93-88",0.803485279294478,0.754064342104998,0.87694452176131,0.699180955753172,0.300819044246828,82.1,"played",NA,NA,NA,58,"Q2"
"6432",6432,"Loyola ChicagoDayton1-16",2026-01-16,"conf","Dayton","Loyola Chicago","A10","A10","H","W","78-51",0.806502743818976,0.1760796726165,0.87694452176131,0.970884750422331,0.0291152495776692,79,"played",NA,NA,NA,315,"Q4"
"6433",6433,"Loyola ChicagoDayton1-16",2026-01-16,"conf","Loyola Chicago","Dayton","A10","A10","A","L","51-78",0.1760796726165,0.806502743818976,0.789142831518436,0.473106576585408,-0.473106576585408,19.1,"played",NA,NA,NA,80,"Q2"
"6434",6434,"MarquetteDePaul1-16",2026-01-16,"conf","DePaul","Marquette","BE","BE","H","W","80-75",0.723148523927946,0.526647022481542,0.87694452176131,0.864960820902639,0.135039179097361,61.1,"played",NA,NA,NA,142,"Q3"
"6435",6435,"MarquetteDePaul1-16",2026-01-16,"conf","Marquette","DePaul","BE","BE","A","L","75-80",0.526647022481542,0.723148523927946,0.789142831518436,0.588951567067976,-0.588951567067976,64.9,"played",NA,NA,NA,113,"Q2"
"6436",6436,"OhioBall St.1-16",2026-01-16,"conf","Ball St.","Ohio","MAC","MAC","H","W","76-71",0.288514481287383,0.300680871365136,0.87694452176131,0.943099418758103,0.0569005812418973,66,"played",NA,NA,NA,216,"Q4"
"6437",6437,"OhioBall St.1-16",2026-01-16,"conf","Ohio","Ball St.","MAC","MAC","A","L","71-76",0.300680871365136,0.288514481287383,0.789142831518436,0.902240976851439,-0.902240976851439,8.2,"played",NA,NA,NA,316,"Q4"
"6438",6438,"ToledoKent St.1-16",2026-01-16,"conf","Kent St.","Toledo","MAC","MAC","H","W","87-84",0.638568943065511,0.405578446649967,0.87694452176131,0.912622369732399,0.0873776302676009,45.3,"played",NA,NA,NA,169,"Q4"
"6439",6439,"ToledoKent St.1-16",2026-01-16,"conf","Toledo","Kent St.","MAC","MAC","A","L","84-87",0.405578446649967,0.638568943065511,0.789142831518436,0.679311168960651,-0.679311168960651,59.3,"played",NA,NA,NA,148,"Q3"
"6440",6440,"Abilene ChristianSouthern Utah1-17",2026-01-17,"conf","Abilene Christian","Southern Utah","WAC","WAC","A","L","52-74",0.25561463996283,0.331760954622987,0.789142831518436,0.882880763427249,-0.882880763427249,1.4,"played",NA,NA,NA,294,"Q4"
"6441",6441,"Abilene ChristianSouthern Utah1-17",2026-01-17,"conf","Southern Utah","Abilene Christian","WAC","WAC","H","W","74-52",0.331760954622987,0.25561463996283,0.87694452176131,0.954029569648245,0.045970430351755,92.2,"played",NA,NA,NA,241,"Q4"
"6442",6442,"AlabamaOklahoma1-17",2026-01-17,"conf","Alabama","Oklahoma","SEC","SEC","A","W","83-81",0.916668476253729,0.795763730228384,0.789142831518436,0.489936745058446,0.510063254941554,79.6,"played",NA,NA,NA,76,"Q2"
"6443",6443,"AlabamaOklahoma1-17",2026-01-17,"conf","Oklahoma","Alabama","SEC","SEC","H","L","81-83",0.795763730228384,0.916668476253729,0.87694452176131,0.393145203996765,-0.393145203996765,91.6,"played",NA,NA,NA,19,"Q1"
"6444",6444,"ArizonaUCF1-17",2026-01-17,"conf","Arizona","UCF","B12","B12","A","W","84-77",0.958472429946254,0.866736847529921,0.789142831518436,0.365251362941497,0.634748637058503,95.8,"played",NA,NA,NA,39,"Q1"
"6445",6445,"ArizonaUCF1-17",2026-01-17,"conf","UCF","Arizona","B12","B12","H","L","77-84",0.866736847529921,0.958472429946254,0.87694452176131,0.235920885661496,-0.235920885661496,86.8,"played",NA,NA,NA,3,"Q1"
"6446",6446,"Arkansas St.Troy1-17",2026-01-17,"conf","Arkansas St.","Troy","SB","SB","A","L","74-99",0.486958310027856,0.719734730060241,0.789142831518436,0.593057675690047,-0.593057675690047,19.9,"played",NA,NA,NA,103,"Q2"
"6447",6447,"Arkansas St.Troy1-17",2026-01-17,"conf","Troy","Arkansas St.","SB","SB","H","W","99-74",0.719734730060241,0.486958310027856,0.87694452176131,0.882465421492392,0.117534578507608,90.7,"played",NA,NA,NA,141,"Q3"
"6448",6448,"ArkansasGeorgia1-17",2026-01-17,"conf","Arkansas","Georgia","SEC","SEC","A","L","76-90",0.899851369198693,0.91600808149171,0.789142831518436,0.255490906957154,-0.255490906957154,55,"played",NA,NA,NA,24,"Q1"
"6449",6449,"ArkansasGeorgia1-17",2026-01-17,"conf","Georgia","Arkansas","SEC","SEC","H","W","90-76",0.91600808149171,0.899851369198693,0.87694452176131,0.442316531859976,0.557683468140024,98.8,"played",NA,NA,NA,20,"Q1"
"6450",6450,"Austin PeayLipscomb1-17",2026-01-17,"conf","Austin Peay","Lipscomb","ASun","ASun","A","L","78-82",0.467994966707812,0.559428391801076,0.789142831518436,0.74666876697657,-0.74666876697657,43.1,"played",NA,NA,NA,160,"Q3"
"6451",6451,"Austin PeayLipscomb1-17",2026-01-17,"conf","Lipscomb","Austin Peay","ASun","ASun","H","W","82-78",0.559428391801076,0.467994966707812,0.87694452176131,0.890123562109543,0.109876437890457,59.6,"played",NA,NA,NA,149,"Q3"
"6452",6452,"BellarmineEastern Kentucky1-17",2026-01-17,"conf","Bellarmine","Eastern Kentucky","ASun","ASun","A","L","69-89",0.146521869965627,0.353630994291055,0.789142831518436,0.872459573266937,-0.872459573266937,4,"played",NA,NA,NA,262,"Q4"
"6453",6453,"BellarmineEastern Kentucky1-17",2026-01-17,"conf","Eastern Kentucky","Bellarmine","ASun","ASun","H","W","89-69",0.353630994291055,0.146521869965627,0.87694452176131,0.976476566376086,0.0235234336239143,69.2,"played",NA,NA,NA,291,"Q4"
"6454",6454,"BelmontSouthern Illinois1-17",2026-01-17,"conf","Belmont","Southern Illinois","MVC","MVC","A","W","73-68",0.686175756192134,0.58926743721773,0.789142831518436,0.722887195145564,0.277112804854436,72,"played",NA,NA,NA,143,"Q3"
"6455",6455,"BelmontSouthern Illinois1-17",2026-01-17,"conf","Southern Illinois","Belmont","MVC","MVC","H","L","68-73",0.58926743721773,0.686175756192134,0.87694452176131,0.76521878965505,-0.76521878965505,55,"played",NA,NA,NA,64,"Q2"
"6456",6456,"Bethune CookmanMississippi Valley St.1-17",2026-01-17,"conf","Bethune Cookman","Mississippi Valley St.","SWAC","SWAC","A","W","79-63",0.251758726760507,0.0374143704241414,0.789142831518436,0.989721146603053,0.0102788533969466,22.9,"played",NA,NA,NA,365,"Q4"
"6457",6457,"Bethune CookmanMississippi Valley St.1-17",2026-01-17,"conf","Mississippi Valley St.","Bethune Cookman","SWAC","SWAC","H","L","63-79",0.0374143704241414,0.251758726760507,0.87694452176131,0.954914569002642,-0.954914569002642,4.2,"played",NA,NA,NA,268,"Q4"
"6458",6458,"Boston UniversityLoyola MD1-17",2026-01-17,"conf","Boston University","Loyola MD","Pat","Pat","A","L","57-74",0.173160301084916,0.162152229273016,0.789142831518436,0.95083072908287,-0.95083072908287,4.8,"played",NA,NA,NA,340,"Q4"
"6459",6459,"Boston UniversityLoyola MD1-17",2026-01-17,"conf","Loyola MD","Boston University","Pat","Pat","H","W","74-57",0.162152229273016,0.173160301084916,0.87694452176131,0.97145190396275,0.0285480960372501,44.4,"played",NA,NA,NA,292,"Q4"
"6460",6460,"BradleyIllinois St.1-17",2026-01-17,"conf","Bradley","Illinois St.","MVC","MVC","A","L","62-88",0.472493714824135,0.816126473444108,0.789142831518436,0.457464356306282,-0.457464356306282,12.5,"played",NA,NA,NA,79,"Q2"
"6461",6461,"BradleyIllinois St.1-17",2026-01-17,"conf","Illinois St.","Bradley","MVC","MVC","H","W","88-62",0.816126473444108,0.472493714824135,0.87694452176131,0.888344836283847,0.111655163716153,96.5,"played",NA,NA,NA,124,"Q3"
"6462",6462,"BucknellColgate1-17",2026-01-17,"conf","Bucknell","Colgate","Pat","Pat","A","L","76-95",0.127187121287998,0.520482639527122,0.789142831518436,0.775179083646094,-0.775179083646094,8,"played",NA,NA,NA,196,"Q3"
"6463",6463,"BucknellColgate1-17",2026-01-17,"conf","Colgate","Bucknell","Pat","Pat","H","W","95-76",0.520482639527122,0.127187121287998,0.87694452176131,0.979961742807954,0.0200382571920457,64.4,"played",NA,NA,NA,333,"Q4"
"6464",6464,"BuffaloMiami OH1-17",2026-01-17,"conf","Buffalo","Miami OH","MAC","MAC","A","L","102-105",0.387632809783295,0.813854927875804,0.789142831518436,0.461205767573537,-0.461205767573537,78.7,"played",NA,NA,NA,49,"Q1"
"6465",6465,"BuffaloMiami OH1-17",2026-01-17,"conf","Miami OH","Buffalo","MAC","MAC","H","W","105-102",0.813854927875804,0.387632809783295,0.87694452176131,0.918420848754699,0.0815791512453012,42.8,"played",NA,NA,NA,165,"Q4"
"6466",6466,"ButlerSeton Hall1-17",2026-01-17,"conf","Butler","Seton Hall","BE","BE","A","W","77-66",0.761292597156938,0.873855128810157,0.789142831518436,0.350756125662828,0.649243874337172,97.2,"played",NA,NA,NA,45,"Q1"
"6467",6467,"ButlerSeton Hall1-17",2026-01-17,"conf","Seton Hall","Butler","BE","BE","H","L","66-77",0.873855128810157,0.761292597156938,0.87694452176131,0.690835707123408,-0.690835707123408,38.9,"played",NA,NA,NA,48,"Q2"
"6468",6468,"BYUTexas Tech1-17",2026-01-17,"conf","BYU","Texas Tech","B12","B12","A","L","71-84",0.897211603893705,0.952998790803517,0.789142831518436,0.155818723619252,-0.155818723619252,88.5,"played",NA,NA,NA,17,"Q1"
"6469",6469,"BYUTexas Tech1-17",2026-01-17,"conf","Texas Tech","BYU","B12","B12","H","W","84-71",0.952998790803517,0.897211603893705,0.87694452176131,0.44947037290437,0.550529627095631,95.8,"played",NA,NA,NA,12,"Q1"
"6470",6470,"Cal St. FullertonUC Riverside1-17",2026-01-17,"conf","Cal St. Fullerton","UC Riverside","BW","BW","A","L","72-81",0.331925225797259,0.32462968162574,0.789142831518436,0.886184093747293,-0.886184093747293,7.6,"played",NA,NA,NA,283,"Q4"
"6471",6471,"Cal St. FullertonUC Riverside1-17",2026-01-17,"conf","UC Riverside","Cal St. Fullerton","BW","BW","H","W","81-72",0.32462968162574,0.331925225797259,0.87694452176131,0.934825940311833,0.0651740596881669,74.3,"played",NA,NA,NA,200,"Q4"
"6472",6472,"CampbellUNC Wilmington1-17",2026-01-17,"conf","Campbell","UNC Wilmington","CAA","CAA","A","L","75-78",0.327073956545687,0.611618585583143,0.789142831518436,0.703838784355614,-0.703838784355614,61.8,"played",NA,NA,NA,109,"Q2"
"6473",6473,"CampbellUNC Wilmington1-17",2026-01-17,"conf","UNC Wilmington","Campbell","CAA","CAA","H","W","78-75",0.611618585583143,0.327073956545687,0.87694452176131,0.936151100895773,0.0638488991042273,32.1,"played",NA,NA,NA,203,"Q4"
"6474",6474,"Central ConnecticutSaint Francis1-17",2026-01-17,"conf","Central Connecticut","Saint Francis","NEC","NEC","A","W","98-90",0.185254014996825,0.11893327333037,0.789142831518436,0.965187205836041,0.0348127941639589,30.7,"played",NA,NA,NA,354,"Q4"
"6475",6475,"Central ConnecticutSaint Francis1-17",2026-01-17,"conf","Saint Francis","Central Connecticut","NEC","NEC","H","L","90-98",0.11893327333037,0.185254014996825,0.87694452176131,0.969080387831991,-0.969080387831991,6.5,"played",NA,NA,NA,247,"Q4"
"6476",6476,"CharlestonStony Brook1-17",2026-01-17,"conf","Charleston","Stony Brook","CAA","CAA","A","L","106-112",0.363361259870032,0.460531374139957,0.789142831518436,0.814265765425597,-0.814265765425597,31.4,"played",NA,NA,NA,234,"Q3"
"6477",6477,"CharlestonStony Brook1-17",2026-01-17,"conf","Stony Brook","Charleston","CAA","CAA","H","W","112-106",0.460531374139957,0.363361259870032,0.87694452176131,0.92584938839268,0.0741506116073203,51.6,"played",NA,NA,NA,175,"Q4"
"6478",6478,"ChattanoogaWestern Carolina1-17",2026-01-17,"conf","Chattanooga","Western Carolina","SC","SC","A","W","90-82",0.193922737600882,0.307831220822344,0.789142831518436,0.89378923595296,0.10621076404704,36.6,"played",NA,NA,NA,289,"Q4"
"6479",6479,"ChattanoogaWestern Carolina1-17",2026-01-17,"conf","Western Carolina","Chattanooga","SC","SC","H","L","82-90",0.307831220822344,0.193922737600882,0.87694452176131,0.967344083601197,-0.967344083601197,15.6,"played",NA,NA,NA,280,"Q4"
"6480",6480,"Coastal CarolinaGeorgia Southern1-17",2026-01-17,"conf","Coastal Carolina","Georgia Southern","SB","SB","A","W","79-75",0.252170326443001,0.400249732677704,0.789142831518436,0.848667878767697,0.151332121232303,43.3,"played",NA,NA,NA,243,"Q4"
"6481",6481,"Coastal CarolinaGeorgia Southern1-17",2026-01-17,"conf","Georgia Southern","Coastal Carolina","SB","SB","H","L","75-79",0.400249732677704,0.252170326443001,0.87694452176131,0.954820456841901,-0.954820456841901,22.8,"played",NA,NA,NA,235,"Q4"
"6482",6482,"ColoradoWest Virginia1-17",2026-01-17,"conf","Colorado","West Virginia","B12","B12","A","L","61-72",0.640434349812151,0.87123425331909,0.789142831518436,0.356141766264973,-0.356141766264973,53.8,"played",NA,NA,NA,59,"Q1"
"6483",6483,"ColoradoWest Virginia1-17",2026-01-17,"conf","West Virginia","Colorado","B12","B12","H","W","72-61",0.87123425331909,0.640434349812151,0.87694452176131,0.800042273749593,0.199957726250407,91.2,"played",NA,NA,NA,78,"Q3"
"6484",6484,"ColumbiaBrown1-17",2026-01-17,"conf","Brown","Columbia","Ivy","Ivy","H","W","86-80",0.361296853591693,0.408052728218098,0.87694452176131,0.911801277983662,0.0881987220163379,49.7,"played",NA,NA,NA,151,"Q3"
"6485",6485,"ColumbiaBrown1-17",2026-01-17,"conf","Columbia","Brown","Ivy","Ivy","A","L","80-86",0.408052728218098,0.361296853591693,0.789142831518436,0.868699218992873,-0.868699218992873,28.3,"played",NA,NA,NA,275,"Q4"
"6486",6486,"ConnecticutGeorgetown1-17",2026-01-17,"conf","Connecticut","Georgetown","BE","BE","A","W","64-62",0.948353630627273,0.736066932523059,0.789142831518436,0.573009575192196,0.426990424807804,86.3,"played",NA,NA,NA,118,"Q2"
"6487",6487,"ConnecticutGeorgetown1-17",2026-01-17,"conf","Georgetown","Connecticut","BE","BE","H","L","62-64",0.736066932523059,0.948353630627273,0.87694452176131,0.279589420810512,-0.279589420810512,89.1,"played",NA,NA,NA,8,"Q1"
"6488",6488,"Coppin St.Maryland Eastern Shore1-17",2026-01-17,"conf","Coppin St.","Maryland Eastern Shore","MEAC","MEAC","A","L","67-70",0.0259808577725411,0.194861945562525,0.789142831518436,0.939259937606587,-0.939259937606587,16.3,"played",NA,NA,NA,325,"Q4"
"6489",6489,"Coppin St.Maryland Eastern Shore1-17",2026-01-17,"conf","Maryland Eastern Shore","Coppin St.","MEAC","MEAC","H","W","70-67",0.194861945562525,0.0259808577725411,0.87694452176131,0.996271000581672,0.00372899941832849,3.2,"played",NA,NA,NA,364,"Q4"
"6490",6490,"CornellYale1-17",2026-01-17,"conf","Cornell","Yale","Ivy","Ivy","A","L","68-102",0.377743777487108,0.814418788081781,0.789142831518436,0.460279928688857,-0.460279928688857,6.7,"played",NA,NA,NA,61,"Q1"
"6491",6491,"CornellYale1-17",2026-01-17,"conf","Yale","Cornell","Ivy","Ivy","H","W","102-68",0.814418788081781,0.377743777487108,0.87694452176131,0.921502900364643,0.0784970996353572,97.4,"played",NA,NA,NA,188,"Q4"
"6492",6492,"Detroit MercyIU Indy1-17",2026-01-17,"conf","Detroit Mercy","IU Indy","Horz","Horz","A","W","80-77",0.268076298487336,0.293111925980727,0.789142831518436,0.900257068363485,0.0997429316365148,32.2,"played",NA,NA,NA,310,"Q4"
"6493",6493,"Detroit MercyIU Indy1-17",2026-01-17,"conf","IU Indy","Detroit Mercy","Horz","Horz","H","L","77-80",0.293111925980727,0.268076298487336,0.87694452176131,0.951117264043805,-0.951117264043805,24.3,"played",NA,NA,NA,273,"Q4"
"6494",6494,"DrakeIllinois Chicago1-17",2026-01-17,"conf","Drake","Illinois Chicago","MVC","MVC","A","L","67-74",0.380317101596354,0.656335877113298,0.789142831518436,0.662120554275075,-0.662120554275075,28,"played",NA,NA,NA,161,"Q3"
"6495",6495,"DrakeIllinois Chicago1-17",2026-01-17,"conf","Illinois Chicago","Drake","MVC","MVC","H","W","74-67",0.656335877113298,0.380317101596354,0.87694452176131,0.920708383048696,0.0792916169513039,75.1,"played",NA,NA,NA,166,"Q4"
"6496",6496,"DukeStanford1-17",2026-01-17,"conf","Duke","Stanford","ACC","ACC","A","W","80-50",0.939287290689777,0.825268926203313,0.789142831518436,0.442087360782368,0.557912639217632,99.7,"played",NA,NA,NA,68,"Q1"
"6497",6497,"DukeStanford1-17",2026-01-17,"conf","Stanford","Duke","ACC","ACC","H","L","50-80",0.825268926203313,0.939287290689777,0.87694452176131,0.315363975570193,-0.315363975570193,16.1,"played",NA,NA,NA,2,"Q1"
"6498",6498,"DuquesneFordham1-17",2026-01-17,"conf","Duquesne","Fordham","A10","A10","A","W","74-63",0.509896069293123,0.520630114053518,0.789142831518436,0.775076087478428,0.224923912521572,86.5,"played",NA,NA,NA,226,"Q3"
"6499",6499,"DuquesneFordham1-17",2026-01-17,"conf","Fordham","Duquesne","A10","A10","H","L","63-74",0.520630114053518,0.509896069293123,0.87694452176131,0.872608167411856,-0.872608167411856,15,"played",NA,NA,NA,155,"Q3"
"6500",6500,"East Tennessee St.Samford1-17",2026-01-17,"conf","East Tennessee St.","Samford","SC","SC","A","W","76-75",0.448888433472161,0.283895640638759,0.789142831518436,0.904217121017145,0.0957828789828551,45.4,"played",NA,NA,NA,269,"Q4"
"6501",6501,"East Tennessee St.Samford1-17",2026-01-17,"conf","Samford","East Tennessee St.","SC","SC","H","L","75-76",0.283895640638759,0.448888433472161,0.87694452176131,0.897428314939119,-0.897428314939119,28,"played",NA,NA,NA,129,"Q3"
"6502",6502,"East Texas A&MHouston Christian1-17",2026-01-17,"conf","East Texas A&M","Houston Christian","Slnd","Slnd","A","L","70-81",0.215264103557443,0.276141122733715,0.789142831518436,0.907497132184877,-0.907497132184877,17.8,"played",NA,NA,NA,297,"Q4"
"6503",6503,"East Texas A&MHouston Christian1-17",2026-01-17,"conf","Houston Christian","East Texas A&M","Slnd","Slnd","H","W","81-70",0.276141122733715,0.215264103557443,0.87694452176131,0.962934186645948,0.0370658133540517,32.6,"played",NA,NA,NA,277,"Q4"
"6504",6504,"Eastern MichiganBowling Green1-17",2026-01-17,"conf","Bowling Green","Eastern Michigan","MAC","MAC","H","W","85-79",0.717673284740088,0.375757933331981,0.87694452176131,0.922112482630347,0.0778875173696529,64.8,"played",NA,NA,NA,179,"Q4"
"6505",6505,"Eastern MichiganBowling Green1-17",2026-01-17,"conf","Eastern Michigan","Bowling Green","MAC","MAC","A","L","79-85",0.375757933331981,0.717673284740088,0.789142831518436,0.595516196130015,-0.595516196130015,45.4,"played",NA,NA,NA,101,"Q2"
"6506",6506,"Eastern WashingtonIdaho St.1-17",2026-01-17,"conf","Eastern Washington","Idaho St.","BSky","BSky","A","W","84-66",0.310791476526984,0.482382067045718,0.789142831518436,0.800634908501729,0.199365091498271,96.4,"played",NA,NA,NA,174,"Q3"
"6507",6507,"Eastern WashingtonIdaho St.1-17",2026-01-17,"conf","Idaho St.","Eastern Washington","BSky","BSky","H","L","66-84",0.482382067045718,0.310791476526984,0.87694452176131,0.940488514720462,-0.940488514720462,1.5,"played",NA,NA,NA,254,"Q4"
"6508",6508,"ElonHofstra1-17",2026-01-17,"conf","Elon","Hofstra","CAA","CAA","A","W","89-85",0.417238728194965,0.699970786275648,0.789142831518436,0.616000755318418,0.383999244681582,80,"played",NA,NA,NA,106,"Q2"
"6509",6509,"ElonHofstra1-17",2026-01-17,"conf","Hofstra","Elon","CAA","CAA","H","L","85-89",0.699970786275648,0.417238728194965,0.87694452176131,0.908705250541613,-0.908705250541613,29.4,"played",NA,NA,NA,168,"Q4"
"6510",6510,"FairfieldMarist1-17",2026-01-17,"conf","Fairfield","Marist","MAAC","MAAC","A","L","67-82",0.22489171654641,0.603367224365608,0.789142831518436,0.71100112209817,-0.71100112209817,10.2,"played",NA,NA,NA,150,"Q3"
"6511",6511,"FairfieldMarist1-17",2026-01-17,"conf","Marist","Fairfield","MAAC","MAAC","H","W","82-67",0.603367224365608,0.22489171654641,0.87694452176131,0.960879115225298,0.0391208847747024,79.5,"played",NA,NA,NA,248,"Q4"
"6512",6512,"Florida A&MArkansas Pine Bluff1-17",2026-01-17,"conf","Arkansas Pine Bluff","Florida A&M","SWAC","SWAC","H","L","67-71",0.33673558307527,0.193160437433708,0.87694452176131,0.967498013170315,-0.967498013170315,13.3,"played",NA,NA,NA,307,"Q4"
"6513",6513,"Florida A&MArkansas Pine Bluff1-17",2026-01-17,"conf","Florida A&M","Arkansas Pine Bluff","SWAC","SWAC","A","W","71-67",0.193160437433708,0.33673558307527,0.789142831518436,0.880549289395955,0.119450710604045,44.2,"played",NA,NA,NA,311,"Q4"
"6514",6514,"FloridaVanderbilt1-17",2026-01-17,"conf","Florida","Vanderbilt","SEC","SEC","A","W","98-94",0.940366182041113,0.960919519146125,0.789142831518436,0.132101847871506,0.867898152128494,97.4,"played",NA,NA,NA,16,"Q1"
"6515",6515,"FloridaVanderbilt1-17",2026-01-17,"conf","Vanderbilt","Florida","SEC","SEC","H","L","94-98",0.960919519146125,0.940366182041113,0.87694452176131,0.311259394238092,-0.311259394238092,91.3,"played",NA,NA,NA,14,"Q1"
"6516",6516,"Georgia St.Louisiana Monroe1-17",2026-01-17,"conf","Georgia St.","Louisiana Monroe","SB","SB","A","W","77-57",0.207313157197796,0.110510816070549,0.789142831518436,0.967869772859297,0.0321302271407032,60.7,"played",NA,NA,NA,359,"Q4"
"6517",6517,"Georgia St.Louisiana Monroe1-17",2026-01-17,"conf","Louisiana Monroe","Georgia St.","SB","SB","H","L","57-77",0.110510816070549,0.207313157197796,0.87694452176131,0.964600153744441,-0.964600153744441,2.1,"played",NA,NA,NA,261,"Q4"
"6518",6518,"Georgia TechN.C. State1-17",2026-01-17,"conf","Georgia Tech","N.C. State","ACC","ACC","A","W","78-74",0.493378438439407,0.928506150979041,0.789142831518436,0.223705894573487,0.776294105426513,95.3,"played",NA,NA,NA,29,"Q1"
"6519",6519,"Georgia TechN.C. State1-17",2026-01-17,"conf","N.C. State","Georgia Tech","ACC","ACC","H","L","74-78",0.928506150979041,0.493378438439407,0.87694452176131,0.879774473681039,-0.879774473681039,38.7,"played",NA,NA,NA,146,"Q3"
"6520",6520,"GonzagaSeattle1-17",2026-01-17,"conf","Gonzaga","Seattle","WCC","WCC","A","W","71-50",0.937344159237918,0.74544303723052,0.789142831518436,0.561022355526039,0.438977644473961,98,"played",NA,NA,NA,114,"Q2"
"6521",6521,"GonzagaSeattle1-17",2026-01-17,"conf","Seattle","Gonzaga","WCC","WCC","H","L","50-71",0.74544303723052,0.937344159237918,0.87694452176131,0.32265760727251,-0.32265760727251,46.9,"played",NA,NA,NA,4,"Q1"
"6522",6522,"HawaiiUC Santa Barbara1-17",2026-01-17,"conf","Hawaii","UC Santa Barbara","BW","BW","A","L","62-77",0.653990887306024,0.641009132198243,0.789142831518436,0.677000142650276,-0.677000142650276,9.1,"played",NA,NA,NA,145,"Q3"
"6523",6523,"HawaiiUC Santa Barbara1-17",2026-01-17,"conf","UC Santa Barbara","Hawaii","BW","BW","H","W","77-62",0.641009132198243,0.653990887306024,0.87694452176131,0.790373812577229,0.209626187422771,97.1,"played",NA,NA,NA,97,"Q3"
"6524",6524,"Holy CrossLafayette1-17",2026-01-17,"conf","Holy Cross","Lafayette","Pat","Pat","A","L","55-74",0.118107022625567,0.247759908493423,0.789142831518436,0.919113429490502,-0.919113429490502,1.1,"played",NA,NA,NA,328,"Q4"
"6525",6525,"Holy CrossLafayette1-17",2026-01-17,"conf","Lafayette","Holy Cross","Pat","Pat","H","W","74-55",0.247759908493423,0.118107022625567,0.87694452176131,0.981553972347959,0.0184460276520411,79.6,"played",NA,NA,NA,314,"Q4"
"6526",6526,"HowardNorth Carolina Central1-17",2026-01-17,"conf","Howard","North Carolina Central","MEAC","MEAC","A","W","83-69",0.233389525482971,0.146611416892688,0.789142831518436,0.956110386825677,0.0438896131743233,44.3,"played",NA,NA,NA,344,"Q4"
"6527",6527,"HowardNorth Carolina Central1-17",2026-01-17,"conf","North Carolina Central","Howard","MEAC","MEAC","H","L","69-83",0.146611416892688,0.233389525482971,0.87694452176131,0.95902984853669,-0.95902984853669,6.2,"played",NA,NA,NA,252,"Q4"
"6528",6528,"IdahoWeber St.1-17",2026-01-17,"conf","Idaho","Weber St.","BSky","BSky","A","W","75-67",0.431116462873849,0.519652525465715,0.789142831518436,0.775758164330446,0.224241835669554,87.1,"played",NA,NA,NA,190,"Q3"
"6529",6529,"IdahoWeber St.1-17",2026-01-17,"conf","Weber St.","Idaho","BSky","BSky","H","L","67-75",0.519652525465715,0.431116462873849,0.87694452176131,0.903880582257921,-0.903880582257921,10.8,"played",NA,NA,NA,158,"Q3"
"6530",6530,"Indiana St.Murray St.1-17",2026-01-17,"conf","Indiana St.","Murray St.","MVC","MVC","A","L","81-85",0.363662236714813,0.768671365816874,0.789142831518436,0.52970054022595,-0.52970054022595,56.7,"played",NA,NA,NA,74,"Q1"
"6531",6531,"Indiana St.Murray St.1-17",2026-01-17,"conf","Murray St.","Indiana St.","MVC","MVC","H","W","85-81",0.768671365816874,0.363662236714813,0.87694452176131,0.925760033172288,0.0742399668277122,59.2,"played",NA,NA,NA,205,"Q4"
"6532",6532,"Iowa St.Cincinnati1-17",2026-01-17,"conf","Cincinnati","Iowa St.","B12","B12","H","W","79-70",0.873465038086542,0.932186105100022,0.87694452176131,0.341423525966652,0.658576474033348,98.6,"played",NA,NA,NA,6,"Q1"
"6533",6533,"Iowa St.Cincinnati1-17",2026-01-17,"conf","Iowa St.","Cincinnati","B12","B12","A","L","70-79",0.932186105100022,0.873465038086542,0.789142831518436,0.351561364376916,-0.351561364376916,57.5,"played",NA,NA,NA,72,"Q1"
"6534",6534,"IowaIndiana1-17",2026-01-17,"conf","Indiana","Iowa","B10","B10","H","L","57-74",0.929075305570624,0.910684041262198,0.87694452176131,0.411393574304387,-0.411393574304387,45.3,"played",NA,NA,NA,21,"Q1"
"6535",6535,"IowaIndiana1-17",2026-01-17,"conf","Iowa","Indiana","B10","B10","A","W","74-57",0.910684041262198,0.929075305570624,0.789142831518436,0.222214997574681,0.777785002425319,99.4,"played",NA,NA,NA,38,"Q1"
"6536",6536,"JacksonvilleNorth Alabama1-17",2026-01-17,"conf","Jacksonville","North Alabama","ASun","ASun","A","W","90-68",0.161966016954007,0.155996475577486,0.789142831518436,0.952938253331221,0.0470617466687792,80,"played",NA,NA,NA,335,"Q4"
"6537",6537,"JacksonvilleNorth Alabama1-17",2026-01-17,"conf","North Alabama","Jacksonville","ASun","ASun","H","L","68-90",0.155996475577486,0.161966016954007,0.87694452176131,0.973595990398377,-0.973595990398377,0.9,"played",NA,NA,NA,293,"Q4"
"6538",6538,"James MadisonMarshall1-17",2026-01-17,"conf","James Madison","Marshall","SB","SB","A","L","72-77",0.248008473110579,0.564591704093553,0.789142831518436,0.74268055731084,-0.74268055731084,47.6,"played",NA,NA,NA,138,"Q3"
"6539",6539,"James MadisonMarshall1-17",2026-01-17,"conf","Marshall","James Madison","SB","SB","H","W","77-72",0.564591704093553,0.248008473110579,0.87694452176131,0.955768164170376,0.0442318358296244,32,"played",NA,NA,NA,244,"Q4"
"6540",6540,"Kansas St.Oklahoma St.1-17",2026-01-17,"conf","Kansas St.","Oklahoma St.","B12","B12","A","L","83-84",0.660770736289095,0.819344264260517,0.789142831518436,0.452111051323319,-0.452111051323319,76.8,"played",NA,NA,NA,73,"Q1"
"6541",6541,"Kansas St.Oklahoma St.1-17",2026-01-17,"conf","Oklahoma St.","Kansas St.","B12","B12","H","W","84-83",0.819344264260517,0.660770736289095,0.87694452176131,0.785342749205728,0.214657250794272,72.8,"played",NA,NA,NA,82,"Q3"
"6542",6542,"Kennesaw St.Western Kentucky1-17",2026-01-17,"conf","Kennesaw St.","Western Kentucky","CUSA","CUSA","A","W","81-65",0.417773718358861,0.539993818540962,0.789142831518436,0.761232506402088,0.238767493597912,87.2,"played",NA,NA,NA,167,"Q3"
"6543",6543,"Kennesaw St.Western Kentucky1-17",2026-01-17,"conf","Western Kentucky","Kennesaw St.","CUSA","CUSA","H","L","65-81",0.539993818540962,0.417773718358861,0.87694452176131,0.908522587405783,-0.908522587405783,11,"played",NA,NA,NA,159,"Q3"
"6544",6544,"KentuckyTennessee1-17",2026-01-17,"conf","Kentucky","Tennessee","SEC","SEC","A","W","80-78",0.817212751797622,0.951108153148531,0.789142831518436,0.161345502513521,0.838654497486479,93,"played",NA,NA,NA,26,"Q1"
"6545",6545,"KentuckyTennessee1-17",2026-01-17,"conf","Tennessee","Kentucky","SEC","SEC","H","L","78-80",0.951108153148531,0.817212751797622,0.87694452176131,0.614491502801326,-0.614491502801326,86.8,"played",NA,NA,NA,31,"Q2"
"6546",6546,"LamarNicholls St.1-17",2026-01-17,"conf","Lamar","Nicholls St.","Slnd","Slnd","A","W","90-80",0.29006579149575,0.447990911854504,0.789142831518436,0.821795222623473,0.178204777376527,71.1,"played",NA,NA,NA,214,"Q3"
"6547",6547,"LamarNicholls St.1-17",2026-01-17,"conf","Nicholls St.","Lamar","Slnd","Slnd","H","L","80-90",0.447990911854504,0.29006579149575,0.87694452176131,0.945775529853966,-0.945775529853966,11.9,"played",NA,NA,NA,220,"Q4"
"6548",6548,"Le MoyneChicago St.1-17",2026-01-17,"conf","Chicago St.","Le Moyne","NEC","NEC","H","L","57-72",0.131935258890074,0.233859733605385,0.87694452176131,0.958926535914673,-0.958926535914673,9.2,"played",NA,NA,NA,263,"Q4"
"6549",6549,"Le MoyneChicago St.1-17",2026-01-17,"conf","Le Moyne","Chicago St.","NEC","NEC","A","W","72-57",0.233859733605385,0.131935258890074,0.789142831518436,0.960974076944283,0.0390259230557167,31.4,"played",NA,NA,NA,352,"Q4"
"6550",6550,"LindenwoodTennessee Martin1-17",2026-01-17,"conf","Lindenwood","Tennessee Martin","OVC","OVC","A","L","55-69",0.294360678016868,0.371890241689694,0.789142831518436,0.863407239429369,-0.863407239429369,3.3,"played",NA,NA,NA,187,"Q3"
"6551",6551,"LindenwoodTennessee Martin1-17",2026-01-17,"conf","Tennessee Martin","Lindenwood","OVC","OVC","H","W","69-55",0.371890241689694,0.294360678016868,0.87694452176131,0.944700645022092,0.0552993549779085,88,"played",NA,NA,NA,224,"Q4"
"6552",6552,"LIUFairleigh Dickinson1-17",2026-01-17,"conf","Fairleigh Dickinson","LIU","NEC","NEC","H","L","59-66",0.183963005479034,0.325501227881235,0.87694452176131,0.936577409173886,-0.936577409173886,15.9,"played",NA,NA,NA,201,"Q4"
"6553",6553,"LIUFairleigh Dickinson1-17",2026-01-17,"conf","LIU","Fairleigh Dickinson","NEC","NEC","A","W","66-59",0.325501227881235,0.183963005479034,0.789142831518436,0.943186569817656,0.0568134301823435,36.5,"played",NA,NA,NA,339,"Q4"
"6554",6554,"Long Beach St.Cal St. Northridge1-17",2026-01-17,"conf","Cal St. Northridge","Long Beach St.","BW","BW","H","L","80-87",0.543814122124777,0.276270766068189,0.87694452176131,0.949157607123227,-0.949157607123227,19.3,"played",NA,NA,NA,240,"Q4"
"6555",6555,"Long Beach St.Cal St. Northridge1-17",2026-01-17,"conf","Long Beach St.","Cal St. Northridge","BW","BW","A","W","87-80",0.276270766068189,0.543814122124777,0.789142831518436,0.758424134649901,0.241575865350099,65.5,"played",NA,NA,NA,209,"Q3"
"6556",6556,"LongwoodRadford1-17",2026-01-17,"conf","Longwood","Radford","BSth","BSth","A","L","83-85",0.192892523448795,0.361659659316487,0.789142831518436,0.868519826317415,-0.868519826317415,11.6,"played",NA,NA,NA,260,"Q4"
"6557",6557,"LongwoodRadford1-17",2026-01-17,"conf","Radford","Longwood","BSth","BSth","H","W","85-83",0.361659659316487,0.192892523448795,0.87694452176131,0.967552055004814,0.0324479449951863,50.8,"played",NA,NA,NA,271,"Q4"
"6558",6558,"Louisiana TechJacksonville St.1-17",2026-01-17,"conf","Jacksonville St.","Louisiana Tech","CUSA","CUSA","H","W","64-60",0.444551537137328,0.208034428147825,0.87694452176131,0.964450169222807,0.0355498307771926,65.9,"played",NA,NA,NA,264,"Q4"
"6559",6559,"Louisiana TechJacksonville St.1-17",2026-01-17,"conf","Louisiana Tech","Jacksonville St.","CUSA","CUSA","A","L","60-64",0.208034428147825,0.444551537137328,0.789142831518436,0.823824402356089,-0.823824402356089,9.8,"played",NA,NA,NA,245,"Q4"
"6560",6560,"LouisianaSouth Alabama1-17",2026-01-17,"conf","Louisiana","South Alabama","SB","SB","A","W","59-56",0.137657594317457,0.456678516291553,0.789142831518436,0.816601206226327,0.183398793773673,56.4,"played",NA,NA,NA,197,"Q3"
"6561",6561,"LouisianaSouth Alabama1-17",2026-01-17,"conf","South Alabama","Louisiana","SB","SB","H","L","56-59",0.456678516291553,0.137657594317457,0.87694452176131,0.978090705272969,-0.978090705272969,9.4,"played",NA,NA,NA,334,"Q4"
"6562",6562,"LouisvillePittsburgh1-17",2026-01-17,"conf","Louisville","Pittsburgh","ACC","ACC","A","W","100-59",0.927853101372083,0.730765128903465,0.789142831518436,0.579630896823016,0.420369103176984,99.9,"played",NA,NA,NA,121,"Q2"
"6563",6563,"LouisvillePittsburgh1-17",2026-01-17,"conf","Pittsburgh","Louisville","ACC","ACC","H","L","59-100",0.730765128903465,0.927853101372083,0.87694452176131,0.356552099528878,-0.356552099528878,3.3,"played",NA,NA,NA,15,"Q1"
"6564",6564,"MassachusettsNorthern Illinois1-17",2026-01-17,"conf","Massachusetts","Northern Illinois","MAC","MAC","A","L","68-70",0.413278035203541,0.231423124479628,0.789142831518436,0.925536135207541,-0.925536135207541,14.2,"played",NA,NA,NA,312,"Q4"
"6565",6565,"MassachusettsNorthern Illinois1-17",2026-01-17,"conf","Northern Illinois","Massachusetts","MAC","MAC","H","W","70-68",0.231423124479628,0.413278035203541,0.87694452176131,0.910049454018875,0.0899505459811247,56.2,"played",NA,NA,NA,195,"Q4"
"6566",6566,"McNeese St.UT Rio Grande Valley1-17",2026-01-17,"conf","McNeese St.","UT Rio Grande Valley","Slnd","Slnd","A","L","76-79",0.683026270437139,0.55726232666861,0.789142831518436,0.748326675227506,-0.748326675227506,21.6,"played",NA,NA,NA,194,"Q3"
"6567",6567,"McNeese St.UT Rio Grande Valley1-17",2026-01-17,"conf","UT Rio Grande Valley","McNeese St.","Slnd","Slnd","H","W","79-76",0.55726232666861,0.683026270437139,0.87694452176131,0.767829201135309,0.232170798864691,90.8,"played",NA,NA,NA,57,"Q2"
"6568",6568,"MercerUNC Greensboro1-17",2026-01-17,"conf","Mercer","UNC Greensboro","SC","SC","A","W","102-92",0.497972452629038,0.281789356639244,0.789142831518436,0.9051126855927,0.0948873144073005,69.5,"played",NA,NA,NA,295,"Q4"
"6569",6569,"MercerUNC Greensboro1-17",2026-01-17,"conf","UNC Greensboro","Mercer","SC","SC","H","L","92-102",0.281789356639244,0.497972452629038,0.87694452176131,0.877817047848107,-0.877817047848107,14.6,"played",NA,NA,NA,125,"Q3"
"6570",6570,"Miami FLClemson1-17",2026-01-17,"conf","Clemson","Miami FL","ACC","ACC","H","W","69-59",0.937538780726441,0.797942523828166,0.87694452176131,0.643439496156293,0.356560503843707,97.5,"played",NA,NA,NA,37,"Q2"
"6571",6571,"Miami FLClemson1-17",2026-01-17,"conf","Miami FL","Clemson","ACC","ACC","A","L","59-69",0.797942523828166,0.937538780726441,0.789142831518436,0.199576091999099,-0.199576091999099,60.8,"played",NA,NA,NA,32,"Q1"
"6572",6572,"Michigan St.Washington1-17",2026-01-17,"conf","Michigan St.","Washington","B10","B10","A","W","80-63",0.932129770868875,0.850500833069505,0.789142831518436,0.396811542881163,0.603188457118837,98.2,"played",NA,NA,NA,62,"Q1"
"6573",6573,"Michigan St.Washington1-17",2026-01-17,"conf","Washington","Michigan St.","B10","B10","H","L","63-80",0.850500833069505,0.932129770868875,0.87694452176131,0.341623855432532,-0.341623855432532,58.3,"played",NA,NA,NA,11,"Q1"
"6574",6574,"MichiganOregon1-17",2026-01-17,"conf","Michigan","Oregon","B10","B10","A","W","81-71",0.976564220412699,0.81299290274961,0.789142831518436,0.462617524270081,0.537382475729919,94.7,"played",NA,NA,NA,104,"Q2"
"6575",6575,"MichiganOregon1-17",2026-01-17,"conf","Oregon","Michigan","B10","B10","H","L","71-81",0.81299290274961,0.976564220412699,0.87694452176131,0.146044441707653,-0.146044441707653,91,"played",NA,NA,NA,1,"Q1"
"6576",6576,"MinnesotaIllinois1-17",2026-01-17,"conf","Illinois","Minnesota","B10","B10","H","W","77-67",0.970104643724092,0.730929552070615,0.87694452176131,0.724014798467854,0.275985201532146,88.3,"played",NA,NA,NA,83,"Q3"
"6577",6577,"MinnesotaIllinois1-17",2026-01-17,"conf","Minnesota","Illinois","B10","B10","A","L","67-77",0.730929552070615,0.970104643724092,0.789142831518436,0.103406530476857,-0.103406530476857,92.1,"played",NA,NA,NA,9,"Q1"
"6578",6578,"MississippiMississippi St.1-17",2026-01-17,"conf","Mississippi","Mississippi St.","SEC","SEC","A","W","68-67",0.654298907124239,0.769828564240354,0.789142831518436,0.528076163539221,0.471923836460779,75.4,"played",NA,NA,NA,99,"Q2"
"6579",6579,"MississippiMississippi St.1-17",2026-01-17,"conf","Mississippi St.","Mississippi","SEC","SEC","H","L","67-68",0.769828564240354,0.654298907124239,0.87694452176131,0.790148149620637,-0.790148149620637,67.4,"played",NA,NA,NA,87,"Q3"
"6580",6580,"Missouri St.Middle Tennessee1-17",2026-01-17,"conf","Middle Tennessee","Missouri St.","CUSA","CUSA","H","W","90-87",0.754494348969183,0.459710378911034,0.87694452176131,0.893339623025375,0.106660376974625,51.1,"played",NA,NA,NA,191,"Q4"
"6581",6581,"Missouri St.Middle Tennessee1-17",2026-01-17,"conf","Missouri St.","Middle Tennessee","CUSA","CUSA","A","L","87-90",0.459710378911034,0.754494348969183,0.789142831518436,0.54910087733936,-0.54910087733936,71.4,"played",NA,NA,NA,111,"Q2"
"6582",6582,"MissouriLSU1-17",2026-01-17,"conf","LSU","Missouri","SEC","SEC","H","W","78-70",0.86991035902452,0.730398132959743,0.87694452176131,0.724554054905934,0.275445945094066,93.2,"played",NA,NA,NA,70,"Q2"
"6583",6583,"MissouriLSU1-17",2026-01-17,"conf","Missouri","LSU","SEC","SEC","A","L","70-78",0.730398132959743,0.86991035902452,0.789142831518436,0.358840545849542,-0.358840545849542,56.9,"played",NA,NA,NA,50,"Q1"
"6584",6584,"MontanaMontana St.1-17",2026-01-17,"conf","Montana","Montana St.","BSky","BSky","A","L","67-76",0.47565609222007,0.671913057281984,0.789142831518436,0.64632316760184,-0.64632316760184,50.2,"played",NA,NA,NA,134,"Q2"
"6585",6585,"MontanaMontana St.1-17",2026-01-17,"conf","Montana St.","Montana","BSky","BSky","H","W","76-67",0.671913057281984,0.47565609222007,0.87694452176131,0.887080556167823,0.112919443832177,64.8,"played",NA,NA,NA,163,"Q4"
"6586",6586,"Morehead St.Tennessee Tech1-17",2026-01-17,"conf","Morehead St.","Tennessee Tech","OVC","OVC","A","W","76-70",0.163264947729151,0.15372993043803,0.789142831518436,0.953708845262442,0.0462911547375577,42.3,"played",NA,NA,NA,331,"Q4"
"6587",6587,"Morehead St.Tennessee Tech1-17",2026-01-17,"conf","Tennessee Tech","Morehead St.","OVC","OVC","H","L","70-76",0.15372993043803,0.163264947729151,0.87694452176131,0.973349662894276,-0.973349662894276,4.6,"played",NA,NA,NA,286,"Q4"
"6588",6588,"Morgan St.Delaware St.1-17",2026-01-17,"conf","Delaware St.","Morgan St.","MEAC","MEAC","H","L","79-80",0.090666985933371,0.0419653130687214,0.87694452176131,0.99389090633261,-0.99389090633261,2.1,"played",NA,NA,NA,361,"Q4"
"6589",6589,"Morgan St.Delaware St.1-17",2026-01-17,"conf","Morgan St.","Delaware St.","MEAC","MEAC","A","W","80-79",0.0419653130687214,0.090666985933371,0.789142831518436,0.974049833381381,0.0259501666186186,16.9,"played",NA,NA,NA,358,"Q4"
"6590",6590,"Mount St. Mary'sCanisius1-17",2026-01-17,"conf","Canisius","Mount St. Mary's","MAAC","MAAC","H","L","68-78",0.168655818164591,0.171353269912124,0.87694452176131,0.97180128755884,-0.97180128755884,8.4,"played",NA,NA,NA,304,"Q4"
"6591",6591,"Mount St. Mary'sCanisius1-17",2026-01-17,"conf","Mount St. Mary's","Canisius","MAAC","MAAC","A","W","78-68",0.171353269912124,0.168655818164591,0.789142831518436,0.948580548987064,0.051419451012936,31.4,"played",NA,NA,NA,342,"Q4"
"6592",6592,"NavyLehigh1-17",2026-01-17,"conf","Lehigh","Navy","Pat","Pat","H","L","79-82",0.26032083125622,0.313792818654193,0.87694452176131,0.939701501811385,-0.939701501811385,28.3,"played",NA,NA,NA,193,"Q4"
"6593",6593,"NavyLehigh1-17",2026-01-17,"conf","Navy","Lehigh","Pat","Pat","A","W","82-79",0.313792818654193,0.26032083125622,0.789142831518436,0.914045954914765,0.0859540450852349,29,"played",NA,NA,NA,298,"Q4"
"6594",6594,"Nebraska OmahaOral Roberts1-17",2026-01-17,"conf","Nebraska Omaha","Oral Roberts","Sum","Sum","A","W","73-62",0.245482919288472,0.246336680636335,0.789142831518436,0.919680424700408,0.080319575299592,66.2,"played",NA,NA,NA,317,"Q4"
"6595",6595,"Nebraska OmahaOral Roberts1-17",2026-01-17,"conf","Oral Roberts","Nebraska Omaha","Sum","Sum","H","L","62-73",0.246336680636335,0.245482919288472,0.87694452176131,0.956339074498325,-0.956339074498325,5.1,"played",NA,NA,NA,281,"Q4"
"6596",6596,"NebraskaNorthwestern1-17",2026-01-17,"conf","Nebraska","Northwestern","B10","B10","A","W","77-58",0.926689461842875,0.848307220201776,0.789142831518436,0.400923368847485,0.599076631152515,98.4,"played",NA,NA,NA,69,"Q1"
"6597",6597,"NebraskaNorthwestern1-17",2026-01-17,"conf","Northwestern","Nebraska","B10","B10","H","L","58-77",0.848307220201776,0.926689461842875,0.87694452176131,0.360520506421061,-0.360520506421061,53.4,"played",NA,NA,NA,7,"Q1"
"6598",6598,"NevadaAir Force1-17",2026-01-17,"conf","Air Force","Nevada","MWC","MWC","H","L","66-81",0.183685442633759,0.739452783455418,0.87694452176131,0.715181068389696,-0.715181068389696,22.7,"played",NA,NA,NA,65,"Q2"
"6599",6599,"NevadaAir Force1-17",2026-01-17,"conf","Nevada","Air Force","MWC","MWC","A","W","81-66",0.739452783455418,0.183685442633759,0.789142831518436,0.943285622791657,0.0567143772083434,68.5,"played",NA,NA,NA,336,"Q4"
"6600",6600,"New Mexico St.Delaware1-17",2026-01-17,"conf","Delaware","New Mexico St.","CUSA","CUSA","H","L","68-97",0.290475626387562,0.516577137332239,0.87694452176131,0.869605543564459,-0.869605543564459,3.7,"played",NA,NA,NA,140,"Q3"
"6601",6601,"New Mexico St.Delaware1-17",2026-01-17,"conf","New Mexico St.","Delaware","CUSA","CUSA","A","W","97-68",0.516577137332239,0.290475626387562,0.789142831518436,0.901396772388435,0.0986032276115646,91.8,"played",NA,NA,NA,300,"Q4"
"6602",6602,"New MexicoSan Diego St.1-17",2026-01-17,"conf","New Mexico","San Diego St.","MWC","MWC","A","L","79-83",0.808195778802625,0.88804009035819,0.789142831518436,0.320579556111625,-0.320579556111625,80.4,"played",NA,NA,NA,52,"Q1"
"6603",6603,"New MexicoSan Diego St.1-17",2026-01-17,"conf","San Diego St.","New Mexico","MWC","MWC","H","W","83-79",0.88804009035819,0.808195778802625,0.87694452176131,0.628428109075613,0.371571890924387,89.1,"played",NA,NA,NA,42,"Q2"
"6604",6604,"Norfolk St.South Carolina St.1-17",2026-01-17,"conf","Norfolk St.","South Carolina St.","MEAC","MEAC","A","W","89-82",0.12516166540671,0.0923660430113964,0.789142831518436,0.973528234373433,0.0264717656265669,13.1,"played",NA,NA,NA,360,"Q4"
"6605",6605,"Norfolk St.South Carolina St.1-17",2026-01-17,"conf","South Carolina St.","Norfolk St.","MEAC","MEAC","H","L","82-89",0.0923660430113964,0.12516166540671,0.87694452176131,0.980319327860556,-0.980319327860556,8.8,"played",NA,NA,NA,303,"Q4"
"6606",6606,"North CarolinaCalifornia1-17",2026-01-17,"conf","California","North Carolina","ACC","ACC","H","W","84-78",0.828977030903702,0.849603281638803,0.87694452176131,0.557819068404126,0.442180931595874,97.1,"played",NA,NA,NA,27,"Q1"
"6607",6607,"North CarolinaCalifornia1-17",2026-01-17,"conf","North Carolina","California","ACC","ACC","A","L","78-84",0.849603281638803,0.828977030903702,0.789142831518436,0.435700951290163,-0.435700951290163,44.7,"played",NA,NA,NA,60,"Q1"
"6608",6608,"North FloridaCentral Arkansas1-17",2026-01-17,"conf","Central Arkansas","North Florida","ASun","ASun","H","W","98-69",0.578184355364173,0.130909333469256,0.87694452176131,0.979300944347944,0.0206990556520561,90.5,"played",NA,NA,NA,341,"Q4"
"6609",6609,"North FloridaCentral Arkansas1-17",2026-01-17,"conf","North Florida","Central Arkansas","ASun","ASun","A","L","69-98",0.130909333469256,0.578184355364173,0.789142831518436,0.73193102040683,-0.73193102040683,2.1,"played",NA,NA,NA,206,"Q3"
"6610",6610,"Northern ArizonaPortland St.1-17",2026-01-17,"conf","Northern Arizona","Portland St.","BSky","BSky","A","L","52-63",0.144289047802944,0.588461091868302,0.789142831518436,0.723553887104282,-0.723553887104282,17.1,"played",NA,NA,NA,137,"Q3"
"6611",6611,"Northern ArizonaPortland St.1-17",2026-01-17,"conf","Portland St.","Northern Arizona","BSky","BSky","H","W","63-52",0.588461091868302,0.144289047802944,0.87694452176131,0.976885797919125,0.0231142020808752,53.8,"played",NA,NA,NA,318,"Q4"
"6612",6612,"Northern ColoradoSacramento St.1-17",2026-01-17,"conf","Northern Colorado","Sacramento St.","BSky","BSky","A","L","89-93",0.441176952284647,0.304984656110273,0.789142831518436,0.895054064928712,-0.895054064928712,35.1,"played",NA,NA,NA,279,"Q4"
"6613",6613,"Northern ColoradoSacramento St.1-17",2026-01-17,"conf","Sacramento St.","Northern Colorado","BSky","BSky","H","W","93-89",0.304984656110273,0.441176952284647,0.87694452176131,0.900267043852585,0.0997329561474151,39,"played",NA,NA,NA,164,"Q4"
"6614",6614,"Northern IowaValparaiso1-17",2026-01-17,"conf","Northern Iowa","Valparaiso","MVC","MVC","A","L","44-54",0.62119758035374,0.617432819487282,0.789142831518436,0.69869691398021,-0.69869691398021,28.2,"played",NA,NA,NA,171,"Q3"
"6615",6615,"Northern IowaValparaiso1-17",2026-01-17,"conf","Valparaiso","Northern Iowa","MVC","MVC","H","W","54-44",0.617432819487282,0.62119758035374,0.87694452176131,0.812931803778752,0.187068196221248,87.1,"played",NA,NA,NA,102,"Q3"
"6616",6616,"Northwestern St.Incarnate Word1-17",2026-01-17,"conf","Incarnate Word","Northwestern St.","Slnd","Slnd","H","W","76-74",0.403222433818588,0.172988629015108,0.87694452176131,0.971485151015013,0.028514848984987,15.8,"played",NA,NA,NA,306,"Q4"
"6617",6617,"Northwestern St.Incarnate Word1-17",2026-01-17,"conf","Northwestern St.","Incarnate Word","Slnd","Slnd","A","L","74-76",0.172988629015108,0.403222433818588,0.789142831518436,0.847072516115336,-0.847072516115336,43,"played",NA,NA,NA,246,"Q4"
"6618",6618,"Notre DameVirginia Tech1-17",2026-01-17,"conf","Notre Dame","Virginia Tech","ACC","ACC","A","L","76-89",0.645182423439833,0.853893151640768,0.789142831518436,0.39038325210195,-0.39038325210195,40.7,"played",NA,NA,NA,51,"Q1"
"6619",6619,"Notre DameVirginia Tech1-17",2026-01-17,"conf","Virginia Tech","Notre Dame","ACC","ACC","H","W","89-76",0.853893151640768,0.645182423439833,0.87694452176131,0.796713547399044,0.203286452600956,93.9,"played",NA,NA,NA,81,"Q3"
"6620",6620,"Old DominionAppalachian St.1-17",2026-01-17,"conf","Appalachian St.","Old Dominion","SB","SB","H","L","73-75",0.475354481792086,0.270343466440864,0.87694452176131,0.950578683851748,-0.950578683851748,7.5,"played",NA,NA,NA,250,"Q4"
"6621",6621,"Old DominionAppalachian St.1-17",2026-01-17,"conf","Old Dominion","Appalachian St.","SB","SB","A","W","75-73",0.270343466440864,0.475354481792086,0.789142831518436,0.805091918259702,0.194908081740298,80.5,"played",NA,NA,NA,212,"Q3"
"6622",6622,"PacificOregon St.1-17",2026-01-17,"conf","Oregon St.","Pacific","WCC","WCC","H","L","64-81",0.48746862199899,0.522643024911776,0.87694452176131,0.866825148339616,-0.866825148339616,13.1,"played",NA,NA,NA,110,"Q3"
"6623",6623,"PacificOregon St.1-17",2026-01-17,"conf","Pacific","Oregon St.","WCC","WCC","A","W","81-64",0.522643024911776,0.48746862199899,0.789142831518436,0.797364378973173,0.202635621026827,87.3,"played",NA,NA,NA,213,"Q3"
"6624",6624,"PennDartmouth1-17",2026-01-17,"conf","Dartmouth","Penn","Ivy","Ivy","H","L","74-84",0.465558838117583,0.395413064060764,0.87694452176131,0.915940225457352,-0.915940225457352,24.1,"played",NA,NA,NA,178,"Q4"
"6625",6625,"PennDartmouth1-17",2026-01-17,"conf","Penn","Dartmouth","Ivy","Ivy","A","W","84-74",0.395413064060764,0.465558838117583,0.789142831518436,0.811188227275576,0.188811772724424,64.2,"played",NA,NA,NA,222,"Q3"
"6626",6626,"PortlandLoyola Marymount1-17",2026-01-17,"conf","Loyola Marymount","Portland","WCC","WCC","H","L","58-71",0.569167328627858,0.394760979258516,0.87694452176131,0.916150061931773,-0.916150061931773,3.8,"played",NA,NA,NA,215,"Q4"
"6627",6627,"PortlandLoyola Marymount1-17",2026-01-17,"conf","Portland","Loyola Marymount","WCC","WCC","A","W","71-58",0.394760979258516,0.569167328627858,0.789142831518436,0.739103014549339,0.260896985450661,95.6,"played",NA,NA,NA,170,"Q3"
"6628",6628,"Prairie View A&MJackson St.1-17",2026-01-17,"conf","Jackson St.","Prairie View A&M","SWAC","SWAC","H","W","82-78",0.203615154509213,0.172466558867004,0.87694452176131,0.971586187483802,0.0284138125161976,31.9,"played",NA,NA,NA,296,"Q4"
"6629",6629,"Prairie View A&MJackson St.1-17",2026-01-17,"conf","Prairie View A&M","Jackson St.","SWAC","SWAC","A","L","78-82",0.172466558867004,0.203615154509213,0.789142831518436,0.936052982067883,-0.936052982067883,10.2,"played",NA,NA,NA,347,"Q4"
"6630",6630,"PresbyterianGardner Webb1-17",2026-01-17,"conf","Gardner Webb","Presbyterian","BSth","BSth","H","L","55-92",0.0575179811498203,0.211694092348146,0.87694452176131,0.96368565745234,-0.96368565745234,0.2,"played",NA,NA,NA,258,"Q4"
"6631",6631,"PresbyterianGardner Webb1-17",2026-01-17,"conf","Presbyterian","Gardner Webb","BSth","BSth","A","W","92-55",0.211694092348146,0.0575179811498203,0.789142831518436,0.983955042501081,0.016044957498919,89.9,"played",NA,NA,NA,363,"Q4"
"6632",6632,"PrincetonHarvard1-17",2026-01-17,"conf","Harvard","Princeton","Ivy","Ivy","H","W","87-80",0.510633319046039,0.302269000525834,0.87694452176131,0.942693369093223,0.0573066309067766,29.4,"played",NA,NA,NA,239,"Q4"
"6633",6633,"PrincetonHarvard1-17",2026-01-17,"conf","Princeton","Harvard","Ivy","Ivy","A","L","80-87",0.302269000525834,0.510633319046039,0.789142831518436,0.781977323713595,-0.781977323713595,52.1,"played",NA,NA,NA,182,"Q3"
"6634",6634,"PurdueUSC1-17",2026-01-17,"conf","Purdue","USC","B10","B10","A","W","69-64",0.942325072165618,0.850928400566256,0.789142831518436,0.396005997866024,0.603994002133976,87.6,"played",NA,NA,NA,56,"Q1"
"6635",6635,"PurdueUSC1-17",2026-01-17,"conf","USC","Purdue","B10","B10","H","L","64-69",0.850928400566256,0.942325072165618,0.87694452176131,0.303704422926014,-0.303704422926014,92.9,"played",NA,NA,NA,5,"Q1"
"6636",6636,"QueensStetson1-17",2026-01-17,"conf","Queens","Stetson","ASun","ASun","A","W","87-81",0.358618140773719,0.223300374896591,0.789142831518436,0.928661106603634,0.0713388933963659,51.2,"played",NA,NA,NA,327,"Q4"
"6637",6637,"QueensStetson1-17",2026-01-17,"conf","Stetson","Queens","ASun","ASun","H","L","81-87",0.223300374896591,0.358618140773719,0.87694452176131,0.927248717001686,-0.927248717001686,13.3,"played",NA,NA,NA,183,"Q4"
"6638",6638,"QuinnipiacMerrimack1-17",2026-01-17,"conf","Merrimack","Quinnipiac","MAAC","MAAC","H","W","83-71",0.494941213645724,0.407246884569133,0.87694452176131,0.912069287849074,0.0879307121509264,88.1,"played",NA,NA,NA,184,"Q4"
"6639",6639,"QuinnipiacMerrimack1-17",2026-01-17,"conf","Quinnipiac","Merrimack","MAAC","MAAC","A","L","71-83",0.407246884569133,0.494941213645724,0.789142831518436,0.792490301797105,-0.792490301797105,8.3,"played",NA,NA,NA,217,"Q3"
"6640",6640,"RichmondSaint Louis1-17",2026-01-17,"conf","Richmond","Saint Louis","A10","A10","A","L","63-88",0.505311078308384,0.934398970437872,0.789142831518436,0.20807868025584,-0.20807868025584,21.2,"played",NA,NA,NA,22,"Q1"
"6641",6641,"RichmondSaint Louis1-17",2026-01-17,"conf","Saint Louis","Richmond","A10","A10","H","W","88-63",0.934398970437872,0.505311078308384,0.87694452176131,0.874633481206489,0.125366518793511,98.2,"played",NA,NA,NA,126,"Q3"
"6642",6642,"RiderSaint Peter's1-17",2026-01-17,"conf","Rider","Saint Peter's","MAAC","MAAC","A","L","58-69",0.0692807104895986,0.464125461254959,0.789142831518436,0.812069164133623,-0.812069164133623,16,"played",NA,NA,NA,223,"Q3"
"6643",6643,"RiderSaint Peter's1-17",2026-01-17,"conf","Saint Peter's","Rider","MAAC","MAAC","H","W","69-58",0.464125461254959,0.0692807104895986,0.87694452176131,0.989662640329338,0.010337359670662,25.3,"played",NA,NA,NA,357,"Q4"
"6644",6644,"Robert MorrisNorthern Kentucky1-17",2026-01-17,"conf","Northern Kentucky","Robert Morris","Horz","Horz","H","L","89-92",0.56588651357836,0.360345110834765,0.87694452176131,0.926741135334995,-0.926741135334995,25.6,"played",NA,NA,NA,186,"Q4"
"6645",6645,"Robert MorrisNorthern Kentucky1-17",2026-01-17,"conf","Robert Morris","Northern Kentucky","Horz","Horz","A","W","92-89",0.360345110834765,0.56588651357836,0.789142831518436,0.741672343161317,0.258327656838683,68.1,"played",NA,NA,NA,177,"Q3"
"6646",6646,"RutgersWisconsin1-17",2026-01-17,"conf","Rutgers","Wisconsin","B10","B10","A","L","87-96",0.434313559219032,0.913235229454143,0.789142831518436,0.262304234633571,-0.262304234633571,58.5,"played",NA,NA,NA,36,"Q1"
"6647",6647,"RutgersWisconsin1-17",2026-01-17,"conf","Wisconsin","Rutgers","B10","B10","H","W","96-87",0.913235229454143,0.434313559219032,0.87694452176131,0.902743058079771,0.0972569419202294,85.2,"played",NA,NA,NA,153,"Q3"
"6648",6648,"Saint Mary'sSanta Clara1-17",2026-01-17,"conf","Saint Mary's","Santa Clara","WCC","WCC","A","L","54-62",0.839624194120796,0.904534982736246,0.789142831518436,0.28314899833366,-0.28314899833366,55.7,"played",NA,NA,NA,44,"Q1"
"6649",6649,"Saint Mary'sSanta Clara1-17",2026-01-17,"conf","Santa Clara","Saint Mary's","WCC","WCC","H","W","62-54",0.904534982736246,0.839624194120796,0.87694452176131,0.576488293922997,0.423511706077003,97.5,"played",NA,NA,NA,28,"Q1"
"6650",6650,"Sam Houston St.FIU1-17",2026-01-17,"conf","FIU","Sam Houston St.","CUSA","CUSA","H","L","63-76",0.568091309363212,0.562519903891757,0.87694452176131,0.847149015990964,-0.847149015990964,16.4,"played",NA,NA,NA,105,"Q3"
"6651",6651,"Sam Houston St.FIU1-17",2026-01-17,"conf","Sam Houston St.","FIU","CUSA","CUSA","A","W","76-63",0.562519903891757,0.568091309363212,0.789142831518436,0.739948017865934,0.260051982134066,89.6,"played",NA,NA,NA,198,"Q3"
"6652",6652,"SienaManhattan1-17",2026-01-17,"conf","Manhattan","Siena","MAAC","MAAC","H","L","59-74",0.199140354213253,0.390387146522654,0.87694452176131,0.917548378669134,-0.917548378669134,3,"played",NA,NA,NA,172,"Q4"
"6653",6653,"SienaManhattan1-17",2026-01-17,"conf","Siena","Manhattan","MAAC","MAAC","A","W","74-59",0.390387146522654,0.199140354213253,0.789142831518436,0.937698454634616,0.0623015453653843,84,"played",NA,NA,NA,330,"Q4"
"6654",6654,"SIU EdwardsvilleSoutheast Missouri St.1-17",2026-01-17,"conf","SIU Edwardsville","Southeast Missouri St.","OVC","OVC","A","W","68-55",0.222517010562244,0.342914782088887,0.789142831518436,0.877621650282935,0.122378349717065,95.7,"played",NA,NA,NA,242,"Q4"
"6655",6655,"SIU EdwardsvilleSoutheast Missouri St.1-17",2026-01-17,"conf","Southeast Missouri St.","SIU Edwardsville","OVC","OVC","H","L","55-68",0.342914782088887,0.222517010562244,0.87694452176131,0.961389918559662,-0.961389918559662,0.7,"played",NA,NA,NA,255,"Q4"
"6656",6656,"South CarolinaAuburn1-17",2026-01-17,"conf","Auburn","South Carolina","SEC","SEC","H","W","71-67",0.914477539067104,0.702029460608034,0.87694452176131,0.751537221073831,0.248462778926169,86.9,"played",NA,NA,NA,85,"Q3"
"6657",6657,"South CarolinaAuburn1-17",2026-01-17,"conf","South Carolina","Auburn","SEC","SEC","A","L","67-71",0.702029460608034,0.914477539067104,0.789142831518436,0.259262066114196,-0.259262066114196,79.2,"played",NA,NA,NA,34,"Q1"
"6658",6658,"South DakotaNorth Dakota1-17",2026-01-17,"conf","North Dakota","South Dakota","Sum","Sum","H","W","96-80",0.343317996272495,0.214647067407385,0.87694452176131,0.963064474227078,0.036935525772922,70,"played",NA,NA,NA,272,"Q4"
"6659",6659,"South DakotaNorth Dakota1-17",2026-01-17,"conf","South Dakota","North Dakota","Sum","Sum","A","L","80-96",0.214647067407385,0.343317996272495,0.789142831518436,0.877429380407867,-0.877429380407867,5.8,"played",NA,NA,NA,282,"Q4"
"6660",6660,"Southeastern LouisianaTexas A&M Corpus Chris1-17",2026-01-17,"conf","Southeastern Louisiana","Texas A&M Corpus Chris","Slnd","Slnd","A","L","56-68",0.210763265088124,0.574962601011334,0.789142831518436,0.734512356833687,-0.734512356833687,4,"played",NA,NA,NA,181,"Q3"
"6661",6661,"Southeastern LouisianaTexas A&M Corpus Chris1-17",2026-01-17,"conf","Texas A&M Corpus Chris","Southeastern Louisiana","Slnd","Slnd","H","W","68-56",0.574962601011334,0.210763265088124,0.87694452176131,0.963880666391084,0.0361193336089162,89.7,"played",NA,NA,NA,288,"Q4"
"6662",6662,"Southern IndianaTennessee St.1-17",2026-01-17,"conf","Southern Indiana","Tennessee St.","OVC","OVC","A","L","67-73",0.0957595304080808,0.338648005350723,0.789142831518436,0.87964697213628,-0.87964697213628,15.4,"played",NA,NA,NA,229,"Q3"
"6663",6663,"Southern IndianaTennessee St.1-17",2026-01-17,"conf","Tennessee St.","Southern Indiana","OVC","OVC","H","W","73-67",0.338648005350723,0.0957595304080808,0.87694452176131,0.985357317458812,0.0146426825411878,22.9,"played",NA,NA,NA,338,"Q4"
"6664",6664,"Southern MissTexas St.1-17",2026-01-17,"conf","Southern Miss","Texas St.","SB","SB","A","L","67-74",0.288887976904287,0.382567816926111,0.789142831518436,0.857957670648498,-0.857957670648498,19.5,"played",NA,NA,NA,265,"Q4"
"6665",6665,"Southern MissTexas St.1-17",2026-01-17,"conf","Texas St.","Southern Miss","SB","SB","H","W","74-67",0.382567816926111,0.288887976904287,0.87694452176131,0.946068457441536,0.0539315425584639,50.9,"played",NA,NA,NA,236,"Q4"
"6666",6666,"SouthernGrambling St.1-17",2026-01-17,"conf","Grambling St.","Southern","SWAC","SWAC","H","L","53-71",0.36719319961836,0.265907681407748,0.87694452176131,0.951629886177392,-0.951629886177392,1.6,"played",NA,NA,NA,278,"Q4"
"6667",6667,"SouthernGrambling St.1-17",2026-01-17,"conf","Southern","Grambling St.","SWAC","SWAC","A","W","71-53",0.265907681407748,0.36719319961836,0.789142831518436,0.865767541088024,0.134232458911976,92.7,"played",NA,NA,NA,266,"Q4"
"6668",6668,"St. BonaventureLa Salle1-17",2026-01-17,"conf","La Salle","St. Bonaventure","A10","A10","H","W","78-74",0.503258861337018,0.42887918075561,0.87694452176131,0.904670714557104,0.0953292854428963,58,"played",NA,NA,NA,144,"Q3"
"6669",6669,"St. BonaventureLa Salle1-17",2026-01-17,"conf","St. Bonaventure","La Salle","A10","A10","A","L","74-78",0.42887918075561,0.503258861337018,0.789142831518436,0.786965573726056,-0.786965573726056,35.5,"played",NA,NA,NA,227,"Q3"
"6670",6670,"St. John'sVillanova1-17",2026-01-17,"conf","St. John's","Villanova","BE","BE","A","W","86-79",0.894211859941309,0.914034335117992,0.789142831518436,0.260349308981246,0.739650691018754,96.8,"played",NA,NA,NA,33,"Q1"
"6671",6671,"St. John'sVillanova1-17",2026-01-17,"conf","Villanova","St. John's","BE","BE","H","L","79-86",0.914034335117992,0.894211859941309,0.87694452176131,0.457429346097337,-0.457429346097337,74.9,"played",NA,NA,NA,23,"Q1"
"6672",6672,"St. ThomasNorth Dakota St.1-17",2026-01-17,"conf","North Dakota St.","St. Thomas","Sum","Sum","H","W","68-65",0.678074728815918,0.564022211588619,0.87694452176131,0.846356554376,0.153643445624,71.3,"played",NA,NA,NA,116,"Q3"
"6673",6673,"St. ThomasNorth Dakota St.1-17",2026-01-17,"conf","St. Thomas","North Dakota St.","Sum","Sum","A","L","65-68",0.564022211588619,0.678074728815918,0.789142831518436,0.639876531050688,-0.639876531050688,52.3,"played",NA,NA,NA,132,"Q2"
"6674",6674,"Stephen F. AustinNew Orleans1-17",2026-01-17,"conf","New Orleans","Stephen F. Austin","Slnd","Slnd","H","L","79-84",0.48536423289852,0.698277000404957,0.87694452176131,0.75485983588986,-0.75485983588986,59.5,"played",NA,NA,NA,88,"Q3"
"6675",6675,"Stephen F. AustinNew Orleans1-17",2026-01-17,"conf","Stephen F. Austin","New Orleans","Slnd","Slnd","A","W","84-79",0.698277000404957,0.48536423289852,0.789142831518436,0.798722038499175,0.201277961500825,59.8,"played",NA,NA,NA,231,"Q3"
"6676",6676,"StonehillMercyhurst1-17",2026-01-17,"conf","Mercyhurst","Stonehill","NEC","NEC","H","L","57-62",0.319386016835833,0.0863616106872418,0.87694452176131,0.986909609419067,-0.986909609419067,7.1,"played",NA,NA,NA,337,"Q4"
"6677",6677,"StonehillMercyhurst1-17",2026-01-17,"conf","Stonehill","Mercyhurst","NEC","NEC","A","W","62-57",0.0863616106872418,0.319386016835833,0.789142831518436,0.888584293689684,0.111415706310316,36.7,"played",NA,NA,NA,290,"Q4"
"6678",6678,"SyracuseBoston College1-17",2026-01-17,"conf","Boston College","Syracuse","ACC","ACC","H","W","81-73",0.611273164360049,0.733076983692956,0.87694452176131,0.721822125891199,0.278177874108801,80,"played",NA,NA,NA,77,"Q3"
"6679",6679,"SyracuseBoston College1-17",2026-01-17,"conf","Syracuse","Boston College","ACC","ACC","A","L","73-81",0.733076983692956,0.611273164360049,0.789142831518436,0.704141763062635,-0.704141763062635,51.9,"played",NA,NA,NA,157,"Q3"
"6680",6680,"Tarleton St.Utah Tech1-17",2026-01-17,"conf","Tarleton St.","Utah Tech","WAC","WAC","A","L","71-75",0.400519815714214,0.479891400510013,0.789142831518436,0.802222630355226,-0.802222630355226,23.4,"played",NA,NA,NA,199,"Q3"
"6681",6681,"Tarleton St.Utah Tech1-17",2026-01-17,"conf","Utah Tech","Tarleton St.","WAC","WAC","H","W","75-71",0.479891400510013,0.400519815714214,0.87694452176131,0.914284499452316,0.0857155005476835,66.8,"played",NA,NA,NA,185,"Q4"
"6682",6682,"TCUUtah1-17",2026-01-17,"conf","TCU","Utah","B12","B12","A","L","79-82",0.771350152968443,0.735923022179889,0.789142831518436,0.573190776567456,-0.573190776567456,50.1,"played",NA,NA,NA,117,"Q2"
"6683",6683,"TCUUtah1-17",2026-01-17,"conf","Utah","TCU","B12","B12","H","W","82-79",0.735923022179889,0.771350152968443,0.87694452176131,0.678711743570353,0.321288256429647,90.4,"played",NA,NA,NA,46,"Q2"
"6684",6684,"Texas A&MTexas1-17",2026-01-17,"conf","Texas","Texas A&M","SEC","SEC","H","L","70-74",0.887271095950039,0.85060177721884,0.87694452176131,0.555885454080178,-0.555885454080178,72.7,"played",NA,NA,NA,41,"Q2"
"6685",6685,"Texas A&MTexas1-17",2026-01-17,"conf","Texas A&M","Texas","SEC","SEC","A","W","74-70",0.85060177721884,0.887271095950039,0.789142831518436,0.322261464403328,0.677738535596672,94.4,"played",NA,NA,NA,43,"Q1"
"6686",6686,"Texas SouthernAlcorn St.1-17",2026-01-17,"conf","Alcorn St.","Texas Southern","SWAC","SWAC","H","L","71-72",0.174056746218553,0.127997519309955,0.87694452176131,0.979818278787393,-0.979818278787393,11.4,"played",NA,NA,NA,348,"Q4"
"6687",6687,"Texas SouthernAlcorn St.1-17",2026-01-17,"conf","Texas Southern","Alcorn St.","SWAC","SWAC","A","W","72-71",0.127997519309955,0.174056746218553,0.789142831518436,0.946693194210632,0.053306805789368,19.5,"played",NA,NA,NA,351,"Q4"
"6688",6688,"The CitadelVMI1-17",2026-01-17,"conf","The Citadel","VMI","SC","SC","A","W","82-68",0.0788521555269136,0.144010141026281,0.789142831518436,0.956980979604427,0.0430190203955733,62.2,"played",NA,NA,NA,353,"Q4"
"6689",6689,"The CitadelVMI1-17",2026-01-17,"conf","VMI","The Citadel","SC","SC","H","L","68-82",0.144010141026281,0.0788521555269136,0.87694452176131,0.988130636578795,-0.988130636578795,0.9,"played",NA,NA,NA,350,"Q4"
"6690",6690,"UC IrvineUC Davis1-17",2026-01-17,"conf","UC Davis","UC Irvine","BW","BW","H","W","75-72",0.569719928859357,0.570843061730183,0.87694452176131,0.842708029324452,0.157291970675548,69.2,"played",NA,NA,NA,128,"Q3"
"6691",6691,"UC IrvineUC Davis1-17",2026-01-17,"conf","UC Irvine","UC Davis","BW","BW","A","L","72-75",0.570843061730183,0.569719928859357,0.789142831518436,0.738668165713469,-0.738668165713469,44,"played",NA,NA,NA,176,"Q3"
"6692",6692,"UC San DiegoCal St. Bakersfield1-17",2026-01-17,"conf","Cal St. Bakersfield","UC San Diego","BW","BW","H","L","62-83",0.265483872557692,0.591942410772934,0.87694452176131,0.830870239432055,-0.830870239432055,6.4,"played",NA,NA,NA,98,"Q3"
"6693",6693,"UC San DiegoCal St. Bakersfield1-17",2026-01-17,"conf","UC San Diego","Cal St. Bakersfield","BW","BW","A","W","83-62",0.591942410772934,0.265483872557692,0.789142831518436,0.911929432395944,0.0880705676040564,88.5,"played",NA,NA,NA,301,"Q4"
"6694",6694,"UCLAOhio St.1-17",2026-01-17,"conf","Ohio St.","UCLA","B10","B10","H","W","86-74",0.895316100144004,0.799123308329882,0.87694452176131,0.64175383145719,0.35824616854281,96.6,"played",NA,NA,NA,40,"Q2"
"6695",6695,"UCLAOhio St.1-17",2026-01-17,"conf","UCLA","Ohio St.","B10","B10","A","L","74-86",0.799123308329882,0.895316100144004,0.789142831518436,0.304393013328042,-0.304393013328042,54.5,"played",NA,NA,NA,35,"Q1"
"6696",6696,"UMKCSouth Dakota St.1-17",2026-01-17,"conf","South Dakota St.","UMKC","Sum","Sum","H","W","90-62",0.53567472683946,0.0841485058607757,0.87694452176131,0.987271223453189,0.0127287765468107,53.5,"played",NA,NA,NA,346,"Q4"
"6697",6697,"UMKCSouth Dakota St.1-17",2026-01-17,"conf","UMKC","South Dakota St.","Sum","Sum","A","L","62-90",0.0841485058607757,0.53567472683946,0.789142831518436,0.764376370522328,-0.764376370522328,8.4,"played",NA,NA,NA,180,"Q3"
"6698",6698,"UNLVSan Jose St.1-17",2026-01-17,"conf","San Jose St.","UNLV","MWC","MWC","H","L","62-76",0.426462166380668,0.560876007034628,0.87694452176131,0.848011636054,-0.848011636054,14.6,"played",NA,NA,NA,127,"Q3"
"6699",6699,"UNLVSan Jose St.1-17",2026-01-17,"conf","UNLV","San Jose St.","MWC","MWC","A","W","76-62",0.560876007034628,0.426462166380668,0.789142831518436,0.834251951782731,0.165748048217269,84.8,"played",NA,NA,NA,259,"Q4"
"6700",6700,"USC UpstateHigh Point1-17",2026-01-17,"conf","High Point","USC Upstate","BSth","BSth","H","W","89-69",0.756790844012223,0.171715590878374,0.87694452176131,0.97173133605275,0.0282686639472497,63.1,"played",NA,NA,NA,285,"Q4"
"6701",6701,"USC UpstateHigh Point1-17",2026-01-17,"conf","USC Upstate","High Point","BSth","BSth","A","L","69-89",0.171715590878374,0.756790844012223,0.789142831518436,0.546019695713936,-0.546019695713936,27.4,"played",NA,NA,NA,90,"Q2"
"6702",6702,"UT ArlingtonUtah Valley1-17",2026-01-17,"conf","UT Arlington","Utah Valley","WAC","WAC","A","L","74-86",0.429835729480134,0.786139268528895,0.789142831518436,0.50448923133059,-0.50448923133059,20.4,"played",NA,NA,NA,96,"Q2"
"6703",6703,"UT ArlingtonUtah Valley1-17",2026-01-17,"conf","Utah Valley","UT Arlington","WAC","WAC","H","W","86-74",0.786139268528895,0.429835729480134,0.87694452176131,0.90433348387365,0.0956665161263495,91.5,"played",NA,NA,NA,123,"Q3"
"6704",6704,"Utah St.Grand Canyon1-17",2026-01-17,"conf","Grand Canyon","Utah St.","MWC","MWC","H","W","84-74",0.843748589646882,0.849238029418344,0.87694452176131,0.558523317336614,0.441476682663386,95.7,"played",NA,NA,NA,25,"Q1"
"6705",6705,"Utah St.Grand Canyon1-17",2026-01-17,"conf","Utah St.","Grand Canyon","MWC","MWC","A","L","74-84",0.849238029418344,0.843748589646882,0.789142831518436,0.409357541008259,-0.409357541008259,57.5,"played",NA,NA,NA,86,"Q2"
"6706",6706,"UTEPLiberty1-17",2026-01-17,"conf","Liberty","UTEP","CUSA","CUSA","H","W","80-69",0.754201371304044,0.217959569432829,0.87694452176131,0.962363042817825,0.0376369571821751,61.7,"played",NA,NA,NA,276,"Q4"
"6707",6707,"UTEPLiberty1-17",2026-01-17,"conf","UTEP","Liberty","CUSA","CUSA","A","L","69-80",0.217959569432829,0.754201371304044,0.789142831518436,0.549492294681649,-0.549492294681649,34.7,"played",NA,NA,NA,84,"Q2"
"6708",6708,"VirginiaSMU1-17",2026-01-17,"conf","SMU","Virginia","ACC","ACC","H","L","68-72",0.916602426915101,0.941543118572919,0.87694452176131,0.306736242269756,-0.306736242269756,91.9,"played",NA,NA,NA,13,"Q1"
"6709",6709,"VirginiaSMU1-17",2026-01-17,"conf","Virginia","SMU","ACC","ACC","A","W","72-68",0.941543118572919,0.916602426915101,0.789142831518436,0.254019532125076,0.745980467874924,94,"played",NA,NA,NA,30,"Q1"
"6710",6710,"WagnerNew Haven1-17",2026-01-17,"conf","New Haven","Wagner","NEC","NEC","H","W","80-74",0.189489062413694,0.136887136003035,0.87694452176131,0.978229684731794,0.0217703152682057,40.3,"played",NA,NA,NA,324,"Q4"
"6711",6711,"WagnerNew Haven1-17",2026-01-17,"conf","Wagner","New Haven","NEC","NEC","A","L","74-80",0.136887136003035,0.189489062413694,0.789142831518436,0.941204763963868,-0.941204763963868,5.2,"played",NA,NA,NA,326,"Q4"
"6712",6712,"Wake ForestFlorida St.1-17",2026-01-17,"conf","Florida St.","Wake Forest","ACC","ACC","H","L","68-69",0.714263605095652,0.719689280913198,0.87694452176131,0.73514545115225,-0.73514545115225,74.7,"played",NA,NA,NA,67,"Q2"
"6713",6713,"Wake ForestFlorida St.1-17",2026-01-17,"conf","Wake Forest","Florida St.","ACC","ACC","A","W","69-68",0.719689280913198,0.714263605095652,0.789142831518436,0.599548438685226,0.400451561314774,68.5,"played",NA,NA,NA,115,"Q2"
"6714",6714,"West GeorgiaFlorida Gulf Coast1-17",2026-01-17,"conf","Florida Gulf Coast","West Georgia","ASun","ASun","H","W","90-72",0.459203789369559,0.124454025605907,0.87694452176131,0.980443929756687,0.0195560702433134,38.8,"played",NA,NA,NA,322,"Q4"
"6715",6715,"West GeorgiaFlorida Gulf Coast1-17",2026-01-17,"conf","West Georgia","Florida Gulf Coast","ASun","ASun","A","L","72-90",0.124454025605907,0.459203789369559,0.789142831518436,0.81507273605116,-0.81507273605116,16,"played",NA,NA,NA,237,"Q3"
"6716",6716,"Western IllinoisLittle Rock1-17",2026-01-17,"conf","Little Rock","Western Illinois","OVC","OVC","H","W","86-79",0.216987170533557,0.0596043465683944,0.87694452176131,0.991184425486864,0.0088155745131363,17.8,"played",NA,NA,NA,356,"Q4"
"6717",6717,"Western IllinoisLittle Rock1-17",2026-01-17,"conf","Western Illinois","Little Rock","OVC","OVC","A","L","79-86",0.0596043465683944,0.216987170533557,0.789142831518436,0.931059361043289,-0.931059361043289,7.5,"played",NA,NA,NA,302,"Q4"
"6718",6718,"Western MichiganAkron1-17",2026-01-17,"conf","Akron","Western Michigan","MAC","MAC","H","W","104-89",0.848029041448943,0.256976620663072,0.87694452176131,0.953715171476899,0.0462848285231012,47.9,"played",NA,NA,NA,256,"Q4"
"6719",6719,"Western MichiganAkron1-17",2026-01-17,"conf","Western Michigan","Akron","MAC","MAC","A","L","89-104",0.256976620663072,0.848029041448943,0.789142831518436,0.401442307127826,-0.401442307127826,67.7,"played",NA,NA,NA,54,"Q1"
"6720",6720,"WinthropUNC Asheville1-17",2026-01-17,"conf","UNC Asheville","Winthrop","BSth","BSth","H","L","67-69",0.418702865698982,0.429719171865507,0.87694452176131,0.904374623248957,-0.904374623248957,22.1,"played",NA,NA,NA,130,"Q3"
"6721",6721,"WinthropUNC Asheville1-17",2026-01-17,"conf","Winthrop","UNC Asheville","BSth","BSth","A","W","69-67",0.429719171865507,0.418702865698982,0.789142831518436,0.838602545116366,0.161397454883634,65.7,"played",NA,NA,NA,232,"Q3"
"6722",6722,"WoffordFurman1-17",2026-01-17,"conf","Furman","Wofford","SC","SC","H","L","70-74",0.548536258475982,0.281320852120458,0.87694452176131,0.947931772553643,-0.947931772553643,27.6,"played",NA,NA,NA,225,"Q4"
"6723",6723,"WoffordFurman1-17",2026-01-17,"conf","Wofford","Furman","SC","SC","A","W","74-70",0.281320852120458,0.548536258475982,0.789142831518436,0.754916473669213,0.245083526330787,55.5,"played",NA,NA,NA,189,"Q3"
"6724",6724,"WyomingFresno St.1-17",2026-01-17,"conf","Fresno St.","Wyoming","MWC","MWC","H","W","63-60",0.639155744766348,0.628540397083757,0.87694452176131,0.80812121966831,0.19187878033169,65.7,"played",NA,NA,NA,100,"Q3"
"6725",6725,"WyomingFresno St.1-17",2026-01-17,"conf","Wyoming","Fresno St.","MWC","MWC","A","L","60-63",0.628540397083757,0.639155744766348,0.789142831518436,0.678756847319588,-0.678756847319588,61,"played",NA,NA,NA,139,"Q3"
"6726",6726,"Youngstown St.Cleveland St.1-17",2026-01-17,"conf","Cleveland St.","Youngstown St.","Horz","Horz","H","W","80-78",0.281782786451229,0.38787784894262,0.87694452176131,0.918343480785251,0.0816565192147493,44.6,"played",NA,NA,NA,221,"Q4"
"6727",6727,"Youngstown St.Cleveland St.1-17",2026-01-17,"conf","Youngstown St.","Cleveland St.","Horz","Horz","A","L","78-80",0.38787784894262,0.281782786451229,0.789142831518436,0.905115473700407,-0.905115473700407,23.6,"played",NA,NA,NA,321,"Q4"
"6728",6728,"Bethesda (CA)San Diego1-17",2026-01-17,"nond1","San Diego","Bethesda (CA)","WCC",NA,"H","W","67-113",NA,NA,NA,NA,0,NA,"played",NA,NA,NA,NA,NA
"6729",6729,"AmericanArmy1-18",2026-01-18,"conf","American","Army","Pat","Pat","A","W","78-67",0.351681313504199,0.208126264319721,0.789142831518436,0.934381268827168,0.0656187311728325,61.4,"played",NA,NA,NA,320,"Q4"
"6730",6730,"AmericanArmy1-18",2026-01-18,"conf","Army","American","Pat","Pat","H","L","67-78",0.208126264319721,0.351681313504199,0.87694452176131,0.929265785702261,-0.929265785702261,8.2,"played",NA,NA,NA,228,"Q4"
"6731",6731,"Arizona St.Houston1-18",2026-01-18,"conf","Arizona St.","Houston","B12","B12","A","L","73-103",0.630271822278081,0.978859960512281,0.789142831518436,0.0747819159995559,-0.0747819159995559,38.1,"played",NA,NA,NA,10,"Q1"
"6732",6732,"Arizona St.Houston1-18",2026-01-18,"conf","Houston","Arizona St.","B12","B12","H","W","103-73",0.978859960512281,0.630271822278081,0.87694452176131,0.806967577765592,0.193032422234408,99.2,"played",NA,NA,NA,93,"Q3"
"6733",6733,"CharlotteEast Carolina1-18",2026-01-18,"conf","Charlotte","East Carolina","Amer","Amer","A","W","73-70",0.408184823211502,0.262679066039086,0.789142831518436,0.913081687465795,0.0869183125342055,53.2,"played",NA,NA,NA,299,"Q4"
"6734",6734,"CharlotteEast Carolina1-18",2026-01-18,"conf","East Carolina","Charlotte","Amer","Amer","H","L","70-73",0.262679066039086,0.408184823211502,0.87694452176131,0.911757290865428,-0.911757290865428,17.8,"played",NA,NA,NA,173,"Q4"
"6735",6735,"Florida AtlanticTemple1-18",2026-01-18,"conf","Florida Atlantic","Temple","Amer","Amer","A","W","79-73",0.669116075241684,0.639379701297134,0.789142831518436,0.67854505050098,0.32145494949902,70.1,"played",NA,NA,NA,154,"Q3"
"6736",6736,"Florida AtlanticTemple1-18",2026-01-18,"conf","Temple","Florida Atlantic","Amer","Amer","H","L","73-79",0.639379701297134,0.669116075241684,0.87694452176131,0.778960430736667,-0.778960430736667,60.4,"played",NA,NA,NA,91,"Q3"
"6737",6737,"MilwaukeePurdue Fort Wayne1-18",2026-01-18,"conf","Milwaukee","Purdue Fort Wayne","Horz","Horz","A","L","82-100",0.247415137782907,0.440919826703015,0.789142831518436,0.825950654976162,-0.825950654976162,9.3,"played",NA,NA,NA,210,"Q3"
"6738",6738,"MilwaukeePurdue Fort Wayne1-18",2026-01-18,"conf","Purdue Fort Wayne","Milwaukee","Horz","Horz","H","W","100-82",0.440919826703015,0.247415137782907,0.87694452176131,0.955902572692459,0.0440974273075413,71.7,"played",NA,NA,NA,233,"Q4"
"6739",6739,"North TexasTulane1-18",2026-01-18,"conf","North Texas","Tulane","Amer","Amer","A","W","71-63",0.455092616735083,0.499347286934666,0.789142831518436,0.789576940282949,0.210423059717051,81.7,"played",NA,NA,NA,202,"Q3"
"6740",6740,"North TexasTulane1-18",2026-01-18,"conf","Tulane","North Texas","Amer","Amer","H","L","63-71",0.499347286934666,0.455092616735083,0.87694452176131,0.895099567727526,-0.895099567727526,15.7,"played",NA,NA,NA,147,"Q3"
"6741",6741,"OaklandGreen Bay1-18",2026-01-18,"conf","Green Bay","Oakland","Horz","Horz","H","L","63-88",0.503482144436143,0.482772141388938,0.87694452176131,0.884192673060866,-0.884192673060866,4.8,"played",NA,NA,NA,135,"Q3"
"6742",6742,"OaklandGreen Bay1-18",2026-01-18,"conf","Oakland","Green Bay","Horz","Horz","A","W","88-63",0.482772141388938,0.503482144436143,0.789142831518436,0.786815794214538,0.213184205785462,94.9,"played",NA,NA,NA,230,"Q3"
"6743",6743,"Penn St.Maryland1-18",2026-01-18,"conf","Maryland","Penn St.","B10","B10","H","W","96-73",0.718765491706146,0.48720277375858,0.87694452176131,0.882363892431686,0.117636107568314,95.6,"played",NA,NA,NA,131,"Q3"
"6744",6744,"Penn St.Maryland1-18",2026-01-18,"conf","Penn St.","Maryland","B10","B10","A","L","73-96",0.48720277375858,0.718765491706146,0.789142831518436,0.594215563299714,-0.594215563299714,10.1,"played",NA,NA,NA,152,"Q3"
"6745",6745,"TulsaUAB1-18",2026-01-18,"conf","Tulsa","UAB","Amer","Amer","A","W","99-77",0.756867007275388,0.677896014710966,0.789142831518436,0.640065139338454,0.359934860661546,95.5,"played",NA,NA,NA,122,"Q2"
"6746",6746,"TulsaUAB1-18",2026-01-18,"conf","UAB","Tulsa","Amer","Amer","H","L","77-99",0.677896014710966,0.756867007275388,0.87694452176131,0.695980430402939,-0.695980430402939,23.5,"played",NA,NA,NA,47,"Q2"
"6747",6747,"UTSAMemphis1-18",2026-01-18,"conf","Memphis","UTSA","Amer","Amer","H","W","95-69",0.777847739912943,0.0659428297410237,0.87694452176131,0.990190615450233,0.00980938454976721,56.4,"played",NA,NA,NA,349,"Q4"
"6748",6748,"UTSAMemphis1-18",2026-01-18,"conf","UTSA","Memphis","Amer","Amer","A","L","69-95",0.0659428297410237,0.777847739912943,0.789142831518436,0.516643488894951,-0.516643488894951,16,"played",NA,NA,NA,112,"Q2"
"6749",6749,"Washington St.San Francisco1-18",2026-01-18,"conf","San Francisco","Washington St.","WCC","WCC","H","W","85-80",0.739588765971914,0.483069117975872,0.87694452176131,0.884070838462682,0.115929161537318,57.6,"played",NA,NA,NA,156,"Q3"
"6750",6750,"Washington St.San Francisco1-18",2026-01-18,"conf","Washington St.","San Francisco","WCC","WCC","A","L","80-85",0.483069117975872,0.739588765971914,0.789142831518436,0.568549132866206,-0.568549132866206,66.1,"played",NA,NA,NA,107,"Q2"
"6751",6751,"Wichita St.South Florida1-18",2026-01-18,"conf","South Florida","Wichita St.","Amer","Amer","H","L","85-86",0.827671121247399,0.597783953153128,0.87694452176131,0.82743668853645,-0.82743668853645,56.5,"played",NA,NA,NA,95,"Q3"
"6752",6752,"Wichita St.South Florida1-18",2026-01-18,"conf","Wichita St.","South Florida","Amer","Amer","A","W","86-85",0.597783953153128,0.827671121247399,0.789142831518436,0.437960160751415,0.562039839248585,84.6,"played",NA,NA,NA,66,"Q1"
"6753",6753,"BlackburnEastern Illinois1-18",2026-01-18,"nond1","Eastern Illinois","Blackburn","OVC",NA,"H","W","49-105",NA,NA,NA,NA,0,NA,"played",NA,NA,NA,NA,NA
"6754",6754,"Alabama A&MAlabama St.1-19",2026-01-19,"conf","Alabama A&M","Alabama St.","SWAC","SWAC","N","W","73-69",0.207020507139942,0.209695108403481,0.837778001870703,0.95113300048388,0.0488669995161204,27.4,"played",NA,NA,NA,313,"Q4"
"6755",6755,"Alabama A&MAlabama St.1-19",2026-01-19,"conf","Alabama St.","Alabama A&M","SWAC","SWAC","N","L","69-73",0.209695108403481,0.207020507139942,0.837778001870703,0.951881182396055,-0.951881182396055,15.5,"played",NA,NA,NA,308,"Q4"
"6756",6756,"Bethune CookmanArkansas Pine Bluff1-19",2026-01-19,"conf","Arkansas Pine Bluff","Bethune Cookman","SWAC","SWAC","H","L","82-87",0.33673558307527,0.251758726760507,0.87694452176131,0.954914569002642,-0.954914569002642,22.2,"played",NA,NA,NA,268,"Q4"
"6757",6757,"Bethune CookmanArkansas Pine Bluff1-19",2026-01-19,"conf","Bethune Cookman","Arkansas Pine Bluff","SWAC","SWAC","A","W","87-82",0.251758726760507,0.33673558307527,0.789142831518436,0.880549289395955,0.119450710604045,37.4,"played",NA,NA,NA,311,"Q4"
"6758",6758,"BryantNJIT1-19",2026-01-19,"conf","Bryant","NJIT","AE","AE","A","L","55-79",0.0698036017290083,0.187927329168802,0.789142831518436,0.941766734177816,-0.941766734177816,1.2,"played",NA,NA,NA,332,"Q4"
"6759",6759,"BryantNJIT1-19",2026-01-19,"conf","NJIT","Bryant","AE","AE","H","W","79-55",0.187927329168802,0.0698036017290083,0.87694452176131,0.989579639055569,0.0104203609444309,58.6,"played",NA,NA,NA,345,"Q4"
"6760",6760,"Central ConnecticutMercyhurst1-19",2026-01-19,"conf","Central Connecticut","Mercyhurst","NEC","NEC","A","L","61-79",0.185254014996825,0.319386016835833,0.789142831518436,0.888584293689684,-0.888584293689684,1.6,"played",NA,NA,NA,290,"Q4"
"6761",6761,"Central ConnecticutMercyhurst1-19",2026-01-19,"conf","Mercyhurst","Central Connecticut","NEC","NEC","H","W","79-61",0.319386016835833,0.185254014996825,0.87694452176131,0.969080387831991,0.0309196121680093,86.6,"played",NA,NA,NA,247,"Q4"
"6762",6762,"ColumbiaYale1-19",2026-01-19,"conf","Columbia","Yale","Ivy","Ivy","A","L","74-91",0.408052728218098,0.814418788081781,0.789142831518436,0.460279928688857,-0.460279928688857,33.9,"played",NA,NA,NA,61,"Q1"
"6763",6763,"ColumbiaYale1-19",2026-01-19,"conf","Yale","Columbia","Ivy","Ivy","H","W","91-74",0.814418788081781,0.408052728218098,0.87694452176131,0.911801277983662,0.0881987220163379,85.5,"played",NA,NA,NA,151,"Q3"
"6764",6764,"CornellBrown1-19",2026-01-19,"conf","Brown","Cornell","Ivy","Ivy","H","L","67-89",0.361296853591693,0.377743777487108,0.87694452176131,0.921502900364643,-0.921502900364643,2.9,"played",NA,NA,NA,188,"Q4"
"6765",6765,"CornellBrown1-19",2026-01-19,"conf","Cornell","Brown","Ivy","Ivy","A","W","89-67",0.377743777487108,0.361296853591693,0.789142831518436,0.868699218992873,0.131300781007127,92,"played",NA,NA,NA,275,"Q4"
"6766",6766,"DrexelTowson1-19",2026-01-19,"conf","Drexel","Towson","CAA","CAA","A","L","58-59",0.350598890322103,0.507727245638924,0.789142831518436,0.783953308037154,-0.783953308037154,62.3,"played",NA,NA,NA,162,"Q3"
"6767",6767,"DrexelTowson1-19",2026-01-19,"conf","Towson","Drexel","CAA","CAA","H","W","59-58",0.507727245638924,0.350598890322103,0.87694452176131,0.929577423313673,0.0704225766863269,25.2,"played",NA,NA,NA,211,"Q4"
"6768",6768,"East Texas A&MIncarnate Word1-19",2026-01-19,"conf","East Texas A&M","Incarnate Word","Slnd","Slnd","A","W","80-58",0.215264103557443,0.403222433818588,0.789142831518436,0.847072516115336,0.152927483884664,93.5,"played",NA,NA,NA,246,"Q4"
"6769",6769,"East Texas A&MIncarnate Word1-19",2026-01-19,"conf","Incarnate Word","East Texas A&M","Slnd","Slnd","H","L","58-80",0.403222433818588,0.215264103557443,0.87694452176131,0.962934186645948,-0.962934186645948,1.3,"played",NA,NA,NA,277,"Q4"
"6770",6770,"FairfieldSiena1-19",2026-01-19,"conf","Fairfield","Siena","MAAC","MAAC","A","L","77-85",0.22489171654641,0.54942727469335,0.789142831518436,0.75425005854782,-0.75425005854782,21.2,"played",NA,NA,NA,172,"Q3"
"6771",6771,"FairfieldSiena1-19",2026-01-19,"conf","Siena","Fairfield","MAAC","MAAC","H","W","85-77",0.54942727469335,0.22489171654641,0.87694452176131,0.960879115225298,0.0391208847747024,56.8,"played",NA,NA,NA,248,"Q4"
"6772",6772,"Florida A&MMississippi Valley St.1-19",2026-01-19,"conf","Florida A&M","Mississippi Valley St.","SWAC","SWAC","A","W","62-48",0.193160437433708,0.0374143704241414,0.789142831518436,0.989721146603053,0.0102788533969466,63.2,"played",NA,NA,NA,365,"Q4"
"6773",6773,"Florida A&MMississippi Valley St.1-19",2026-01-19,"conf","Mississippi Valley St.","Florida A&M","SWAC","SWAC","H","L","48-62",0.0374143704241414,0.193160437433708,0.87694452176131,0.967498013170315,-0.967498013170315,0.5,"played",NA,NA,NA,307,"Q4"
"6774",6774,"George WashingtonGeorge Mason1-19",2026-01-19,"conf","George Mason","George Washington","A10","A10","H","W","69-64",0.758834600748699,0.685508618398289,0.87694452176131,0.765774611648292,0.234225388351708,79.2,"played",NA,NA,NA,75,"Q2"
"6775",6775,"George WashingtonGeorge Mason1-19",2026-01-19,"conf","George Washington","George Mason","A10","A10","A","L","64-69",0.685508618398289,0.758834600748699,0.789142831518436,0.543257964252141,-0.543257964252141,64.4,"played",NA,NA,NA,63,"Q1"
"6776",6776,"IonaSaint Peter's1-19",2026-01-19,"conf","Iona","Saint Peter's","MAAC","MAAC","A","L","63-77",0.289732912826144,0.464125461254959,0.789142831518436,0.812069164133623,-0.812069164133623,17,"played",NA,NA,NA,223,"Q3"
"6777",6777,"IonaSaint Peter's1-19",2026-01-19,"conf","Saint Peter's","Iona","MAAC","MAAC","H","W","77-63",0.464125461254959,0.289732912826144,0.87694452176131,0.945858398301721,0.054141601698279,63.2,"played",NA,NA,NA,218,"Q4"
"6778",6778,"LamarNew Orleans1-19",2026-01-19,"conf","Lamar","New Orleans","Slnd","Slnd","A","L","76-89",0.29006579149575,0.48536423289852,0.789142831518436,0.798722038499175,-0.798722038499175,21.2,"played",NA,NA,NA,231,"Q3"
"6779",6779,"LamarNew Orleans1-19",2026-01-19,"conf","New Orleans","Lamar","Slnd","Slnd","H","W","89-76",0.48536423289852,0.29006579149575,0.87694452176131,0.945775529853966,0.0542244701460342,58.9,"played",NA,NA,NA,220,"Q4"
"6780",6780,"LIULe Moyne1-19",2026-01-19,"conf","Le Moyne","LIU","NEC","NEC","H","W","83-77",0.367582572503491,0.325501227881235,0.87694452176131,0.936577409173886,0.0634225908261143,54.3,"played",NA,NA,NA,201,"Q4"
"6781",6781,"LIULe Moyne1-19",2026-01-19,"conf","LIU","Le Moyne","NEC","NEC","A","L","77-83",0.325501227881235,0.367582572503491,0.789142831518436,0.865572723413798,-0.865572723413798,19.1,"played",NA,NA,NA,263,"Q4"
"6782",6782,"Loyola MDLehigh1-19",2026-01-19,"conf","Lehigh","Loyola MD","Pat","Pat","H","W","88-81",0.26032083125622,0.0922603677365822,0.87694452176131,0.985938471534303,0.0140615284656967,12.4,"played",NA,NA,NA,340,"Q4"
"6783",6783,"Loyola MDLehigh1-19",2026-01-19,"conf","Loyola MD","Lehigh","Pat","Pat","A","L","81-88",0.0922603677365822,0.26032083125622,0.789142831518436,0.914045954914765,-0.914045954914765,20.2,"played",NA,NA,NA,298,"Q4"
"6784",6784,"ManhattanQuinnipiac1-19",2026-01-19,"conf","Manhattan","Quinnipiac","MAAC","MAAC","A","L","92-98",0.115503480599443,0.56676972583644,0.789142831518436,0.740982745235832,-0.740982745235832,49.2,"played",NA,NA,NA,184,"Q3"
"6785",6785,"ManhattanQuinnipiac1-19",2026-01-19,"conf","Quinnipiac","Manhattan","MAAC","MAAC","H","W","98-92",0.56676972583644,0.115503480599443,0.87694452176131,0.982005422167543,0.0179945778324567,15,"played",NA,NA,NA,330,"Q4"
"6786",6786,"McNeese St.Texas A&M Corpus Chris1-19",2026-01-19,"conf","McNeese St.","Texas A&M Corpus Chris","Slnd","Slnd","A","W","69-53",0.683026270437139,0.574962601011334,0.789142831518436,0.734512356833687,0.265487643166313,92.6,"played",NA,NA,NA,181,"Q3"
"6787",6787,"McNeese St.Texas A&M Corpus Chris1-19",2026-01-19,"conf","Texas A&M Corpus Chris","McNeese St.","Slnd","Slnd","H","L","53-69",0.574962601011334,0.683026270437139,0.87694452176131,0.767829201135309,-0.767829201135309,19,"played",NA,NA,NA,57,"Q2"
"6788",6788,"MerrimackMarist1-19",2026-01-19,"conf","Marist","Merrimack","MAAC","MAAC","H","L","55-68",0.603367224365608,0.339779292896384,0.87694452176131,0.932647440717921,-0.932647440717921,6.4,"played",NA,NA,NA,217,"Q4"
"6789",6789,"MerrimackMarist1-19",2026-01-19,"conf","Merrimack","Marist","MAAC","MAAC","A","W","68-55",0.339779292896384,0.603367224365608,0.789142831518436,0.71100112209817,0.28899887790183,91.9,"played",NA,NA,NA,150,"Q3"
"6790",6790,"Montana St.Northern Colorado1-19",2026-01-19,"conf","Montana St.","Northern Colorado","BSky","BSky","A","W","73-68",0.518194021185584,0.60052552003834,0.789142831518436,0.713431964782188,0.286568035217812,78.7,"played",NA,NA,NA,164,"Q3"
"6791",6791,"Montana St.Northern Colorado1-19",2026-01-19,"conf","Northern Colorado","Montana St.","BSky","BSky","H","L","68-73",0.60052552003834,0.518194021185584,0.87694452176131,0.868869531125587,-0.868869531125587,30.5,"played",NA,NA,NA,134,"Q3"
"6792",6792,"MontanaNorthern Arizona1-19",2026-01-19,"conf","Montana","Northern Arizona","BSky","BSky","A","W","98-72",0.47565609222007,0.24304227579025,0.789142831518436,0.920987351691882,0.079012648308118,83.7,"played",NA,NA,NA,318,"Q4"
"6793",6793,"MontanaNorthern Arizona1-19",2026-01-19,"conf","Northern Arizona","Montana","BSky","BSky","H","L","72-98",0.24304227579025,0.47565609222007,0.87694452176131,0.887080556167823,-0.887080556167823,5.4,"played",NA,NA,NA,163,"Q4"
"6794",6794,"Mount St. Mary'sNiagara1-19",2026-01-19,"conf","Mount St. Mary's","Niagara","MAAC","MAAC","A","W","68-58",0.171353269912124,0.127205292330729,0.789142831518436,0.962517008599123,0.0374829914008765,24.3,"played",NA,NA,NA,355,"Q4"
"6795",6795,"Mount St. Mary'sNiagara1-19",2026-01-19,"conf","Niagara","Mount St. Mary's","MAAC","MAAC","H","L","58-68",0.127205292330729,0.171353269912124,0.87694452176131,0.97180128755884,-0.97180128755884,8.6,"played",NA,NA,NA,304,"Q4"
"6796",6796,"New HampshireMaine1-19",2026-01-19,"conf","Maine","New Hampshire","AE","AE","H","L","48-65",0.117473612685145,0.179474847733072,0.87694452176131,0.970220927546977,-0.970220927546977,0.5,"played",NA,NA,NA,323,"Q4"
"6797",6797,"New HampshireMaine1-19",2026-01-19,"conf","New Hampshire","Maine","AE","AE","A","W","65-48",0.179474847733072,0.117473612685145,0.789142831518436,0.965654705788423,0.0343452942115771,85.4,"played",NA,NA,NA,343,"Q4"
"6798",6798,"New HavenChicago St.1-19",2026-01-19,"conf","Chicago St.","New Haven","NEC","NEC","H","L","56-62",0.131935258890074,0.109352159726003,0.87694452176131,0.983063190078944,-0.983063190078944,8.5,"played",NA,NA,NA,326,"Q4"
"6799",6799,"New HavenChicago St.1-19",2026-01-19,"conf","New Haven","Chicago St.","NEC","NEC","A","W","62-56",0.109352159726003,0.131935258890074,0.789142831518436,0.960974076944283,0.0390259230557167,16.7,"played",NA,NA,NA,352,"Q4"
"6800",6800,"North Carolina A&THampton1-19",2026-01-19,"conf","Hampton","North Carolina A&T","CAA","CAA","H","W","82-61",0.35585106001734,0.167266946360123,0.87694452176131,0.97258668982768,0.0274133101723195,63.9,"played",NA,NA,NA,270,"Q4"
"6801",6801,"North Carolina A&THampton1-19",2026-01-19,"conf","North Carolina A&T","Hampton","CAA","CAA","A","L","61-82",0.167266946360123,0.35585106001734,0.789142831518436,0.871376437514081,-0.871376437514081,5.9,"played",NA,NA,NA,238,"Q3"
"6802",6802,"NortheasternMonmouth1-19",2026-01-19,"conf","Monmouth","Northeastern","CAA","CAA","H","W","81-68",0.470690741874601,0.250737593781546,0.87694452176131,0.955147684195681,0.0448523158043189,46.3,"played",NA,NA,NA,249,"Q4"
"6803",6803,"NortheasternMonmouth1-19",2026-01-19,"conf","Northeastern","Monmouth","CAA","CAA","A","L","68-81",0.250737593781546,0.470690741874601,0.789142831518436,0.808011054668748,-0.808011054668748,25.6,"played",NA,NA,NA,204,"Q3"
"6804",6804,"Northwestern St.Houston Christian1-19",2026-01-19,"conf","Houston Christian","Northwestern St.","Slnd","Slnd","H","W","82-80",0.276141122733715,0.172988629015108,0.87694452176131,0.971485151015013,0.028514848984987,16.1,"played",NA,NA,NA,306,"Q4"
"6805",6805,"Northwestern St.Houston Christian1-19",2026-01-19,"conf","Northwestern St.","Houston Christian","Slnd","Slnd","A","L","80-82",0.172988629015108,0.276141122733715,0.789142831518436,0.907497132184877,-0.907497132184877,29.4,"played",NA,NA,NA,297,"Q4"
"6806",6806,"PennHarvard1-19",2026-01-19,"conf","Harvard","Penn","Ivy","Ivy","H","W","64-63",0.510633319046039,0.395413064060764,0.87694452176131,0.915940225457352,0.0840597745426485,47.5,"played",NA,NA,NA,178,"Q4"
"6807",6807,"PennHarvard1-19",2026-01-19,"conf","Penn","Harvard","Ivy","Ivy","A","L","63-64",0.395413064060764,0.510633319046039,0.789142831518436,0.781977323713595,-0.781977323713595,43,"played",NA,NA,NA,182,"Q3"
"6808",6808,"Prairie View A&MAlcorn St.1-19",2026-01-19,"conf","Alcorn St.","Prairie View A&M","SWAC","SWAC","H","W","76-75",0.174056746218553,0.172466558867004,0.87694452176131,0.971586187483802,0.0284138125161976,24.4,"played",NA,NA,NA,296,"Q4"
"6809",6809,"Prairie View A&MAlcorn St.1-19",2026-01-19,"conf","Prairie View A&M","Alcorn St.","SWAC","SWAC","A","L","75-76",0.172466558867004,0.174056746218553,0.789142831518436,0.946693194210632,-0.946693194210632,12,"played",NA,NA,NA,351,"Q4"
"6810",6810,"PrincetonDartmouth1-19",2026-01-19,"conf","Dartmouth","Princeton","Ivy","Ivy","H","W","71-69",0.465558838117583,0.302269000525834,0.87694452176131,0.942693369093223,0.0573066309067766,28.9,"played",NA,NA,NA,239,"Q4"
"6811",6811,"PrincetonDartmouth1-19",2026-01-19,"conf","Princeton","Dartmouth","Ivy","Ivy","A","L","69-71",0.302269000525834,0.465558838117583,0.789142831518436,0.811188227275576,-0.811188227275576,48.1,"played",NA,NA,NA,222,"Q3"
"6812",6812,"ProvidenceMarquette1-19",2026-01-19,"conf","Marquette","Providence","BE","BE","H","W","105-104",0.679338014949704,0.682260447232124,0.87694452176131,0.768458776904752,0.231541223095248,76,"played",NA,NA,NA,89,"Q3"
"6813",6813,"ProvidenceMarquette1-19",2026-01-19,"conf","Providence","Marquette","BE","BE","A","L","104-105",0.682260447232124,0.679338014949704,0.789142831518436,0.638540499954744,-0.638540499954744,58.9,"played",NA,NA,NA,142,"Q3"
"6814",6814,"Sacred HeartRider1-19",2026-01-19,"conf","Rider","Sacred Heart","MAAC","MAAC","H","L","85-105",0.124145130175934,0.185258742802667,0.87694452176131,0.969079449264048,-0.969079449264048,2.4,"played",NA,NA,NA,287,"Q4"
"6815",6815,"Sacred HeartRider1-19",2026-01-19,"conf","Sacred Heart","Rider","MAAC","MAAC","A","W","105-85",0.185258742802667,0.124145130175934,0.789142831518436,0.963508975356504,0.0364910246434962,56.5,"played",NA,NA,NA,357,"Q4"
"6816",6816,"Saint Joseph'sVCU1-19",2026-01-19,"conf","Saint Joseph's","VCU","A10","A10","A","L","72-79",0.441375051805727,0.832009910410597,0.789142831518436,0.430411360912575,-0.430411360912575,74.1,"played",NA,NA,NA,55,"Q1"
"6817",6817,"Saint Joseph'sVCU1-19",2026-01-19,"conf","VCU","Saint Joseph's","A10","A10","H","W","79-72",0.832009910410597,0.441375051805727,0.87694452176131,0.90019487903602,0.0998051209639798,57.8,"played",NA,NA,NA,192,"Q4"
"6818",6818,"Southeastern LouisianaUT Rio Grande Valley1-19",2026-01-19,"conf","Southeastern Louisiana","UT Rio Grande Valley","Slnd","Slnd","A","L","65-68",0.210763265088124,0.55726232666861,0.789142831518436,0.748326675227506,-0.748326675227506,35.9,"played",NA,NA,NA,194,"Q3"
"6819",6819,"Southeastern LouisianaUT Rio Grande Valley1-19",2026-01-19,"conf","UT Rio Grande Valley","Southeastern Louisiana","Slnd","Slnd","H","W","68-65",0.55726232666861,0.210763265088124,0.87694452176131,0.963880666391084,0.0361193336089162,37.5,"played",NA,NA,NA,288,"Q4"
"6820",6820,"Stephen F. AustinNicholls St.1-19",2026-01-19,"conf","Nicholls St.","Stephen F. Austin","Slnd","Slnd","H","L","62-79",0.447990911854504,0.698277000404957,0.87694452176131,0.75485983588986,-0.75485983588986,5.9,"played",NA,NA,NA,88,"Q3"
"6821",6821,"Stephen F. AustinNicholls St.1-19",2026-01-19,"conf","Stephen F. Austin","Nicholls St.","Slnd","Slnd","A","W","79-62",0.698277000404957,0.447990911854504,0.789142831518436,0.821795222623473,0.178204777376527,96.8,"played",NA,NA,NA,214,"Q3"
"6822",6822,"StonehillSaint Francis1-19",2026-01-19,"conf","Saint Francis","Stonehill","NEC","NEC","H","W","63-61",0.11893327333037,0.0863616106872418,0.87694452176131,0.986909609419067,0.0130903905809331,8.4,"played",NA,NA,NA,337,"Q4"
"6823",6823,"StonehillSaint Francis1-19",2026-01-19,"conf","Stonehill","Saint Francis","NEC","NEC","A","L","61-63",0.0863616106872418,0.11893327333037,0.789142831518436,0.965187205836041,-0.965187205836041,12.2,"played",NA,NA,NA,354,"Q4"
"6824",6824,"Texas SouthernJackson St.1-19",2026-01-19,"conf","Jackson St.","Texas Southern","SWAC","SWAC","H","W","94-89",0.203615154509213,0.127997519309955,0.87694452176131,0.979818278787393,0.0201817212126065,27.1,"played",NA,NA,NA,348,"Q4"
"6825",6825,"Texas SouthernJackson St.1-19",2026-01-19,"conf","Texas Southern","Jackson St.","SWAC","SWAC","A","L","89-94",0.127997519309955,0.203615154509213,0.789142831518436,0.936052982067883,-0.936052982067883,9.2,"played",NA,NA,NA,347,"Q4"
"6826",6826,"UMBCBinghamton1-19",2026-01-19,"conf","Binghamton","UMBC","AE","AE","H","L","60-78",0.0832959988038982,0.209748829553563,0.87694452176131,0.96409275773184,-0.96409275773184,1.9,"played",NA,NA,NA,274,"Q4"
"6827",6827,"UMBCBinghamton1-19",2026-01-19,"conf","UMBC","Binghamton","AE","AE","A","W","78-60",0.209748829553563,0.0832959988038982,0.789142831518436,0.976296658657706,0.0237033413422945,55.7,"played",NA,NA,NA,362,"Q4"
"6828",6828,"VermontAlbany1-19",2026-01-19,"conf","Albany","Vermont","AE","AE","H","W","75-68",0.305119018679747,0.297392585715157,0.87694452176131,0.943935425917984,0.0560645740820156,52.7,"played",NA,NA,NA,207,"Q4"
"6829",6829,"VermontAlbany1-19",2026-01-19,"conf","Vermont","Albany","AE","AE","A","L","68-75",0.297392585715157,0.305119018679747,0.789142831518436,0.894994515735722,-0.894994515735722,14.3,"played",NA,NA,NA,309,"Q4"
"6830",6830,"WagnerFairleigh Dickinson1-19",2026-01-19,"conf","Fairleigh Dickinson","Wagner","NEC","NEC","H","W","68-61",0.183963005479034,0.136887136003035,0.87694452176131,0.978229684731794,0.0217703152682057,34.1,"played",NA,NA,NA,324,"Q4"
"6831",6831,"WagnerFairleigh Dickinson1-19",2026-01-19,"conf","Wagner","Fairleigh Dickinson","NEC","NEC","A","L","61-68",0.136887136003035,0.183963005479034,0.789142831518436,0.943186569817656,-0.943186569817656,6.5,"played",NA,NA,NA,339,"Q4"
"6832",6832,"MorehouseHoward1-19",2026-01-19,"nond1","Howard","Morehouse","MEAC",NA,"H","W","69-78",NA,NA,NA,NA,0,NA,"played",NA,NA,NA,NA,NA
"6833",6833,"Elizabeth City St.Norfolk St.1-19",2026-01-19,"nond1","Norfolk St.","Elizabeth City St.","MEAC",NA,"H","W","61-86",NA,NA,NA,NA,0,NA,"played",NA,NA,NA,NA,NA
"6834",6834,"Air ForceColorado St.1-20",2026-01-20,"conf","Air Force","Colorado St.","MWC","MWC","A","L","52-81",0.105682919431014,0.761948848530048,0.789142831518436,0.539013660019678,-0.539013660019678,3.8,"played",NA,NA,NA,92,"Q2"
"6835",6835,"Air ForceColorado St.1-20",2026-01-20,"conf","Colorado St.","Air Force","MWC","MWC","H","W","81-52",0.761948848530048,0.105682919431014,0.87694452176131,0.983688285585496,0.0163117144145042,90.5,"played",NA,NA,NA,336,"Q4"
"6836",6836,"AkronBuffalo1-20",2026-01-20,"conf","Akron","Buffalo","MAC","MAC","A","W","82-63",0.745581397618812,0.546556873185776,0.789142831518436,0.756391714958197,0.243608285041803,97.9,"played",NA,NA,NA,165,"Q3"
"6837",6837,"AkronBuffalo1-20",2026-01-20,"conf","Buffalo","Akron","MAC","MAC","H","L","63-82",0.546556873185776,0.745581397618812,0.87694452176131,0.708606354394313,-0.708606354394313,6.9,"played",NA,NA,NA,54,"Q2"
"6838",6838,"AuburnMississippi1-20",2026-01-20,"conf","Auburn","Mississippi","SEC","SEC","A","W","78-66",0.84883999378349,0.782795445947566,0.789142831518436,0.509432503898883,0.490567496101117,94.1,"played",NA,NA,NA,87,"Q2"
"6839",6839,"AuburnMississippi1-20",2026-01-20,"conf","Mississippi","Auburn","SEC","SEC","H","L","66-78",0.782795445947566,0.84883999378349,0.87694452176131,0.559288913239661,-0.559288913239661,56,"played",NA,NA,NA,34,"Q2"
"6840",6840,"Ball St.Central Michigan1-20",2026-01-20,"conf","Ball St.","Central Michigan","MAC","MAC","A","W","68-67",0.175570369203068,0.241994330286212,0.789142831518436,0.921401475256222,0.0785985247437777,43.3,"played",NA,NA,NA,329,"Q4"
"6841",6841,"Ball St.Central Michigan1-20",2026-01-20,"conf","Central Michigan","Ball St.","MAC","MAC","H","L","67-68",0.241994330286212,0.175570369203068,0.87694452176131,0.970983935499258,-0.970983935499258,8.2,"played",NA,NA,NA,316,"Q4"
"6842",6842,"Boise St.Wyoming1-20",2026-01-20,"conf","Boise St.","Wyoming","MWC","MWC","A","W","81-65",0.719435859842334,0.76314542480965,0.789142831518436,0.53737119837597,0.46262880162403,97,"played",NA,NA,NA,100,"Q2"
"6843",6843,"Boise St.Wyoming1-20",2026-01-20,"conf","Wyoming","Boise St.","MWC","MWC","H","L","65-81",0.76314542480965,0.719435859842334,0.87694452176131,0.735389901479989,-0.735389901479989,20.1,"played",NA,NA,NA,71,"Q2"
"6844",6844,"Bowling GreenWestern Michigan1-20",2026-01-20,"conf","Bowling Green","Western Michigan","MAC","MAC","A","W","72-54",0.571728621824331,0.39706717406787,0.789142831518436,0.850365000236185,0.149634999763815,91.6,"played",NA,NA,NA,256,"Q4"
"6845",6845,"Bowling GreenWestern Michigan1-20",2026-01-20,"conf","Western Michigan","Bowling Green","MAC","MAC","H","L","54-72",0.39706717406787,0.571728621824331,0.87694452176131,0.842228164877759,-0.842228164877759,7.4,"played",NA,NA,NA,101,"Q3"
"6846",6846,"DePaulButler1-20",2026-01-20,"conf","Butler","DePaul","BE","BE","H","W","87-80",0.858613464070704,0.57837139577554,0.87694452176131,0.838582265959197,0.161417734040803,72.3,"played",NA,NA,NA,113,"Q3"
"6847",6847,"DePaulButler1-20",2026-01-20,"conf","DePaul","Butler","BE","BE","A","L","80-87",0.57837139577554,0.858613464070704,0.789142831518436,0.381295065510961,-0.381295065510961,76.1,"played",NA,NA,NA,48,"Q1"
"6848",6848,"EvansvilleIllinois Chicago1-20",2026-01-20,"conf","Evansville","Illinois Chicago","MVC","MVC","A","L","49-76",0.195465563513328,0.656335877113298,0.789142831518436,0.662120554275075,-0.662120554275075,3.1,"played",NA,NA,NA,161,"Q3"
"6849",6849,"EvansvilleIllinois Chicago1-20",2026-01-20,"conf","Illinois Chicago","Evansville","MVC","MVC","H","W","76-49",0.656335877113298,0.195465563513328,0.87694452176131,0.967031802152611,0.0329681978473889,93.6,"played",NA,NA,NA,284,"Q4"
"6850",6850,"Florida St.Miami FL1-20",2026-01-20,"conf","Florida St.","Miami FL","ACC","ACC","A","W","65-63",0.567618274698031,0.882624997146115,0.789142831518436,0.332309029138053,0.667690970861947,90,"played",NA,NA,NA,37,"Q1"
"6851",6851,"Florida St.Miami FL1-20",2026-01-20,"conf","Miami FL","Florida St.","ACC","ACC","H","L","63-65",0.882624997146115,0.567618274698031,0.87694452176131,0.844443407314126,-0.844443407314126,52.3,"played",NA,NA,NA,115,"Q3"
"6852",6852,"GeorgiaMissouri1-20",2026-01-20,"conf","Georgia","Missouri","SEC","SEC","A","W","74-72",0.851354270638983,0.837628198528992,0.789142831518436,0.42045174979891,0.57954825020109,88.2,"played",NA,NA,NA,70,"Q1"
"6853",6853,"GeorgiaMissouri1-20",2026-01-20,"conf","Missouri","Georgia","SEC","SEC","H","L","72-74",0.837628198528992,0.851354270638983,0.87694452176131,0.554420048271428,-0.554420048271428,79.8,"played",NA,NA,NA,24,"Q1"
"6854",6854,"IndianaMichigan1-20",2026-01-20,"conf","Indiana","Michigan","B10","B10","A","L","72-86",0.873086517947804,0.98755383780862,0.789142831518436,0.0450428444038855,-0.0450428444038855,83.9,"played",NA,NA,NA,1,"Q1"
"6855",6855,"IndianaMichigan1-20",2026-01-20,"conf","Michigan","Indiana","B10","B10","H","W","86-72",0.98755383780862,0.873086517947804,0.87694452176131,0.508818932948501,0.491181067051499,99.1,"played",NA,NA,NA,38,"Q2"
"6856",6856,"KansasColorado1-20",2026-01-20,"conf","Colorado","Kansas","B12","B12","H","L","69-75",0.772290823716488,0.923435166348524,0.87694452176131,0.371414287559022,-0.371414287559022,82.4,"played",NA,NA,NA,18,"Q1"
"6857",6857,"KansasColorado1-20",2026-01-20,"conf","Kansas","Colorado","B12","B12","A","W","75-69",0.923435166348524,0.772290823716488,0.789142831518436,0.524598733389019,0.475401266610981,89.7,"played",NA,NA,NA,78,"Q2"
"6858",6858,"Loyola ChicagoSt. Bonaventure1-20",2026-01-20,"conf","Loyola Chicago","St. Bonaventure","A10","A10","A","L","70-84",0.1760796726165,0.588463345654528,0.789142831518436,0.723552025588615,-0.723552025588615,40.1,"played",NA,NA,NA,144,"Q3"
"6859",6859,"Loyola ChicagoSt. Bonaventure1-20",2026-01-20,"conf","St. Bonaventure","Loyola Chicago","A10","A10","H","W","84-70",0.588463345654528,0.1760796726165,0.87694452176131,0.970884750422331,0.0291152495776692,31.4,"played",NA,NA,NA,315,"Q4"
"6860",6860,"LSUFlorida1-20",2026-01-20,"conf","Florida","LSU","SEC","SEC","H","W","79-61",0.967769745662781,0.778358211737825,0.87694452176131,0.669889229359921,0.330110770640079,98,"played",NA,NA,NA,50,"Q2"
"6861",6861,"LSUFlorida1-20",2026-01-20,"conf","LSU","Florida","SEC","SEC","A","L","61-79",0.778358211737825,0.967769745662781,0.789142831518436,0.110826915239594,-0.110826915239594,68.5,"played",NA,NA,NA,14,"Q1"
"6862",6862,"Miami OHKent St.1-20",2026-01-20,"conf","Kent St.","Miami OH","MAC","MAC","H","L","101-107",0.638568943065511,0.696611503750518,0.87694452176131,0.756317426282864,-0.756317426282864,48.4,"played",NA,NA,NA,49,"Q2"
"6863",6863,"Miami OHKent St.1-20",2026-01-20,"conf","Miami OH","Kent St.","MAC","MAC","A","W","107-101",0.696611503750518,0.638568943065511,0.789142831518436,0.679311168960651,0.320688831039349,81.2,"played",NA,NA,NA,148,"Q3"
"6864",6864,"Michigan St.Oregon1-20",2026-01-20,"conf","Michigan St.","Oregon","B10","B10","A","W","68-52",0.932129770868875,0.81299290274961,0.789142831518436,0.462617524270081,0.537382475729919,97,"played",NA,NA,NA,104,"Q2"
"6865",6865,"Michigan St.Oregon1-20",2026-01-20,"conf","Oregon","Michigan St.","B10","B10","H","L","52-68",0.81299290274961,0.932129770868875,0.87694452176131,0.341623855432532,-0.341623855432532,64.9,"played",NA,NA,NA,11,"Q1"
"6866",6866,"MinnesotaOhio St.1-20",2026-01-20,"conf","Minnesota","Ohio St.","B10","B10","A","L","74-82",0.730929552070615,0.895316100144004,0.789142831518436,0.304393013328042,-0.304393013328042,77.6,"played",NA,NA,NA,35,"Q1"
"6867",6867,"MinnesotaOhio St.1-20",2026-01-20,"conf","Ohio St.","Minnesota","B10","B10","H","W","82-74",0.895316100144004,0.730929552070615,0.87694452176131,0.724014798467854,0.275985201532146,87,"played",NA,NA,NA,83,"Q3"
"6868",6868,"N.C. StateClemson1-20",2026-01-20,"conf","Clemson","N.C. State","ACC","ACC","H","L","76-80",0.937538780726441,0.872129903528318,0.87694452176131,0.510969471437763,-0.510969471437763,78.5,"played",NA,NA,NA,29,"Q1"
"6869",6869,"N.C. StateClemson1-20",2026-01-20,"conf","N.C. State","Clemson","ACC","ACC","A","W","80-76",0.872129903528318,0.937538780726441,0.789142831518436,0.199576091999099,0.800423908000901,96.6,"played",NA,NA,NA,32,"Q1"
"6870",6870,"Northern IllinoisOhio1-20",2026-01-20,"conf","Northern Illinois","Ohio","MAC","MAC","A","L","77-80",0.136539414444762,0.450162132915252,0.789142831518436,0.820506375236532,-0.820506375236532,25.7,"played",NA,NA,NA,216,"Q3"
"6871",6871,"Northern IllinoisOhio1-20",2026-01-20,"conf","Ohio","Northern Illinois","MAC","MAC","H","W","80-77",0.450162132915252,0.136539414444762,0.87694452176131,0.978292340323179,0.0217076596768214,27.2,"played",NA,NA,NA,312,"Q4"
"6872",6872,"Oklahoma St.TCU1-20",2026-01-20,"conf","Oklahoma St.","TCU","B12","B12","A","L","65-68",0.704302099365832,0.865296099885822,0.789142831518436,0.368134924888612,-0.368134924888612,84.5,"played",NA,NA,NA,46,"Q1"
"6873",6873,"Oklahoma St.TCU1-20",2026-01-20,"conf","TCU","Oklahoma St.","B12","B12","H","W","68-65",0.865296099885822,0.704302099365832,0.87694452176131,0.749498494736875,0.250501505263125,73.7,"played",NA,NA,NA,73,"Q2"
"6874",6874,"OklahomaSouth Carolina1-20",2026-01-20,"conf","Oklahoma","South Carolina","SEC","SEC","A","L","76-85",0.671721774627647,0.817726977948728,0.789142831518436,0.454809537531623,-0.454809537531623,47.5,"played",NA,NA,NA,85,"Q2"
"6875",6875,"OklahomaSouth Carolina1-20",2026-01-20,"conf","South Carolina","Oklahoma","SEC","SEC","H","W","85-76",0.817726977948728,0.671721774627647,0.87694452176131,0.776923253027942,0.223076746972058,91,"played",NA,NA,NA,76,"Q3"
"6876",6876,"PurdueUCLA1-20",2026-01-20,"conf","Purdue","UCLA","B10","B10","A","L","67-69",0.942325072165618,0.883383237146971,0.789142831518436,0.330682521038581,-0.330682521038581,88.1,"played",NA,NA,NA,40,"Q1"
"6877",6877,"PurdueUCLA1-20",2026-01-20,"conf","UCLA","Purdue","B10","B10","H","W","69-67",0.883383237146971,0.942325072165618,0.87694452176131,0.303704422926014,0.696295577073986,94.4,"played",NA,NA,NA,5,"Q1"
"6878",6878,"RutgersIowa1-20",2026-01-20,"conf","Iowa","Rutgers","B10","B10","H","W","68-62",0.951016965997977,0.434313559219032,0.87694452176131,0.902743058079771,0.0972569419202294,59,"played",NA,NA,NA,153,"Q3"
"6879",6879,"RutgersIowa1-20",2026-01-20,"conf","Rutgers","Iowa","B10","B10","A","L","62-68",0.434313559219032,0.951016965997977,0.789142831518436,0.161610786773865,-0.161610786773865,91.2,"played",NA,NA,NA,21,"Q1"
"6880",6880,"Saint LouisDuquesne1-20",2026-01-20,"conf","Duquesne","Saint Louis","A10","A10","H","L","77-81",0.664548733997581,0.882079346144617,0.87694452176131,0.487886969241814,-0.487886969241814,74.8,"played",NA,NA,NA,22,"Q1"
"6881",6881,"Saint LouisDuquesne1-20",2026-01-20,"conf","Saint Louis","Duquesne","A10","A10","A","W","81-77",0.882079346144617,0.664548733997581,0.789142831518436,0.653879211488026,0.346120788511974,83.3,"played",NA,NA,NA,155,"Q3"
"6882",6882,"San Jose St.Nevada1-20",2026-01-20,"conf","Nevada","San Jose St.","MWC","MWC","H","W","87-54",0.843851415463164,0.280831199129306,0.87694452176131,0.9480512429362,0.0519487570637999,96.8,"played",NA,NA,NA,259,"Q4"
"6883",6883,"San Jose St.Nevada1-20",2026-01-20,"conf","San Jose St.","Nevada","MWC","MWC","A","L","54-87",0.280831199129306,0.843851415463164,0.789142831518436,0.409168925081937,-0.409168925081937,6.5,"played",NA,NA,NA,65,"Q1"
"6884",6884,"Seton HallSt. John's1-20",2026-01-20,"conf","Seton Hall","St. John's","BE","BE","A","L","60-65",0.784391079417502,0.941505441293299,0.789142831518436,0.188653986484811,-0.188653986484811,93.8,"played",NA,NA,NA,23,"Q1"
"6885",6885,"Seton HallSt. John's1-20",2026-01-20,"conf","St. John's","Seton Hall","BE","BE","H","W","65-60",0.941505441293299,0.784391079417502,0.87694452176131,0.662032950990562,0.337967049009438,79.6,"played",NA,NA,NA,45,"Q2"
"6886",6886,"SMUWake Forest1-20",2026-01-20,"conf","SMU","Wake Forest","ACC","ACC","A","W","91-79",0.852332367434774,0.830188381602287,0.789142831518436,0.433595457149497,0.566404542850503,95.9,"played",NA,NA,NA,67,"Q1"
"6887",6887,"SMUWake Forest1-20",2026-01-20,"conf","Wake Forest","SMU","ACC","ACC","H","L","79-91",0.830188381602287,0.852332367434774,0.87694452176131,0.55250469969308,-0.55250469969308,54.7,"played",NA,NA,NA,30,"Q1"
"6888",6888,"Tennessee MartinSoutheast Missouri St.1-20",2026-01-20,"conf","Southeast Missouri St.","Tennessee Martin","OVC","OVC","H","W","66-50",0.342914782088887,0.237188051713002,0.87694452176131,0.958192248853182,0.041807751146818,96.1,"played",NA,NA,NA,187,"Q4"
"6889",6889,"Tennessee MartinSoutheast Missouri St.1-20",2026-01-20,"conf","Tennessee Martin","Southeast Missouri St.","OVC","OVC","A","L","50-66",0.237188051713002,0.342914782088887,0.789142831518436,0.877621650282935,-0.877621650282935,0.7,"played",NA,NA,NA,242,"Q4"
"6890",6890,"Texas TechBaylor1-20",2026-01-20,"conf","Baylor","Texas Tech","B12","B12","H","L","73-92",0.844844372317854,0.914150403527372,0.87694452176131,0.400930435453587,-0.400930435453587,35.2,"played",NA,NA,NA,17,"Q1"
"6891",6891,"Texas TechBaylor1-20",2026-01-20,"conf","Texas Tech","Baylor","B12","B12","A","W","92-73",0.914150403527372,0.844844372317854,0.789142831518436,0.407343680053834,0.592656319946166,99.1,"played",NA,NA,NA,53,"Q1"
"6892",6892,"ToledoMassachusetts1-20",2026-01-20,"conf","Massachusetts","Toledo","MAC","MAC","H","W","84-82",0.572880082018046,0.405578446649967,0.87694452176131,0.912622369732399,0.0873776302676009,49.5,"played",NA,NA,NA,169,"Q4"
"6893",6893,"ToledoMassachusetts1-20",2026-01-20,"conf","Toledo","Massachusetts","MAC","MAC","A","L","82-84",0.405578446649967,0.572880082018046,0.789142831518436,0.736169735795053,-0.736169735795053,48.3,"played",NA,NA,NA,195,"Q3"
"6894",6894,"UCFIowa St.1-20",2026-01-20,"conf","Iowa St.","UCF","B12","B12","H","W","87-57",0.963201567205515,0.77353273260516,0.87694452176131,0.675998096188303,0.324001903811697,99.4,"played",NA,NA,NA,39,"Q2"
"6895",6895,"UCFIowa St.1-20",2026-01-20,"conf","UCF","Iowa St.","B12","B12","A","L","57-87",0.77353273260516,0.963201567205515,0.789142831518436,0.125095084414269,-0.125095084414269,33.4,"played",NA,NA,NA,6,"Q1"
"6896",6896,"UNLVUtah St.1-20",2026-01-20,"conf","UNLV","Utah St.","MWC","MWC","A","W","86-76",0.560876007034628,0.914720101774999,0.789142831518436,0.25866611800377,0.74133388199623,94.3,"played",NA,NA,NA,25,"Q1"
"6897",6897,"UNLVUtah St.1-20",2026-01-20,"conf","Utah St.","UNLV","MWC","MWC","H","L","76-86",0.914720101774999,0.560876007034628,0.87694452176131,0.848011636054,-0.848011636054,45.4,"played",NA,NA,NA,127,"Q3"
"6898",6898,"UtahKansas St.1-20",2026-01-20,"conf","Kansas St.","Utah","B12","B12","H","W","81-78",0.787642451679584,0.594076360174539,0.87694452176131,0.82962411412064,0.17037588587936,69.4,"played",NA,NA,NA,117,"Q3"
"6899",6899,"UtahKansas St.1-20",2026-01-20,"conf","Utah","Kansas St.","B12","B12","A","L","78-81",0.594076360174539,0.787642451679584,0.789142831518436,0.502248363029673,-0.502248363029673,70.6,"played",NA,NA,NA,82,"Q2"
"6900",6900,"VanderbiltArkansas1-20",2026-01-20,"conf","Arkansas","Vanderbilt","SEC","SEC","H","W","93-68",0.944779447184236,0.928124167770446,0.87694452176131,0.355622029564161,0.644377970435839,99.7,"played",NA,NA,NA,16,"Q1"
"6901",6901,"VanderbiltArkansas1-20",2026-01-20,"conf","Vanderbilt","Arkansas","SEC","SEC","A","L","68-93",0.928124167770446,0.944779447184236,0.789142831518436,0.17948361785422,-0.17948361785422,37.2,"played",NA,NA,NA,20,"Q1"
"6902",6902,"Virginia-LynchburgMorgan St.1-20",2026-01-20,"nond1","Morgan St.","Virginia-Lynchburg","MEAC",NA,"H","W","53-128",NA,NA,NA,NA,0,NA,"played",NA,NA,NA,NA,NA
"6903",6903,"Mid-Atlantic Christ.South Carolina St.1-20",2026-01-20,"nond1","South Carolina St.","Mid-Atlantic Christ.","MEAC",NA,"H","W","50-56",NA,NA,NA,NA,0,NA,"played",NA,NA,NA,NA,NA
"6904",6904,"ArmyBucknell1-21",2026-01-21,"conf","Army","Bucknell","Pat","Pat","A","W","87-84",0.121286957424866,0.217206619977822,0.789142831518436,0.930976439518599,0.0690235604814007,30.5,"played",NA,NA,NA,333,"Q4"
"6905",6905,"ArmyBucknell1-21",2026-01-21,"conf","Bucknell","Army","Pat","Pat","H","L","84-87",0.217206619977822,0.121286957424866,0.87694452176131,0.980999516370392,-0.980999516370392,8,"played",NA,NA,NA,320,"Q4"
"6906",6906,"Charleston SouthernPresbyterian1-21",2026-01-21,"conf","Charleston Southern","Presbyterian","BSth","BSth","A","L","83-87",0.304852499335177,0.33833969804482,0.789142831518436,0.879792664762907,-0.879792664762907,13,"played",NA,NA,NA,258,"Q4"
"6907",6907,"Charleston SouthernPresbyterian1-21",2026-01-21,"conf","Presbyterian","Charleston Southern","BSth","BSth","H","W","87-83",0.33833969804482,0.304852499335177,0.87694452176131,0.942029615136421,0.0579703848635789,59.9,"played",NA,NA,NA,219,"Q4"
"6908",6908,"CincinnatiArizona1-21",2026-01-21,"conf","Arizona","Cincinnati","B12","B12","H","W","77-51",0.977752465301565,0.78379278013368,0.87694452176131,0.662823243260027,0.337176756739973,98.7,"played",NA,NA,NA,72,"Q2"
"6909",6909,"CincinnatiArizona1-21",2026-01-21,"conf","Cincinnati","Arizona","B12","B12","A","L","51-77",0.78379278013368,0.977752465301565,0.789142831518436,0.0784743366007909,-0.0784743366007909,66.9,"played",NA,NA,NA,3,"Q1"
"6910",6910,"Cleveland St.Wright St.1-21",2026-01-21,"conf","Cleveland St.","Wright St.","Horz","Horz","A","W","85-79",0.170841144385821,0.717548418206008,0.789142831518436,0.595664611268505,0.404335388731495,78,"played",NA,NA,NA,136,"Q3"
"6911",6911,"Cleveland St.Wright St.1-21",2026-01-21,"conf","Wright St.","Cleveland St.","Horz","Horz","H","L","79-85",0.717548418206008,0.170841144385821,0.87694452176131,0.971900073963006,-0.971900073963006,12.8,"played",NA,NA,NA,321,"Q4"
"6912",6912,"ColgateAmerican1-21",2026-01-21,"conf","American","Colgate","Pat","Pat","H","W","70-66",0.508095570002426,0.363069644263239,0.87694452176131,0.925935900293245,0.074064099706755,46.5,"played",NA,NA,NA,196,"Q4"
"6913",6913,"ColgateAmerican1-21",2026-01-21,"conf","Colgate","American","Pat","Pat","A","L","66-70",0.363069644263239,0.508095570002426,0.789142831518436,0.783703607940069,-0.783703607940069,40.4,"played",NA,NA,NA,228,"Q3"
"6914",6914,"DaytonLa Salle1-21",2026-01-21,"conf","Dayton","La Salle","A10","A10","A","L","64-67",0.686412835074481,0.503258861337018,0.789142831518436,0.786965573726056,-0.786965573726056,14.9,"played",NA,NA,NA,227,"Q3"
"6915",6915,"DaytonLa Salle1-21",2026-01-21,"conf","La Salle","Dayton","A10","A10","H","W","67-64",0.503258861337018,0.686412835074481,0.87694452176131,0.765020894183328,0.234979105816672,92.7,"played",NA,NA,NA,80,"Q3"
"6916",6916,"East CarolinaWichita St.1-21",2026-01-21,"conf","East Carolina","Wichita St.","Amer","Amer","A","L","60-77",0.157608291479868,0.738904436061514,0.789142831518436,0.569419774868401,-0.569419774868401,8.2,"played",NA,NA,NA,95,"Q2"
"6917",6917,"East CarolinaWichita St.1-21",2026-01-21,"conf","Wichita St.","East Carolina","Amer","Amer","H","W","77-60",0.738904436061514,0.157608291479868,0.87694452176131,0.974417735158404,0.0255822648415964,85.6,"played",NA,NA,NA,299,"Q4"
"6918",6918,"East Tennessee St.Chattanooga1-21",2026-01-21,"conf","Chattanooga","East Tennessee St.","SC","SC","H","L","66-67",0.31417384513742,0.448888433472161,0.87694452176131,0.897428314939119,-0.897428314939119,35,"played",NA,NA,NA,129,"Q3"
"6919",6919,"East Tennessee St.Chattanooga1-21",2026-01-21,"conf","East Tennessee St.","Chattanooga","SC","SC","A","W","67-66",0.448888433472161,0.31417384513742,0.789142831518436,0.890946330891946,0.109053669108054,40.9,"played",NA,NA,NA,280,"Q4"
"6920",6920,"FordhamDavidson1-21",2026-01-21,"conf","Davidson","Fordham","A10","A10","H","W","68-63",0.692626171471865,0.363206300265358,0.87694452176131,0.925895367207,0.0741046327929997,43.9,"played",NA,NA,NA,226,"Q4"
"6921",6921,"FordhamDavidson1-21",2026-01-21,"conf","Fordham","Davidson","A10","A10","A","L","63-68",0.363206300265358,0.692626171471865,0.789142831518436,0.624182848539627,-0.624182848539627,62.2,"played",NA,NA,NA,119,"Q2"
"6922",6922,"Fresno St.New Mexico1-21",2026-01-21,"conf","Fresno St.","New Mexico","MWC","MWC","A","L","74-83",0.481922792123584,0.889177912187195,0.789142831518436,0.318080985198017,-0.318080985198017,49.5,"played",NA,NA,NA,42,"Q1"
"6923",6923,"Fresno St.New Mexico1-21",2026-01-21,"conf","New Mexico","Fresno St.","MWC","MWC","H","W","83-74",0.889177912187195,0.481922792123584,0.87694452176131,0.884540532188665,0.115459467811335,88.4,"played",NA,NA,NA,139,"Q3"
"6924",6924,"FurmanThe Citadel1-21",2026-01-21,"conf","Furman","The Citadel","SC","SC","A","L","75-77",0.389531071962605,0.140154923802397,0.789142831518436,0.958264437000095,-0.958264437000095,17.8,"played",NA,NA,NA,350,"Q4"
"6925",6925,"FurmanThe Citadel1-21",2026-01-21,"conf","The Citadel","Furman","SC","SC","H","W","77-75",0.140154923802397,0.389531071962605,0.87694452176131,0.917820216149874,0.0821797838501265,32.5,"played",NA,NA,NA,189,"Q4"
"6926",6926,"Gardner WebbLongwood1-21",2026-01-21,"conf","Gardner Webb","Longwood","BSth","BSth","A","L","56-91",0.031054600359691,0.312752660506419,0.789142831518436,0.891586317792624,-0.891586317792624,0.5,"played",NA,NA,NA,271,"Q4"
"6927",6927,"Gardner WebbLongwood1-21",2026-01-21,"conf","Longwood","Gardner Webb","BSth","BSth","H","W","91-56",0.312752660506419,0.031054600359691,0.87694452176131,0.995522798064527,0.00447720193547285,74.5,"played",NA,NA,NA,363,"Q4"
"6928",6928,"GeorgetownVillanova1-21",2026-01-21,"conf","Georgetown","Villanova","BE","BE","A","L","51-66",0.594254951891872,0.914034335117992,0.789142831518436,0.260349308981246,-0.260349308981246,41.7,"played",NA,NA,NA,33,"Q1"
"6929",6929,"GeorgetownVillanova1-21",2026-01-21,"conf","Villanova","Georgetown","BE","BE","H","W","66-51",0.914034335117992,0.594254951891872,0.87694452176131,0.829519401147896,0.170480598852104,95.6,"played",NA,NA,NA,118,"Q3"
"6930",6930,"Holy CrossNavy1-21",2026-01-21,"conf","Holy Cross","Navy","Pat","Pat","A","L","68-85",0.118107022625567,0.465453988539404,0.789142831518436,0.811252761824176,-0.811252761824176,10.9,"played",NA,NA,NA,193,"Q3"
"6931",6931,"Holy CrossNavy1-21",2026-01-21,"conf","Navy","Holy Cross","Pat","Pat","H","W","85-68",0.465453988539404,0.118107022625567,0.87694452176131,0.981553972347959,0.0184460276520411,48.8,"played",NA,NA,NA,314,"Q4"
"6932",6932,"Indiana St.Bradley1-21",2026-01-21,"conf","Bradley","Indiana St.","MVC","MVC","H","W","75-68",0.630393603174275,0.363662236714813,0.87694452176131,0.925760033172288,0.0742399668277122,43.1,"played",NA,NA,NA,205,"Q4"
"6933",6933,"Indiana St.Bradley1-21",2026-01-21,"conf","Indiana St.","Bradley","MVC","MVC","A","L","68-75",0.363662236714813,0.630393603174275,0.789142831518436,0.686941833214128,-0.686941833214128,56.2,"played",NA,NA,NA,124,"Q2"
"6934",6934,"IU IndyOakland1-21",2026-01-21,"conf","IU Indy","Oakland","Horz","Horz","A","W","103-85",0.178820401046325,0.639939911872445,0.789142831518436,0.678014683260013,0.321985316739987,90.8,"played",NA,NA,NA,135,"Q2"
"6935",6935,"IU IndyOakland1-21",2026-01-21,"conf","Oakland","IU Indy","Horz","Horz","H","L","85-103",0.639939911872445,0.178820401046325,0.87694452176131,0.970349240873804,-0.970349240873804,3.8,"played",NA,NA,NA,310,"Q4"
"6936",6936,"Kennesaw St.Sam Houston St.1-21",2026-01-21,"conf","Kennesaw St.","Sam Houston St.","CUSA","CUSA","A","L","87-93",0.417773718358861,0.710010982697554,0.789142831518436,0.604518668369394,-0.604518668369394,49.1,"played",NA,NA,NA,105,"Q2"
"6937",6937,"Kennesaw St.Sam Houston St.1-21",2026-01-21,"conf","Sam Houston St.","Kennesaw St.","CUSA","CUSA","H","W","93-87",0.710010982697554,0.417773718358861,0.87694452176131,0.908522587405783,0.0914774125942168,64.6,"played",NA,NA,NA,159,"Q3"
"6938",6938,"LafayetteBoston University1-21",2026-01-21,"conf","Boston University","Lafayette","Pat","Pat","H","W","77-73",0.285090150805246,0.147463233359836,0.87694452176131,0.976303494184094,0.023696505815906,16.2,"played",NA,NA,NA,328,"Q4"
"6939",6939,"LafayetteBoston University1-21",2026-01-21,"conf","Lafayette","Boston University","Pat","Pat","A","L","73-77",0.147463233359836,0.285090150805246,0.789142831518436,0.903707677893,-0.903707677893,26.3,"played",NA,NA,NA,292,"Q4"
"6940",6940,"LibertyWestern Kentucky1-21",2026-01-21,"conf","Liberty","Western Kentucky","CUSA","CUSA","A","W","76-69",0.617063960398147,0.539993818540962,0.789142831518436,0.761232506402088,0.238767493597912,79.1,"played",NA,NA,NA,167,"Q3"
"6941",6941,"LibertyWestern Kentucky1-21",2026-01-21,"conf","Western Kentucky","Liberty","CUSA","CUSA","H","L","69-76",0.539993818540962,0.617063960398147,0.87694452176131,0.815583004897484,-0.815583004897484,33.3,"played",NA,NA,NA,84,"Q3"
"6942",6942,"Loyola MarymountSeattle1-21",2026-01-21,"conf","Loyola Marymount","Seattle","WCC","WCC","A","L","59-69",0.409607691238367,0.74544303723052,0.789142831518436,0.561022355526039,-0.561022355526039,15.9,"played",NA,NA,NA,114,"Q2"
"6943",6943,"Loyola MarymountSeattle1-21",2026-01-21,"conf","Seattle","Loyola Marymount","WCC","WCC","H","W","69-59",0.74544303723052,0.409607691238367,0.87694452176131,0.911282503732018,0.0887174962679816,91.5,"played",NA,NA,NA,170,"Q4"
"6944",6944,"MarylandIllinois1-21",2026-01-21,"conf","Illinois","Maryland","B10","B10","H","W","89-70",0.970104643724092,0.573049543206266,0.87694452176131,0.841509712207793,0.158490287792207,94.3,"played",NA,NA,NA,152,"Q3"
"6945",6945,"MarylandIllinois1-21",2026-01-21,"conf","Maryland","Illinois","B10","B10","A","L","70-89",0.573049543206266,0.970104643724092,0.789142831518436,0.103406530476857,-0.103406530476857,72.4,"played",NA,NA,NA,9,"Q1"
"6946",6946,"MemphisTulsa1-21",2026-01-21,"conf","Memphis","Tulsa","Amer","Amer","A","L","66-83",0.647741340141445,0.855650066325967,0.789142831518436,0.387020296107445,-0.387020296107445,56.9,"played",NA,NA,NA,47,"Q1"
"6947",6947,"MemphisTulsa1-21",2026-01-21,"conf","Tulsa","Memphis","Amer","Amer","H","W","83-66",0.855650066325967,0.647741340141445,0.87694452176131,0.794894141174265,0.205105858825735,89.2,"played",NA,NA,NA,112,"Q3"
"6948",6948,"Mississippi St.Texas A&M1-21",2026-01-21,"conf","Mississippi St.","Texas A&M","SEC","SEC","A","L","68-88",0.637216067206247,0.915550420652576,0.789142831518436,0.256621248205328,-0.256621248205328,45.6,"played",NA,NA,NA,41,"Q1"
"6949",6949,"Mississippi St.Texas A&M1-21",2026-01-21,"conf","Texas A&M","Mississippi St.","SEC","SEC","H","W","88-68",0.915550420652576,0.637216067206247,0.87694452176131,0.802264340981144,0.197735659018856,95.8,"played",NA,NA,NA,99,"Q3"
"6950",6950,"Murray St.Drake1-21",2026-01-21,"conf","Drake","Murray St.","MVC","MVC","H","W","101-90",0.53888123509143,0.635707651012394,0.87694452176131,0.803296496851395,0.196703503148605,84.1,"played",NA,NA,NA,74,"Q2"
"6951",6951,"Murray St.Drake1-21",2026-01-21,"conf","Murray St.","Drake","MVC","MVC","A","L","90-101",0.635707651012394,0.53888123509143,0.789142831518436,0.762045499978807,-0.762045499978807,27.9,"played",NA,NA,NA,166,"Q3"
"6952",6952,"North AlabamaQueens1-21",2026-01-21,"conf","North Alabama","Queens","ASun","ASun","A","L","62-87",0.0884777145660335,0.515663678728228,0.789142831518436,0.77852495592304,-0.77852495592304,5.3,"played",NA,NA,NA,183,"Q3"
"6953",6953,"North AlabamaQueens1-21",2026-01-21,"conf","Queens","North Alabama","ASun","ASun","H","W","87-62",0.515663678728228,0.0884777145660335,0.87694452176131,0.986562452243666,0.013437547756334,64.9,"played",NA,NA,NA,335,"Q4"
"6954",6954,"Northern IowaIllinois St.1-21",2026-01-21,"conf","Illinois St.","Northern Iowa","MVC","MVC","H","W","59-54",0.816126473444108,0.62119758035374,0.87694452176131,0.812931803778752,0.187068196221248,85.9,"played",NA,NA,NA,102,"Q3"
"6955",6955,"Northern IowaIllinois St.1-21",2026-01-21,"conf","Northern Iowa","Illinois St.","MVC","MVC","A","L","54-59",0.62119758035374,0.816126473444108,0.789142831518436,0.457464356306282,-0.457464356306282,54.4,"played",NA,NA,NA,79,"Q2"
"6956",6956,"NorthwesternUSC1-21",2026-01-21,"conf","Northwestern","USC","B10","B10","A","W","74-68",0.745990934106807,0.850928400566256,0.789142831518436,0.396005997866024,0.603994002133976,90.9,"played",NA,NA,NA,56,"Q1"
"6957",6957,"NorthwesternUSC1-21",2026-01-21,"conf","USC","Northwestern","B10","B10","H","L","68-74",0.850928400566256,0.745990934106807,0.87694452176131,0.708160123263315,-0.708160123263315,62.6,"played",NA,NA,NA,69,"Q2"
"6958",6958,"Notre DameNorth Carolina1-21",2026-01-21,"conf","North Carolina","Notre Dame","ACC","ACC","H","W","91-69",0.914942599410585,0.645182423439833,0.87694452176131,0.796713547399044,0.203286452600956,96.9,"played",NA,NA,NA,81,"Q3"
"6959",6959,"Notre DameNorth Carolina1-21",2026-01-21,"conf","Notre Dame","North Carolina","ACC","ACC","A","L","69-91",0.645182423439833,0.914942599410585,0.789142831518436,0.258118902076419,-0.258118902076419,38.7,"played",NA,NA,NA,27,"Q1"
"6960",6960,"Oregon St.Saint Mary's1-21",2026-01-21,"conf","Oregon St.","Saint Mary's","WCC","WCC","A","L","51-81",0.33310428152549,0.908833684887652,0.789142831518436,0.272949274196153,-0.272949274196153,15.5,"played",NA,NA,NA,28,"Q1"
"6961",6961,"Oregon St.Saint Mary's1-21",2026-01-21,"conf","Saint Mary's","Oregon St.","WCC","WCC","H","W","81-51",0.908833684887652,0.33310428152549,0.87694452176131,0.934501532774554,0.0654984672254456,96.5,"played",NA,NA,NA,213,"Q4"
"6962",6962,"PepperdineGonzaga1-21",2026-01-21,"conf","Gonzaga","Pepperdine","WCC","WCC","H","W","84-60",0.966086351861385,0.217599421655683,0.87694452176131,0.962439543198769,0.0375604568012314,90.9,"played",NA,NA,NA,267,"Q4"
"6963",6963,"PepperdineGonzaga1-21",2026-01-21,"conf","Pepperdine","Gonzaga","WCC","WCC","A","L","60-84",0.217599421655683,0.966086351861385,0.789142831518436,0.116122856905454,-0.116122856905454,44.3,"played",NA,NA,NA,4,"Q1"
"6964",6964,"PittsburghBoston College1-21",2026-01-21,"conf","Boston College","Pittsburgh","ACC","ACC","H","W","65-62",0.611273164360049,0.587700127965515,0.87694452176131,0.83332008576474,0.16667991423526,69.4,"played",NA,NA,NA,121,"Q3"
"6965",6965,"PittsburghBoston College1-21",2026-01-21,"conf","Pittsburgh","Boston College","ACC","ACC","A","L","62-65",0.587700127965515,0.611273164360049,0.789142831518436,0.704141763062635,-0.704141763062635,49.7,"played",NA,NA,NA,157,"Q3"
"6966",6966,"Purdue Fort WayneDetroit Mercy1-21",2026-01-21,"conf","Detroit Mercy","Purdue Fort Wayne","Horz","Horz","H","L","76-83",0.41087180318306,0.292872856878609,0.87694452176131,0.945074204187965,-0.945074204187965,17.6,"played",NA,NA,NA,210,"Q4"
"6967",6967,"Purdue Fort WayneDetroit Mercy1-21",2026-01-21,"conf","Purdue Fort Wayne","Detroit Mercy","Horz","Horz","A","W","83-76",0.292872856878609,0.41087180318306,0.789142831518436,0.842921600902124,0.157078399097876,57.5,"played",NA,NA,NA,273,"Q4"
"6968",6968,"RadfordWinthrop1-21",2026-01-21,"conf","Radford","Winthrop","BSth","BSth","A","L","75-76",0.229310238486478,0.589293391463423,0.789142831518436,0.72286571295832,-0.72286571295832,59.7,"played",NA,NA,NA,130,"Q2"
"6969",6969,"RadfordWinthrop1-21",2026-01-21,"conf","Winthrop","Radford","BSth","BSth","H","W","76-75",0.589293391463423,0.229310238486478,0.87694452176131,0.959921770218191,0.0400782297818087,22.4,"played",NA,NA,NA,260,"Q4"
"6970",6970,"Rhode IslandRichmond1-21",2026-01-21,"conf","Rhode Island","Richmond","A10","A10","A","W","69-68",0.501095551708488,0.660447080764919,0.789142831518436,0.658019120873694,0.341980879126306,64.2,"played",NA,NA,NA,126,"Q2"
"6971",6971,"Rhode IslandRichmond1-21",2026-01-21,"conf","Richmond","Rhode Island","A10","A10","H","L","68-69",0.660447080764919,0.501095551708488,0.87694452176131,0.876470842985361,-0.876470842985361,52.1,"played",NA,NA,NA,133,"Q3"
"6972",6972,"SamfordWofford1-21",2026-01-21,"conf","Samford","Wofford","SC","SC","A","L","78-88",0.172321727445834,0.427054957226168,0.789142831518436,0.833916616644165,-0.833916616644165,26.2,"played",NA,NA,NA,225,"Q3"
"6973",6973,"SamfordWofford1-21",2026-01-21,"conf","Wofford","Samford","SC","SC","H","W","88-78",0.427054957226168,0.172321727445834,0.87694452176131,0.971614197909055,0.0283858020909451,30.4,"played",NA,NA,NA,269,"Q4"
"6974",6974,"San Diego St.Grand Canyon1-21",2026-01-21,"conf","Grand Canyon","San Diego St.","MWC","MWC","H","W","70-69",0.843748589646882,0.806407529368549,0.87694452176131,0.631108325214088,0.368891674785912,86.6,"played",NA,NA,NA,52,"Q2"
"6975",6975,"San Diego St.Grand Canyon1-21",2026-01-21,"conf","San Diego St.","Grand Canyon","MWC","MWC","A","L","69-70",0.806407529368549,0.843748589646882,0.789142831518436,0.409357541008259,-0.409357541008259,77.7,"played",NA,NA,NA,86,"Q2"
"6976",6976,"South DakotaNebraska Omaha1-21",2026-01-21,"conf","Nebraska Omaha","South Dakota","Sum","Sum","H","L","64-68",0.38253352780429,0.214647067407385,0.87694452176131,0.963064474227078,-0.963064474227078,19.2,"played",NA,NA,NA,272,"Q4"
"6977",6977,"South DakotaNebraska Omaha1-21",2026-01-21,"conf","South Dakota","Nebraska Omaha","Sum","Sum","A","W","68-64",0.214647067407385,0.38253352780429,0.789142831518436,0.857975360620707,0.142024639379293,41.6,"played",NA,NA,NA,281,"Q4"
"6978",6978,"Southern IllinoisValparaiso1-21",2026-01-21,"conf","Southern Illinois","Valparaiso","MVC","MVC","A","L","63-69",0.429692892721203,0.617432819487282,0.789142831518436,0.69869691398021,-0.69869691398021,14.7,"played",NA,NA,NA,171,"Q3"
"6979",6979,"Southern IllinoisValparaiso1-21",2026-01-21,"conf","Valparaiso","Southern Illinois","MVC","MVC","H","W","69-63",0.617432819487282,0.429692892721203,0.87694452176131,0.904383896749159,0.0956161032508414,87.6,"played",NA,NA,NA,143,"Q3"
"6980",6980,"Tarleton St.UT Arlington1-21",2026-01-21,"conf","Tarleton St.","UT Arlington","WAC","WAC","A","L","64-71",0.400519815714214,0.58940849732773,0.789142831518436,0.722770423127821,-0.722770423127821,41.4,"played",NA,NA,NA,123,"Q2"
"6981",6981,"Tarleton St.UT Arlington1-21",2026-01-21,"conf","UT Arlington","Tarleton St.","WAC","WAC","H","W","71-64",0.58940849732773,0.400519815714214,0.87694452176131,0.914284499452316,0.0857155005476835,57.6,"played",NA,NA,NA,185,"Q4"
"6982",6982,"TempleRice1-21",2026-01-21,"conf","Rice","Temple","Amer","Amer","H","L","65-69",0.456337279232508,0.482165271889948,0.87694452176131,0.884441310768963,-0.884441310768963,41.1,"played",NA,NA,NA,154,"Q3"
"6983",6983,"TempleRice1-21",2026-01-21,"conf","Temple","Rice","Amer","Amer","A","W","69-65",0.482165271889948,0.456337279232508,0.789142831518436,0.816807094698556,0.183192905301444,52.8,"played",NA,NA,NA,253,"Q4"
"6984",6984,"TexasKentucky1-21",2026-01-21,"conf","Kentucky","Texas","SEC","SEC","H","W","85-80",0.894882969930619,0.805200835828333,0.87694452176131,0.632901780263016,0.367098219736984,89.1,"played",NA,NA,NA,43,"Q2"
"6985",6985,"TexasKentucky1-21",2026-01-21,"conf","Texas","Kentucky","SEC","SEC","A","L","80-85",0.805200835828333,0.894882969930619,0.789142831518436,0.305370611040222,-0.305370611040222,81.1,"played",NA,NA,NA,31,"Q1"
"6986",6986,"TroyOld Dominion1-21",2026-01-21,"conf","Old Dominion","Troy","SB","SB","H","L","77-83",0.413664087476716,0.574223488770011,0.87694452176131,0.840868495508097,-0.840868495508097,50.5,"played",NA,NA,NA,103,"Q3"
"6987",6987,"TroyOld Dominion1-21",2026-01-21,"conf","Troy","Old Dominion","SB","SB","A","W","83-77",0.574223488770011,0.413664087476716,0.789142831518436,0.841389735962245,0.158610264037755,48.3,"played",NA,NA,NA,250,"Q4"
"6988",6988,"TulaneFlorida Atlantic1-21",2026-01-21,"conf","Florida Atlantic","Tulane","Amer","Amer","H","W","79-74",0.793840431015816,0.343744187026903,0.87694452176131,0.931531828337849,0.0684681716621508,63.5,"played",NA,NA,NA,202,"Q4"
"6989",6989,"TulaneFlorida Atlantic1-21",2026-01-21,"conf","Tulane","Florida Atlantic","Amer","Amer","A","L","74-79",0.343744187026903,0.793840431015816,0.789142831518436,0.492884070110421,-0.492884070110421,53.7,"played",NA,NA,NA,91,"Q2"
"6990",6990,"UNC AshevilleUSC Upstate1-21",2026-01-21,"conf","UNC Asheville","USC Upstate","BSth","BSth","A","W","83-69",0.274453641199316,0.283031250289585,0.789142831518436,0.904585070554709,0.0954149294452906,67.9,"played",NA,NA,NA,285,"Q4"
"6991",6991,"UNC AshevilleUSC Upstate1-21",2026-01-21,"conf","USC Upstate","UNC Asheville","BSth","BSth","H","L","69-83",0.283031250289585,0.274453641199316,0.87694452176131,0.949595279565646,-0.949595279565646,6.6,"played",NA,NA,NA,232,"Q4"
"6992",6992,"UNC GreensboroVMI1-21",2026-01-21,"conf","UNC Greensboro","VMI","SC","SC","A","W","85-78",0.170845743130604,0.144010141026281,0.789142831518436,0.956980979604427,0.0430190203955733,36.5,"played",NA,NA,NA,353,"Q4"
"6993",6993,"UNC GreensboroVMI1-21",2026-01-21,"conf","VMI","UNC Greensboro","SC","SC","H","L","78-85",0.144010141026281,0.170845743130604,0.87694452176131,0.971899187342243,-0.971899187342243,5.7,"played",NA,NA,NA,295,"Q4"
"6994",6994,"Utah TechCal Baptist1-21",2026-01-21,"conf","Cal Baptist","Utah Tech","WAC","WAC","H","W","73-64",0.691435207905624,0.326398450988887,0.87694452176131,0.936334401660849,0.0636655983391512,66.3,"played",NA,NA,NA,199,"Q4"
"6995",6995,"Utah TechCal Baptist1-21",2026-01-21,"conf","Utah Tech","Cal Baptist","WAC","WAC","A","L","64-73",0.326398450988887,0.691435207905624,0.789142831518436,0.625492790676781,-0.625492790676781,35.5,"played",NA,NA,NA,120,"Q2"
"6996",6996,"Utah ValleySouthern Utah1-21",2026-01-21,"conf","Southern Utah","Utah Valley","WAC","WAC","H","W","84-70",0.331760954622987,0.65875856803625,0.87694452176131,0.786850012957824,0.213149987042176,89.1,"played",NA,NA,NA,96,"Q3"
"6997",6997,"Utah ValleySouthern Utah1-21",2026-01-21,"conf","Utah Valley","Southern Utah","WAC","WAC","A","L","70-84",0.65875856803625,0.331760954622987,0.789142831518436,0.882880763427249,-0.882880763427249,10.5,"played",NA,NA,NA,294,"Q4"
"6998",6998,"UTSANorth Texas1-21",2026-01-21,"conf","North Texas","UTSA","Amer","Amer","H","W","81-62",0.61394540023339,0.0659428297410237,0.87694452176131,0.990190615450233,0.00980938454976721,67.7,"played",NA,NA,NA,349,"Q4"
"6999",6999,"UTSANorth Texas1-21",2026-01-21,"conf","UTSA","North Texas","Amer","Amer","A","L","62-81",0.0659428297410237,0.61394540023339,0.789142831518436,0.701790604371229,-0.701790604371229,5.1,"played",NA,NA,NA,147,"Q3"
"7000",7000,"Virginia TechSyracuse1-21",2026-01-21,"conf","Syracuse","Virginia Tech","ACC","ACC","H","L","74-76",0.839475742553748,0.754253091747402,0.87694452176131,0.698966789253546,-0.698966789253546,76.3,"played",NA,NA,NA,51,"Q2"
"7001",7001,"Virginia TechSyracuse1-21",2026-01-21,"conf","Virginia Tech","Syracuse","ACC","ACC","A","W","76-74",0.754253091747402,0.839475742553748,0.789142831518436,0.417130023189949,0.582869976810051,83.3,"played",NA,NA,NA,77,"Q2"
"7002",7002,"Washington St.San Diego1-21",2026-01-21,"conf","San Diego","Washington St.","WCC","WCC","H","W","96-92",0.545701106777343,0.483069117975872,0.87694452176131,0.884070838462682,0.115929161537318,74.9,"played",NA,NA,NA,156,"Q3"
"7003",7003,"Washington St.San Diego1-21",2026-01-21,"conf","Washington St.","San Diego","WCC","WCC","A","L","92-96",0.483069117975872,0.545701106777343,0.789142831518436,0.75702731189978,-0.75702731189978,27.3,"played",NA,NA,NA,208,"Q3"
"7004",7004,"WashingtonNebraska1-21",2026-01-21,"conf","Nebraska","Washington","B10","B10","H","W","76-66",0.960111303481749,0.749226742667862,0.87694452176131,0.704603340179548,0.295396659820452,96.3,"played",NA,NA,NA,62,"Q2"
"7005",7005,"WashingtonNebraska1-21",2026-01-21,"conf","Washington","Nebraska","B10","B10","A","L","66-76",0.749226742667862,0.960111303481749,0.789142831518436,0.134564422606148,-0.134564422606148,73.2,"played",NA,NA,NA,7,"Q1"
"7006",7006,"West VirginiaArizona St.1-21",2026-01-21,"conf","Arizona St.","West Virginia","B12","B12","H","L","63-75",0.764484530115745,0.780378589803463,0.87694452176131,0.667285774701098,-0.667285774701098,61.1,"played",NA,NA,NA,59,"Q2"
"7007",7007,"West VirginiaArizona St.1-21",2026-01-21,"conf","West Virginia","Arizona St.","B12","B12","A","W","75-63",0.780378589803463,0.764484530115745,0.789142831518436,0.535525330246126,0.464474669753874,88,"played",NA,NA,NA,93,"Q2"
"7008",7008,"Western CarolinaMercer1-21",2026-01-21,"conf","Mercer","Western Carolina","SC","SC","H","W","88-76",0.653833270716202,0.189337564487005,0.87694452176131,0.968266322969144,0.0317336770308555,76.3,"played",NA,NA,NA,289,"Q4"
"7009",7009,"Western CarolinaMercer1-21",2026-01-21,"conf","Western Carolina","Mercer","SC","SC","A","L","76-88",0.189337564487005,0.653833270716202,0.789142831518436,0.664593982193898,-0.664593982193898,12,"played",NA,NA,NA,125,"Q2"
"7010",7010,"XavierCreighton1-21",2026-01-21,"conf","Creighton","Xavier","BE","BE","H","W","94-93",0.853766094479856,0.650772325033312,0.87694452176131,0.792715583981746,0.207284416018254,69.9,"played",NA,NA,NA,94,"Q3"
"7011",7011,"XavierCreighton1-21",2026-01-21,"conf","Xavier","Creighton","BE","BE","A","L","93-94",0.650772325033312,0.853766094479856,0.789142831518436,0.390625558612227,-0.390625558612227,82.4,"played",NA,NA,NA,58,"Q1"
"7012",7012,"AlbanyMaine1-22",2026-01-22,"conf","Albany","Maine","AE","AE","A","L","49-52",0.187386733437233,0.117473612685145,0.789142831518436,0.965654705788423,-0.965654705788423,13,"played",NA,NA,NA,343,"Q4"
"7013",7013,"AlbanyMaine1-22",2026-01-22,"conf","Maine","Albany","AE","AE","H","W","52-49",0.117473612685145,0.187386733437233,0.87694452176131,0.968656075522331,0.0313439244776691,17.1,"played",NA,NA,NA,309,"Q4"
"7014",7014,"Arkansas St.Georgia Southern1-22",2026-01-22,"conf","Arkansas St.","Georgia Southern","SB","SB","A","W","85-68",0.486958310027856,0.400249732677704,0.789142831518436,0.848667878767697,0.151332121232303,85.2,"played",NA,NA,NA,243,"Q4"
"7015",7015,"Arkansas St.Georgia Southern1-22",2026-01-22,"conf","Georgia Southern","Arkansas St.","SB","SB","H","L","68-85",0.400249732677704,0.486958310027856,0.87694452176131,0.882465421492392,-0.882465421492392,9.9,"played",NA,NA,NA,141,"Q3"
"7016",7016,"BellarmineJacksonville1-22",2026-01-22,"conf","Bellarmine","Jacksonville","ASun","ASun","A","W","77-70",0.146521869965627,0.269014167855688,0.789142831518436,0.910470750059058,0.0895292499409418,40.8,"played",NA,NA,NA,293,"Q4"
"7017",7017,"BellarmineJacksonville1-22",2026-01-22,"conf","Jacksonville","Bellarmine","ASun","ASun","H","L","70-77",0.269014167855688,0.146521869965627,0.87694452176131,0.976476566376086,-0.976476566376086,8.4,"played",NA,NA,NA,291,"Q4"
"7018",7018,"BinghamtonNew Hampshire1-22",2026-01-22,"conf","Binghamton","New Hampshire","AE","AE","A","L","82-88",0.0455455848513069,0.294034884198752,0.789142831518436,0.899856735898056,-0.899856735898056,31.8,"played",NA,NA,NA,323,"Q4"
"7019",7019,"BinghamtonNew Hampshire1-22",2026-01-22,"conf","New Hampshire","Binghamton","AE","AE","H","W","88-82",0.294034884198752,0.0455455848513069,0.87694452176131,0.993348470028501,0.00665152997149854,4.1,"played",NA,NA,NA,362,"Q4"
"7020",7020,"Cal PolyUC Santa Barbara1-22",2026-01-22,"conf","Cal Poly","UC Santa Barbara","BW","BW","A","L","67-107",0.22558726115521,0.641009132198243,0.789142831518436,0.677000142650276,-0.677000142650276,1.6,"played",NA,NA,NA,145,"Q3"
"7021",7021,"Cal PolyUC Santa Barbara1-22",2026-01-22,"conf","UC Santa Barbara","Cal Poly","BW","BW","H","W","107-67",0.641009132198243,0.22558726115521,0.87694452176131,0.960729012486904,0.0392709875130959,96.9,"played",NA,NA,NA,257,"Q4"
"7022",7022,"Cal St. BakersfieldHawaii1-22",2026-01-22,"conf","Cal St. Bakersfield","Hawaii","BW","BW","A","L","71-98",0.159533932612316,0.782563869210565,0.789142831518436,0.50977274777129,-0.50977274777129,8.6,"played",NA,NA,NA,97,"Q2"
"7023",7023,"Cal St. BakersfieldHawaii1-22",2026-01-22,"conf","Hawaii","Cal St. Bakersfield","BW","BW","H","W","98-71",0.782563869210565,0.159533932612316,0.87694452176131,0.974055493161456,0.0259445068385435,87.9,"played",NA,NA,NA,301,"Q4"
"7024",7024,"CampbellCharleston1-22",2026-01-22,"conf","Campbell","Charleston","CAA","CAA","A","L","83-87",0.327073956545687,0.52079730801882,0.789142831518436,0.774959275716584,-0.774959275716584,37.9,"played",NA,NA,NA,175,"Q3"
"7025",7025,"CampbellCharleston1-22",2026-01-22,"conf","Charleston","Campbell","CAA","CAA","H","W","87-83",0.52079730801882,0.327073956545687,0.87694452176131,0.936151100895773,0.0638488991042273,46.4,"played",NA,NA,NA,203,"Q4"
"7026",7026,"CanisiusSacred Heart1-22",2026-01-22,"conf","Canisius","Sacred Heart","MAAC","MAAC","A","L","66-69",0.0962828763969484,0.302151169708424,0.789142831518436,0.896306351960381,-0.896306351960381,27.5,"played",NA,NA,NA,287,"Q4"
"7027",7027,"CanisiusSacred Heart1-22",2026-01-22,"conf","Sacred Heart","Canisius","MAAC","MAAC","H","W","69-66",0.302151169708424,0.0962828763969484,0.87694452176131,0.985270070495874,0.0147299295041264,10.8,"played",NA,NA,NA,342,"Q4"
"7028",7028,"Central ArkansasWest Georgia1-22",2026-01-22,"conf","Central Arkansas","West Georgia","ASun","ASun","A","W","86-65",0.418552667589624,0.213011210585839,0.789142831518436,0.932556250535378,0.0674437494646216,76.6,"played",NA,NA,NA,322,"Q4"
"7029",7029,"Central ArkansasWest Georgia1-22",2026-01-22,"conf","West Georgia","Central Arkansas","ASun","ASun","H","L","65-86",0.213011210585839,0.418552667589624,0.87694452176131,0.908256159397106,-0.908256159397106,5.6,"played",NA,NA,NA,206,"Q4"
"7030",7030,"Eastern IllinoisSouthern Indiana1-22",2026-01-22,"conf","Eastern Illinois","Southern Indiana","OVC","OVC","A","W","59-51",0.152001874020281,0.167812136503116,0.789142831518436,0.94887383530995,0.05112616469005,23.5,"played",NA,NA,NA,338,"Q4"
"7031",7031,"Eastern IllinoisSouthern Indiana1-22",2026-01-22,"conf","Southern Indiana","Eastern Illinois","OVC","OVC","H","L","51-59",0.167812136503116,0.152001874020281,0.87694452176131,0.975464530911887,-0.975464530911887,10.5,"played",NA,NA,NA,305,"Q4"
"7032",7032,"Eastern KentuckyNorth Florida1-22",2026-01-22,"conf","Eastern Kentucky","North Florida","ASun","ASun","A","L","85-87",0.223192376556858,0.222890542562906,0.789142831518436,0.928817598328057,-0.928817598328057,16.2,"played",NA,NA,NA,341,"Q4"
"7033",7033,"Eastern KentuckyNorth Florida1-22",2026-01-22,"conf","North Florida","Eastern Kentucky","ASun","ASun","H","W","87-85",0.222890542562906,0.223192376556858,0.87694452176131,0.961244908789494,0.0387550912105064,29.8,"played",NA,NA,NA,262,"Q4"
"7034",7034,"FIUUTEP1-22",2026-01-22,"conf","FIU","UTEP","CUSA","CUSA","A","L","77-83",0.408547275216062,0.346704940492434,0.789142831518436,0.87580832614611,-0.87580832614611,16,"played",NA,NA,NA,276,"Q4"
"7035",7035,"FIUUTEP1-22",2026-01-22,"conf","UTEP","FIU","CUSA","CUSA","H","W","83-77",0.346704940492434,0.408547275216062,0.87694452176131,0.911636516667524,0.0883634833324762,65.9,"played",NA,NA,NA,198,"Q4"
"7036",7036,"Florida Gulf CoastAustin Peay1-22",2026-01-22,"conf","Austin Peay","Florida Gulf Coast","ASun","ASun","H","W","83-62",0.626176067152334,0.308404183016962,0.87694452176131,0.941110565442255,0.0588894345577446,91.6,"played",NA,NA,NA,237,"Q4"
"7037",7037,"Florida Gulf CoastAustin Peay1-22",2026-01-22,"conf","Florida Gulf Coast","Austin Peay","ASun","ASun","A","L","62-83",0.308404183016962,0.626176067152334,0.789142831518436,0.690812314834955,-0.690812314834955,6.4,"played",NA,NA,NA,149,"Q3"
"7038",7038,"Green BayYoungstown St.1-22",2026-01-22,"conf","Green Bay","Youngstown St.","Horz","Horz","A","L","81-88",0.347484853107807,0.546812666972655,0.789142831518436,0.756201472941003,-0.756201472941003,21.7,"played",NA,NA,NA,221,"Q3"
"7039",7039,"Green BayYoungstown St.1-22",2026-01-22,"conf","Youngstown St.","Green Bay","Horz","Horz","H","W","88-81",0.546812666972655,0.347484853107807,0.87694452176131,0.93046936539492,0.0695306346050797,69.8,"played",NA,NA,NA,230,"Q4"
"7040",7040,"HofstraNorth Carolina A&T1-22",2026-01-22,"conf","Hofstra","North Carolina A&T","CAA","CAA","A","L","78-79",0.550605304781333,0.276662006999724,0.789142831518436,0.907278273097433,-0.907278273097433,32.1,"played",NA,NA,NA,270,"Q4"
"7041",7041,"HofstraNorth Carolina A&T1-22",2026-01-22,"conf","North Carolina A&T","Hofstra","CAA","CAA","H","W","79-78",0.276662006999724,0.550605304781333,0.87694452176131,0.853296277500354,0.146703722499646,49.7,"played",NA,NA,NA,106,"Q3"
"7042",7042,"Idaho St.Montana St.1-22",2026-01-22,"conf","Idaho St.","Montana St.","BSky","BSky","A","L","62-74",0.328595781865349,0.671913057281984,0.789142831518436,0.64632316760184,-0.64632316760184,28.1,"played",NA,NA,NA,134,"Q2"
"7043",7043,"Idaho St.Montana St.1-22",2026-01-22,"conf","Montana St.","Idaho St.","BSky","BSky","H","W","74-62",0.671913057281984,0.328595781865349,0.87694452176131,0.935737061162961,0.0642629388370387,72,"played",NA,NA,NA,174,"Q4"
"7044",7044,"Little RockSoutheast Missouri St.1-22",2026-01-22,"conf","Little Rock","Southeast Missouri St.","OVC","OVC","A","L","65-70",0.127043860244037,0.342914782088887,0.789142831518436,0.877621650282935,-0.877621650282935,13.8,"played",NA,NA,NA,242,"Q4"
"7045",7045,"Little RockSoutheast Missouri St.1-22",2026-01-22,"conf","Southeast Missouri St.","Little Rock","OVC","OVC","H","W","70-65",0.342914782088887,0.127043860244037,0.87694452176131,0.979987080838008,0.0200129191619924,32.2,"played",NA,NA,NA,302,"Q4"
"7046",7046,"Long Beach St.Cal St. Fullerton1-22",2026-01-22,"conf","Cal St. Fullerton","Long Beach St.","BW","BW","H","W","71-61",0.486141474245039,0.276270766068189,0.87694452176131,0.949157607123227,0.0508423928767727,81.7,"played",NA,NA,NA,240,"Q4"
"7047",7047,"Long Beach St.Cal St. Fullerton1-22",2026-01-22,"conf","Long Beach St.","Cal St. Fullerton","BW","BW","A","L","61-71",0.276270766068189,0.486141474245039,0.789142831518436,0.798221354022513,-0.798221354022513,7.5,"played",NA,NA,NA,200,"Q3"
"7048",7048,"Louisiana MonroeMarshall1-22",2026-01-22,"conf","Louisiana Monroe","Marshall","SB","SB","A","L","60-115",0.0612505362259951,0.564591704093553,0.789142831518436,0.74268055731084,-0.74268055731084,0.4,"played",NA,NA,NA,138,"Q3"
"7049",7049,"Louisiana MonroeMarshall1-22",2026-01-22,"conf","Marshall","Louisiana Monroe","SB","SB","H","W","115-60",0.564591704093553,0.0612505362259951,0.87694452176131,0.990927418635129,0.0090725813648711,95.6,"played",NA,NA,NA,359,"Q4"
"7050",7050,"LouisianaAppalachian St.1-22",2026-01-22,"conf","Appalachian St.","Louisiana","SB","SB","H","W","72-58",0.475354481792086,0.137657594317457,0.87694452176131,0.978090705272969,0.021909294727031,35.7,"played",NA,NA,NA,334,"Q4"
"7051",7051,"LouisianaAppalachian St.1-22",2026-01-22,"conf","Louisiana","Appalachian St.","SB","SB","A","L","58-72",0.137657594317457,0.475354481792086,0.789142831518436,0.805091918259702,-0.805091918259702,20.7,"played",NA,NA,NA,212,"Q3"
"7052",7052,"MaristSiena1-22",2026-01-22,"conf","Marist","Siena","MAAC","MAAC","A","L","50-69",0.444102896546951,0.54942727469335,0.789142831518436,0.75425005854782,-0.75425005854782,10.5,"played",NA,NA,NA,172,"Q3"
"7053",7053,"MaristSiena1-22",2026-01-22,"conf","Siena","Marist","MAAC","MAAC","H","W","69-50",0.54942727469335,0.444102896546951,0.87694452176131,0.899197121104733,0.100802878895267,89.2,"played",NA,NA,NA,150,"Q3"
"7054",7054,"MerrimackIona1-22",2026-01-22,"conf","Iona","Merrimack","MAAC","MAAC","H","W","61-60",0.437173937533644,0.339779292896384,0.87694452176131,0.932647440717921,0.0673525592820787,38.9,"played",NA,NA,NA,217,"Q4"
"7055",7055,"MerrimackIona1-22",2026-01-22,"conf","Merrimack","Iona","MAAC","MAAC","A","L","60-61",0.339779292896384,0.437173937533644,0.789142831518436,0.828126310189698,-0.828126310189698,38.5,"played",NA,NA,NA,218,"Q3"
"7056",7056,"MilwaukeeRobert Morris1-22",2026-01-22,"conf","Milwaukee","Robert Morris","Horz","Horz","A","L","76-88",0.247415137782907,0.517536678288298,0.789142831518436,0.777229028620444,-0.777229028620444,17.4,"played",NA,NA,NA,186,"Q3"
"7057",7057,"MilwaukeeRobert Morris1-22",2026-01-22,"conf","Robert Morris","Milwaukee","Horz","Horz","H","W","88-76",0.517536678288298,0.247415137782907,0.87694452176131,0.955902572692459,0.0440974273075413,62.6,"played",NA,NA,NA,233,"Q4"
"7058",7058,"Missouri St.New Mexico St.1-22",2026-01-22,"conf","Missouri St.","New Mexico St.","CUSA","CUSA","A","W","84-75",0.459710378911034,0.670484002673614,0.789142831518436,0.64780196307496,0.35219803692504,86.5,"played",NA,NA,NA,140,"Q3"
"7059",7059,"Missouri St.New Mexico St.1-22",2026-01-22,"conf","New Mexico St.","Missouri St.","CUSA","CUSA","H","L","75-84",0.670484002673614,0.459710378911034,0.87694452176131,0.893339623025375,-0.893339623025375,21.2,"played",NA,NA,NA,191,"Q4"
"7060",7060,"MonmouthHampton1-22",2026-01-22,"conf","Hampton","Monmouth","CAA","CAA","H","W","65-63",0.35585106001734,0.318339421823734,0.87694452176131,0.938498639231933,0.0615013607680674,48.8,"played",NA,NA,NA,204,"Q4"
"7061",7061,"MonmouthHampton1-22",2026-01-22,"conf","Monmouth","Hampton","CAA","CAA","A","L","63-65",0.318339421823734,0.35585106001734,0.789142831518436,0.871376437514081,-0.871376437514081,21.3,"played",NA,NA,NA,238,"Q3"
"7062",7062,"NiagaraFairfield1-22",2026-01-22,"conf","Fairfield","Niagara","MAAC","MAAC","H","W","62-61",0.35586849615359,0.0710982537629475,0.87694452176131,0.989373790127263,0.0106262098727368,11.6,"played",NA,NA,NA,355,"Q4"
"7063",7063,"NiagaraFairfield1-22",2026-01-22,"conf","Niagara","Fairfield","MAAC","MAAC","A","L","61-62",0.0710982537629475,0.35586849615359,0.789142831518436,0.871367911823899,-0.871367911823899,24.5,"played",NA,NA,NA,248,"Q4"
"7064",7064,"NJITUMBC1-22",2026-01-22,"conf","NJIT","UMBC","AE","AE","A","L","74-87",0.108362596707915,0.335726306960335,0.789142831518436,0.881024132869604,-0.881024132869604,3.4,"played",NA,NA,NA,274,"Q4"
"7065",7065,"NJITUMBC1-22",2026-01-22,"conf","UMBC","NJIT","AE","AE","H","W","87-74",0.335726306960335,0.108362596707915,0.87694452176131,0.983232201292529,0.0167677987074712,63.4,"played",NA,NA,NA,332,"Q4"
"7066",7066,"North Dakota St.Denver1-22",2026-01-22,"conf","Denver","North Dakota St.","Sum","Sum","H","L","77-82",0.405627761111882,0.525202618458169,0.87694452176131,0.865636057338206,-0.865636057338206,29.3,"played",NA,NA,NA,132,"Q3"
"7067",7067,"North Dakota St.Denver1-22",2026-01-22,"conf","North Dakota St.","Denver","Sum","Sum","A","W","82-77",0.525202618458169,0.405627761111882,0.789142831518436,0.845774407421677,0.154225592578323,64.6,"played",NA,NA,NA,251,"Q4"
"7068",7068,"North DakotaOral Roberts1-22",2026-01-22,"conf","North Dakota","Oral Roberts","Sum","Sum","A","W","79-62",0.215415619860043,0.246336680636335,0.789142831518436,0.919680424700408,0.080319575299592,76.3,"played",NA,NA,NA,317,"Q4"
"7069",7069,"North DakotaOral Roberts1-22",2026-01-22,"conf","Oral Roberts","North Dakota","Sum","Sum","H","L","62-79",0.246336680636335,0.215415619860043,0.87694452176131,0.962902167938933,-0.962902167938933,2.7,"played",NA,NA,NA,282,"Q4"
"7070",7070,"Portland St.Eastern Washington1-22",2026-01-22,"conf","Eastern Washington","Portland St.","BSky","BSky","H","L","61-65",0.461978641835474,0.428876901216264,0.87694452176131,0.904671517158032,-0.904671517158032,20.4,"played",NA,NA,NA,137,"Q3"
"7071",7071,"Portland St.Eastern Washington1-22",2026-01-22,"conf","Portland St.","Eastern Washington","BSky","BSky","A","W","65-61",0.428876901216264,0.461978641835474,0.789142831518436,0.81338334131993,0.18661665868007,71.6,"played",NA,NA,NA,254,"Q4"
"7072",7072,"QuinnipiacMount St. Mary's1-22",2026-01-22,"conf","Mount St. Mary's","Quinnipiac","MAAC","MAAC","H","L","62-77",0.282514165173045,0.407246884569133,0.87694452176131,0.912069287849074,-0.912069287849074,4,"played",NA,NA,NA,184,"Q4"
"7073",7073,"QuinnipiacMount St. Mary's1-22",2026-01-22,"conf","Quinnipiac","Mount St. Mary's","MAAC","MAAC","A","W","77-62",0.407246884569133,0.282514165173045,0.789142831518436,0.904804899863118,0.0951951001368816,86.5,"played",NA,NA,NA,304,"Q4"
"7074",7074,"Sacramento St.Idaho1-22",2026-01-22,"conf","Idaho","Sacramento St.","BSky","BSky","H","W","86-76",0.590672129177698,0.187290241962568,0.87694452176131,0.96867531291602,0.0313246870839802,53.3,"played",NA,NA,NA,279,"Q4"
"7075",7075,"Sacramento St.Idaho1-22",2026-01-22,"conf","Sacramento St.","Idaho","BSky","BSky","A","L","76-86",0.187290241962568,0.590672129177698,0.789142831518436,0.721722468107655,-0.721722468107655,22.6,"played",NA,NA,NA,158,"Q3"
"7076",7076,"South AlabamaJames Madison1-22",2026-01-22,"conf","James Madison","South Alabama","SB","SB","H","L","83-90",0.385748212158963,0.306238592181222,0.87694452176131,0.941671849852463,-0.941671849852463,18.5,"played",NA,NA,NA,197,"Q4"
"7077",7077,"South AlabamaJames Madison1-22",2026-01-22,"conf","South Alabama","James Madison","SB","SB","A","W","90-83",0.306238592181222,0.385748212158963,0.789142831518436,0.85631149644305,0.14368850355695,55.1,"played",NA,NA,NA,244,"Q4"
"7078",7078,"South Dakota St.St. Thomas1-22",2026-01-22,"conf","South Dakota St.","St. Thomas","Sum","Sum","A","L","69-74",0.37728213329656,0.711266776860035,0.789142831518436,0.603057697731894,-0.603057697731894,64.8,"played",NA,NA,NA,116,"Q2"
"7079",7079,"South Dakota St.St. Thomas1-22",2026-01-22,"conf","St. Thomas","South Dakota St.","Sum","Sum","H","W","74-69",0.711266776860035,0.37728213329656,0.87694452176131,0.921644883236383,0.0783551167636174,44.8,"played",NA,NA,NA,180,"Q4"
"7080",7080,"South FloridaUAB1-22",2026-01-22,"conf","South Florida","UAB","Amer","Amer","A","W","82-69",0.716094166023229,0.677896014710966,0.789142831518436,0.640065139338454,0.359934860661546,93.6,"played",NA,NA,NA,122,"Q2"
"7081",7081,"South FloridaUAB1-22",2026-01-22,"conf","UAB","South Florida","Amer","Amer","H","L","69-82",0.677896014710966,0.716094166023229,0.87694452176131,0.738587386794364,-0.738587386794364,26.7,"played",NA,NA,NA,66,"Q2"
"7082",7082,"Southern MissGeorgia St.1-22",2026-01-22,"conf","Georgia St.","Southern Miss","SB","SB","H","W","69-62",0.332443152619094,0.288887976904287,0.87694452176131,0.946068457441536,0.0539315425584639,50.4,"played",NA,NA,NA,236,"Q4"
"7083",7083,"Southern MissGeorgia St.1-22",2026-01-22,"conf","Southern Miss","Georgia St.","SB","SB","A","L","62-69",0.288887976904287,0.332443152619094,0.789142831518436,0.88256236526728,-0.88256236526728,16.6,"played",NA,NA,NA,261,"Q4"
"7084",7084,"StetsonLipscomb1-22",2026-01-22,"conf","Lipscomb","Stetson","ASun","ASun","H","W","79-74",0.559428391801076,0.131178587745499,0.87694452176131,0.979252959192397,0.020747040807603,31.9,"played",NA,NA,NA,327,"Q4"
"7085",7085,"StetsonLipscomb1-22",2026-01-22,"conf","Stetson","Lipscomb","ASun","ASun","A","L","74-79",0.131178587745499,0.559428391801076,0.789142831518436,0.74666876697657,-0.74666876697657,29,"played",NA,NA,NA,160,"Q3"
"7086",7086,"Stony BrookNortheastern1-22",2026-01-22,"conf","Northeastern","Stony Brook","CAA","CAA","H","L","80-95",0.389208555122323,0.309545341676412,0.87694452176131,0.940813650809901,-0.940813650809901,6.4,"played",NA,NA,NA,234,"Q4"
"7087",7087,"Stony BrookNortheastern1-22",2026-01-22,"conf","Stony Brook","Northeastern","CAA","CAA","A","W","95-80",0.309545341676412,0.389208555122323,0.789142831518436,0.854508227313528,0.145491772686472,80.6,"played",NA,NA,NA,249,"Q4"
"7088",7088,"Tennessee St.SIU Edwardsville1-22",2026-01-22,"conf","SIU Edwardsville","Tennessee St.","OVC","OVC","H","W","74-66",0.352740157956621,0.211923958515258,0.87694452176131,0.963637441578405,0.0363625584215946,41,"played",NA,NA,NA,229,"Q4"
"7089",7089,"Tennessee St.SIU Edwardsville1-22",2026-01-22,"conf","Tennessee St.","SIU Edwardsville","OVC","OVC","A","L","66-74",0.211923958515258,0.352740157956621,0.789142831518436,0.872892862348331,-0.872892862348331,17.4,"played",NA,NA,NA,255,"Q4"
"7090",7090,"Tennessee TechLindenwood1-22",2026-01-22,"conf","Lindenwood","Tennessee Tech","OVC","OVC","H","W","89-68",0.442688901303207,0.08709095231161,0.87694452176131,0.986790111553305,0.0132098884466947,78.5,"played",NA,NA,NA,331,"Q4"
"7091",7091,"Tennessee TechLindenwood1-22",2026-01-22,"conf","Tennessee Tech","Lindenwood","OVC","OVC","A","L","68-89",0.08709095231161,0.442688901303207,0.789142831518436,0.824917009807152,-0.824917009807152,2,"played",NA,NA,NA,224,"Q3"
"7092",7092,"Texas St.Coastal Carolina1-22",2026-01-22,"conf","Coastal Carolina","Texas St.","SB","SB","H","W","72-70",0.391019597898515,0.245509808153534,0.87694452176131,0.956333012725181,0.043666987274819,38.2,"played",NA,NA,NA,265,"Q4"
"7093",7093,"Texas St.Coastal Carolina1-22",2026-01-22,"conf","Texas St.","Coastal Carolina","SB","SB","A","L","70-72",0.245509808153534,0.391019597898515,0.789142831518436,0.853559338847739,-0.853559338847739,25.3,"played",NA,NA,NA,235,"Q3"
"7094",7094,"TowsonElon1-22",2026-01-22,"conf","Elon","Towson","CAA","CAA","H","L","59-72",0.576866467930946,0.35134538872408,0.87694452176131,0.929362589848566,-0.929362589848566,8.3,"played",NA,NA,NA,162,"Q4"
"7095",7095,"TowsonElon1-22",2026-01-22,"conf","Towson","Elon","CAA","CAA","A","W","72-59",0.35134538872408,0.576866467930946,0.789142831518436,0.732989491121582,0.267010508878418,89.1,"played",NA,NA,NA,168,"Q3"
"7096",7096,"UC IrvineUC Riverside1-22",2026-01-22,"conf","UC Irvine","UC Riverside","BW","BW","A","W","80-66",0.570843061730183,0.32462968162574,0.789142831518436,0.886184093747293,0.113815906252707,84.5,"played",NA,NA,NA,283,"Q4"
"7097",7097,"UC IrvineUC Riverside1-22",2026-01-22,"conf","UC Riverside","UC Irvine","BW","BW","H","L","66-80",0.32462968162574,0.570843061730183,0.87694452176131,0.842708029324452,-0.842708029324452,10.5,"played",NA,NA,NA,128,"Q3"
"7098",7098,"UC San DiegoUC Davis1-22",2026-01-22,"conf","UC Davis","UC San Diego","BW","BW","H","L","74-80",0.569719928859357,0.591942410772934,0.87694452176131,0.830870239432055,-0.830870239432055,47.5,"played",NA,NA,NA,98,"Q3"
"7099",7099,"UC San DiegoUC Davis1-22",2026-01-22,"conf","UC San Diego","UC Davis","BW","BW","A","W","80-74",0.591942410772934,0.569719928859357,0.789142831518436,0.738668165713469,0.261331834286531,68,"played",NA,NA,NA,176,"Q3"
"7100",7100,"UNC WilmingtonWilliam & Mary1-22",2026-01-22,"conf","UNC Wilmington","William & Mary","CAA","CAA","A","L","70-77",0.45266192968586,0.684495357208954,0.789142831518436,0.633034687260019,-0.633034687260019,22.5,"played",NA,NA,NA,108,"Q2"
"7101",7101,"UNC WilmingtonWilliam & Mary1-22",2026-01-22,"conf","William & Mary","UNC Wilmington","CAA","CAA","H","W","77-70",0.684495357208954,0.45266192968586,0.87694452176131,0.896016774005065,0.103983225994935,86.1,"played",NA,NA,NA,109,"Q3"
"7102",7102,"VermontUMass Lowell1-22",2026-01-22,"conf","UMass Lowell","Vermont","AE","AE","H","L","68-77",0.273410301879121,0.297392585715157,0.87694452176131,0.943935425917984,-0.943935425917984,9.6,"played",NA,NA,NA,207,"Q4"
"7103",7103,"VermontUMass Lowell1-22",2026-01-22,"conf","Vermont","UMass Lowell","AE","AE","A","W","77-68",0.297392585715157,0.273410301879121,0.789142831518436,0.908641117556753,0.091358882443247,60,"played",NA,NA,NA,319,"Q4"
"7104",7104,"Weber St.Montana1-22",2026-01-22,"conf","Montana","Weber St.","BSky","BSky","H","W","81-65",0.633343943366853,0.362300900236987,0.87694452176131,0.926163657167391,0.073836342832609,68.5,"played",NA,NA,NA,190,"Q4"
"7105",7105,"Weber St.Montana1-22",2026-01-22,"conf","Weber St.","Montana","BSky","BSky","A","L","65-81",0.362300900236987,0.633343943366853,0.789142831518436,0.68420773286188,-0.68420773286188,31.1,"played",NA,NA,NA,163,"Q3"
"7106",7106,"Western IllinoisMorehead St.1-22",2026-01-22,"conf","Morehead St.","Western Illinois","OVC","OVC","H","W","71-66",0.270894090214231,0.0596043465683944,0.87694452176131,0.991184425486864,0.0088155745131363,10.5,"played",NA,NA,NA,356,"Q4"
"7107",7107,"Western IllinoisMorehead St.1-22",2026-01-22,"conf","Western Illinois","Morehead St.","OVC","OVC","A","L","66-71",0.0596043465683944,0.270894090214231,0.789142831518436,0.909690142816319,-0.909690142816319,16.7,"played",NA,NA,NA,286,"Q4"
"7108",7108,"WisconsinPenn St.1-22",2026-01-22,"conf","Penn St.","Wisconsin","B10","B10","H","L","71-98",0.644016964773121,0.846803951575671,0.87694452176131,0.563174984065404,-0.563174984065404,13.4,"played",NA,NA,NA,36,"Q2"
"7109",7109,"WisconsinPenn St.1-22",2026-01-22,"conf","Wisconsin","Penn St.","B10","B10","A","W","98-71",0.846803951575671,0.644016964773121,0.789142831518436,0.674129982609513,0.325870017390487,98.5,"played",NA,NA,NA,131,"Q2"
"7110",7110,"StetsonAustin Peay1-23",2026-01-23,"conf","Austin Peay","Stetson","ASun","ASun","H",NA,NA,0.626176067152334,0.131178587745499,0.87694452176131,0.979252959192397,NA,NA,"future",0.020747040807603,-0.979252959192397,0,327,"Q4"
"7111",7111,"USC UpstateGardner Webb1-23",2026-01-23,"conf","Gardner Webb","USC Upstate","BSth","BSth","H",NA,NA,0.0575179811498203,0.171715590878374,0.87694452176131,0.97173133605275,NA,NA,"future",0.0282686639472497,-0.97173133605275,0,285,"Q4"
"7112",7112,"Kennesaw St.Louisiana Tech1-23",2026-01-23,"conf","Louisiana Tech","Kennesaw St.","CUSA","CUSA","H",NA,NA,0.333416655235645,0.417773718358861,0.87694452176131,0.908522587405783,NA,NA,"future",0.0914774125942168,-0.908522587405783,0,159,"Q3"
"7113",7113,"Ohio St.Michigan1-23",2026-01-23,"conf","Michigan","Ohio St.","B10","B10","H",NA,NA,0.98755383780862,0.817900794713915,0.87694452176131,0.613398179056679,NA,NA,"future",0.386601820943321,-0.613398179056679,0,35,"Q2"
"7114",7114,"Fairleigh DickinsonCentral Connecticut1-23",2026-01-23,"conf","Central Connecticut","Fairleigh Dickinson","NEC","NEC","H",NA,NA,0.302144565079282,0.105857899301199,0.87694452176131,0.983658574348393,NA,NA,"future",0.0163414256516066,-0.983658574348393,0,339,"Q4"
"7115",7115,"Florida Gulf CoastLipscomb1-23",2026-01-23,"conf","Lipscomb","Florida Gulf Coast","ASun","ASun","H",NA,NA,0.559428391801076,0.308404183016962,0.87694452176131,0.941110565442255,NA,NA,"future",0.0588894345577446,-0.941110565442255,0,237,"Q4"
"7116",7116,"Chicago St.Saint Francis1-23",2026-01-23,"conf","Saint Francis","Chicago St.","NEC","NEC","H",NA,NA,0.11893327333037,0.0739186417080468,0.87694452176131,0.988923656012592,NA,NA,"future",0.011076343987408,-0.988923656012592,0,352,"Q4"
"7117",7117,"Charleston SouthernLongwood1-23",2026-01-23,"conf","Longwood","Charleston Southern","BSth","BSth","H",NA,NA,0.312752660506419,0.304852499335177,0.87694452176131,0.942029615136421,NA,NA,"future",0.0579703848635789,-0.942029615136421,0,219,"Q4"
"7118",7118,"East CarolinaNorth Texas1-23",2026-01-23,"conf","North Texas","East Carolina","Amer","Amer","H",NA,NA,0.61394540023339,0.157608291479868,0.87694452176131,0.974417735158404,NA,NA,"future",0.0255822648415964,-0.974417735158404,0,299,"Q4"
"7119",7119,"FurmanUNC Greensboro1-23",2026-01-23,"conf","UNC Greensboro","Furman","SC","SC","H",NA,NA,0.281789356639244,0.389531071962605,0.87694452176131,0.917820216149874,NA,NA,"future",0.0821797838501265,-0.917820216149874,0,189,"Q4"
"7120",7120,"WagnerLe Moyne1-23",2026-01-23,"conf","Le Moyne","Wagner","NEC","NEC","H",NA,NA,0.367582572503491,0.136887136003035,0.87694452176131,0.978229684731794,NA,NA,"future",0.0217703152682057,-0.978229684731794,0,324,"Q4"
"7121",7121,"IndianaRutgers1-23",2026-01-23,"conf","Rutgers","Indiana","B10","B10","H",NA,NA,0.593817364755892,0.873086517947804,0.87694452176131,0.508818932948501,NA,NA,"future",0.491181067051499,-0.508818932948501,0,38,"Q2"
"7122",7122,"MassachusettsBuffalo1-23",2026-01-23,"conf","Buffalo","Massachusetts","MAC","MAC","H",NA,NA,0.546556873185776,0.413278035203541,0.87694452176131,0.910049454018875,NA,NA,"future",0.0899505459811247,-0.910049454018875,0,195,"Q4"
"7123",7123,"Middle TennesseeJacksonville St.1-23",2026-01-23,"conf","Jacksonville St.","Middle Tennessee","CUSA","CUSA","H",NA,NA,0.444551537137328,0.617437484215807,0.87694452176131,0.815345086458109,NA,NA,"future",0.184654913541891,-0.815345086458109,0,111,"Q3"
"7124",7124,"MercyhurstNew Haven1-23",2026-01-23,"conf","New Haven","Mercyhurst","NEC","NEC","H",NA,NA,0.189489062413694,0.197715059489074,0.87694452176131,0.966574696119011,NA,NA,"future",0.0334253038809886,-0.966574696119011,0,290,"Q4"
"7125",7125,"LIUStonehill1-23",2026-01-23,"conf","Stonehill","LIU","NEC","NEC","H",NA,NA,0.152535767937579,0.325501227881235,0.87694452176131,0.936577409173886,NA,NA,"future",0.0634225908261143,-0.936577409173886,0,201,"Q4"
"7126",7126,"Saint LouisSt. Bonaventure1-23",2026-01-23,"conf","St. Bonaventure","Saint Louis","A10","A10","H",NA,NA,0.588463345654528,0.882079346144617,0.87694452176131,0.487886969241814,NA,NA,"future",0.512113030758186,-0.487886969241814,0,22,"Q1"
"7127",7127,"TulaneCharlotte1-23",2026-01-23,"conf","Charlotte","Tulane","Amer","Amer","H",NA,NA,0.567723178537992,0.343744187026903,0.87694452176131,0.931531828337849,NA,NA,"future",0.0684681716621508,-0.931531828337849,0,202,"Q4"
"7128",7128,"High PointRadford1-23",2026-01-23,"conf","Radford","High Point","BSth","BSth","H",NA,NA,0.361659659316487,0.620370956724355,0.87694452176131,0.813465209380118,NA,NA,"future",0.186534790619882,-0.813465209380118,0,90,"Q3"
"7129",7129,"Utah St.Colorado St.1-23",2026-01-23,"conf","Colorado St.","Utah St.","MWC","MWC","H",NA,NA,0.761948848530048,0.849238029418344,0.87694452176131,0.558523317336614,NA,NA,"future",0.441476682663386,-0.558523317336614,0,25,"Q1"
"7130",7130,"Louisiana MonroeAppalachian St.1-23",2026-01-23,"conf","Appalachian St.","Louisiana Monroe","SB","SB","H",NA,NA,0.475354481792086,0.0612505362259951,0.87694452176131,0.990927418635129,NA,NA,"future",0.0090725813648711,-0.990927418635129,0,359,"Q4"
"7131",7131,"The CitadelEast Tennessee St.1-23",2026-01-23,"conf","East Tennessee St.","The Citadel","SC","SC","H",NA,NA,0.607991931766003,0.0788521555269136,0.87694452176131,0.988130636578795,NA,NA,"future",0.0118693634212048,-0.988130636578795,0,350,"Q4"
"7132",7132,"MarquetteButler1-23",2026-01-23,"conf","Butler","Marquette","BE","BE","H",NA,NA,0.858613464070704,0.526647022481542,0.87694452176131,0.864960820902639,NA,NA,"future",0.135039179097361,-0.864960820902639,0,142,"Q3"
"7133",7133,"Western IllinoisSouthern Indiana1-23",2026-01-23,"conf","Southern Indiana","Western Illinois","OVC","OVC","H",NA,NA,0.167812136503116,0.0596043465683944,0.87694452176131,0.991184425486864,NA,NA,"future",0.0088155745131363,-0.991184425486864,0,356,"Q4"
"7134",7134,"AkronOhio1-23",2026-01-23,"conf","Ohio","Akron","MAC","MAC","H",NA,NA,0.450162132915252,0.745581397618812,0.87694452176131,0.708606354394313,NA,NA,"future",0.291393645605687,-0.708606354394313,0,54,"Q2"
"7135",7135,"StetsonAustin Peay1-23",2026-01-23,"conf","Stetson","Austin Peay","ASun","ASun","A",NA,NA,0.131178587745499,0.626176067152334,0.789142831518436,0.690812314834955,NA,NA,"future",0.309187685165045,-0.690812314834955,0,149,"Q3"
"7136",7136,"USC UpstateGardner Webb1-23",2026-01-23,"conf","USC Upstate","Gardner Webb","BSth","BSth","A",NA,NA,0.171715590878374,0.0575179811498203,0.789142831518436,0.983955042501081,NA,NA,"future",0.016044957498919,-0.983955042501081,0,363,"Q4"
"7137",7137,"Kennesaw St.Louisiana Tech1-23",2026-01-23,"conf","Kennesaw St.","Louisiana Tech","CUSA","CUSA","A",NA,NA,0.417773718358861,0.333416655235645,0.789142831518436,0.882107278744537,NA,NA,"future",0.117892721255463,-0.882107278744537,0,264,"Q4"
"7138",7138,"Ohio St.Michigan1-23",2026-01-23,"conf","Ohio St.","Michigan","B10","B10","A",NA,NA,0.817900794713915,0.98755383780862,0.789142831518436,0.0450428444038855,NA,NA,"future",0.954957155596114,-0.0450428444038855,0,1,"Q1"
"7139",7139,"Fairleigh DickinsonCentral Connecticut1-23",2026-01-23,"conf","Fairleigh Dickinson","Central Connecticut","NEC","NEC","A",NA,NA,0.105857899301199,0.302144565079282,0.789142831518436,0.896309263138175,NA,NA,"future",0.103690736861825,-0.896309263138175,0,247,"Q4"
"7140",7140,"Florida Gulf CoastLipscomb1-23",2026-01-23,"conf","Florida Gulf Coast","Lipscomb","ASun","ASun","A",NA,NA,0.308404183016962,0.559428391801076,0.789142831518436,0.74666876697657,NA,NA,"future",0.25333123302343,-0.74666876697657,0,160,"Q3"
"7141",7141,"Chicago St.Saint Francis1-23",2026-01-23,"conf","Chicago St.","Saint Francis","NEC","NEC","A",NA,NA,0.0739186417080468,0.11893327333037,0.789142831518436,0.965187205836041,NA,NA,"future",0.0348127941639589,-0.965187205836041,0,354,"Q4"
"7142",7142,"Charleston SouthernLongwood1-23",2026-01-23,"conf","Charleston Southern","Longwood","BSth","BSth","A",NA,NA,0.304852499335177,0.312752660506419,0.789142831518436,0.891586317792624,NA,NA,"future",0.108413682207376,-0.891586317792624,0,271,"Q4"
"7143",7143,"East CarolinaNorth Texas1-23",2026-01-23,"conf","East Carolina","North Texas","Amer","Amer","A",NA,NA,0.157608291479868,0.61394540023339,0.789142831518436,0.701790604371229,NA,NA,"future",0.298209395628771,-0.701790604371229,0,147,"Q3"
"7144",7144,"FurmanUNC Greensboro1-23",2026-01-23,"conf","Furman","UNC Greensboro","SC","SC","A",NA,NA,0.389531071962605,0.281789356639244,0.789142831518436,0.9051126855927,NA,NA,"future",0.0948873144073005,-0.9051126855927,0,295,"Q4"
"7145",7145,"WagnerLe Moyne1-23",2026-01-23,"conf","Wagner","Le Moyne","NEC","NEC","A",NA,NA,0.136887136003035,0.367582572503491,0.789142831518436,0.865572723413798,NA,NA,"future",0.134427276586202,-0.865572723413798,0,263,"Q4"
"7146",7146,"IndianaRutgers1-23",2026-01-23,"conf","Indiana","Rutgers","B10","B10","A",NA,NA,0.873086517947804,0.593817364755892,0.789142831518436,0.719099142122945,NA,NA,"future",0.280900857877055,-0.719099142122945,0,153,"Q3"
"7147",7147,"MassachusettsBuffalo1-23",2026-01-23,"conf","Massachusetts","Buffalo","MAC","MAC","A",NA,NA,0.413278035203541,0.546556873185776,0.789142831518436,0.756391714958197,NA,NA,"future",0.243608285041803,-0.756391714958197,0,165,"Q3"
"7148",7148,"Middle TennesseeJacksonville St.1-23",2026-01-23,"conf","Middle Tennessee","Jacksonville St.","CUSA","CUSA","A",NA,NA,0.617437484215807,0.444551537137328,0.789142831518436,0.823824402356089,NA,NA,"future",0.176175597643911,-0.823824402356089,0,245,"Q4"
"7149",7149,"MercyhurstNew Haven1-23",2026-01-23,"conf","Mercyhurst","New Haven","NEC","NEC","A",NA,NA,0.197715059489074,0.189489062413694,0.789142831518436,0.941204763963868,NA,NA,"future",0.0587952360361323,-0.941204763963868,0,326,"Q4"
"7150",7150,"LIUStonehill1-23",2026-01-23,"conf","LIU","Stonehill","NEC","NEC","A",NA,NA,0.325501227881235,0.152535767937579,0.789142831518436,0.954113683718504,NA,NA,"future",0.0458863162814964,-0.954113683718504,0,337,"Q4"
"7151",7151,"Saint LouisSt. Bonaventure1-23",2026-01-23,"conf","Saint Louis","St. Bonaventure","A10","A10","A",NA,NA,0.882079346144617,0.588463345654528,0.789142831518436,0.723552025588615,NA,NA,"future",0.276447974411385,-0.723552025588615,0,144,"Q3"
"7152",7152,"TulaneCharlotte1-23",2026-01-23,"conf","Tulane","Charlotte","Amer","Amer","A",NA,NA,0.343744187026903,0.567723178537992,0.789142831518436,0.740236588946491,NA,NA,"future",0.259763411053509,-0.740236588946491,0,173,"Q3"
"7153",7153,"High PointRadford1-23",2026-01-23,"conf","High Point","Radford","BSth","BSth","A",NA,NA,0.620370956724355,0.361659659316487,0.789142831518436,0.868519826317415,NA,NA,"future",0.131480173682585,-0.868519826317415,0,260,"Q4"
"7154",7154,"Utah St.Colorado St.1-23",2026-01-23,"conf","Utah St.","Colorado St.","MWC","MWC","A",NA,NA,0.849238029418344,0.761948848530048,0.789142831518436,0.539013660019678,NA,NA,"future",0.460986339980322,-0.539013660019678,0,92,"Q2"
"7155",7155,"Louisiana MonroeAppalachian St.1-23",2026-01-23,"conf","Louisiana Monroe","Appalachian St.","SB","SB","A",NA,NA,0.0612505362259951,0.475354481792086,0.789142831518436,0.805091918259702,NA,NA,"future",0.194908081740298,-0.805091918259702,0,212,"Q3"
"7156",7156,"The CitadelEast Tennessee St.1-23",2026-01-23,"conf","The Citadel","East Tennessee St.","SC","SC","A",NA,NA,0.0788521555269136,0.607991931766003,0.789142831518436,0.707006029827842,NA,NA,"future",0.292993970172158,-0.707006029827842,0,129,"Q2"
"7157",7157,"MarquetteButler1-23",2026-01-23,"conf","Marquette","Butler","BE","BE","A",NA,NA,0.526647022481542,0.858613464070704,0.789142831518436,0.381295065510961,NA,NA,"future",0.618704934489039,-0.381295065510961,0,48,"Q1"
"7158",7158,"Western IllinoisSouthern Indiana1-23",2026-01-23,"conf","Western Illinois","Southern Indiana","OVC","OVC","A",NA,NA,0.0596043465683944,0.167812136503116,0.789142831518436,0.94887383530995,NA,NA,"future",0.05112616469005,-0.94887383530995,0,338,"Q4"
"7159",7159,"AkronOhio1-23",2026-01-23,"conf","Akron","Ohio","MAC","MAC","A",NA,NA,0.745581397618812,0.450162132915252,0.789142831518436,0.820506375236532,NA,NA,"future",0.179493624763468,-0.820506375236532,0,216,"Q3"
"7160",7160,"Northern KentuckyWright St.1-24",2026-01-24,"conf","Wright St.","Northern Kentucky","Horz","Horz","H",NA,NA,0.717548418206008,0.406379079596688,0.87694452176131,0.91235726676444,NA,NA,"future",0.0876427332355595,-0.91235726676444,0,177,"Q4"
"7161",7161,"ElonCharleston1-24",2026-01-24,"conf","Charleston","Elon","CAA","CAA","H",NA,NA,0.52079730801882,0.417238728194965,0.87694452176131,0.908705250541613,NA,NA,"future",0.0912947494583871,-0.908705250541613,0,168,"Q4"
"7162",7162,"DaytonSaint Joseph's1-24",2026-01-24,"conf","Saint Joseph's","Dayton","A10","A10","H",NA,NA,0.600718255311877,0.686412835074481,0.87694452176131,0.765020894183328,NA,NA,"future",0.234979105816672,-0.765020894183328,0,80,"Q3"
"7163",7163,"Southern MissCoastal Carolina1-24",2026-01-24,"conf","Coastal Carolina","Southern Miss","SB","SB","H",NA,NA,0.391019597898515,0.288887976904287,0.87694452176131,0.946068457441536,NA,NA,"future",0.0539315425584639,-0.946068457441536,0,236,"Q4"
"7164",7164,"San FranciscoGonzaga1-24",2026-01-24,"conf","Gonzaga","San Francisco","WCC","WCC","H",NA,NA,0.966086351861385,0.598637247467795,0.87694452176131,0.826929190551848,NA,NA,"future",0.173070809448152,-0.826929190551848,0,107,"Q3"
"7165",7165,"YalePenn1-24",2026-01-24,"conf","Penn","Yale","Ivy","Ivy","H",NA,NA,0.554637837343646,0.697398462944221,0.87694452176131,0.755630003204374,NA,NA,"future",0.244369996795626,-0.755630003204374,0,61,"Q2"
"7166",7166,"RichmondGeorge Washington1-24",2026-01-24,"conf","George Washington","Richmond","A10","A10","H",NA,NA,0.805846857394486,0.505311078308384,0.87694452176131,0.874633481206489,NA,NA,"future",0.125366518793511,-0.874633481206489,0,126,"Q3"
"7167",7167,"Alcorn St.Florida A&M1-24",2026-01-24,"conf","Florida A&M","Alcorn St.","SWAC","SWAC","H",NA,NA,0.313122465804659,0.0996439667646336,0.87694452176131,0.984707696986526,NA,NA,"future",0.0152923030134736,-0.984707696986526,0,351,"Q4"
"7168",7168,"MississippiKentucky1-24",2026-01-24,"conf","Kentucky","Mississippi","SEC","SEC","H",NA,NA,0.894882969930619,0.654298907124239,0.87694452176131,0.790148149620637,NA,NA,"future",0.209851850379363,-0.790148149620637,0,87,"Q3"
"7169",7169,"North DakotaDenver1-24",2026-01-24,"conf","Denver","North Dakota","Sum","Sum","H",NA,NA,0.405627761111882,0.215415619860043,0.87694452176131,0.962902167938933,NA,NA,"future",0.0370978320610666,-0.962902167938933,0,282,"Q4"
"7170",7170,"CornellHarvard1-24",2026-01-24,"conf","Harvard","Cornell","Ivy","Ivy","H",NA,NA,0.510633319046039,0.377743777487108,0.87694452176131,0.921502900364643,NA,NA,"future",0.0784970996353572,-0.921502900364643,0,188,"Q4"
"7171",7171,"Virginia TechLouisville1-24",2026-01-24,"conf","Louisville","Virginia Tech","ACC","ACC","H",NA,NA,0.960766906153242,0.754253091747402,0.87694452176131,0.698966789253546,NA,NA,"future",0.301033210746454,-0.698966789253546,0,51,"Q2"
"7172",7172,"Southern UtahUtah Tech1-24",2026-01-24,"conf","Utah Tech","Southern Utah","WAC","WAC","H",NA,NA,0.479891400510013,0.206808186371712,0.87694452176131,0.964705025156547,NA,NA,"future",0.0352949748434535,-0.964705025156547,0,294,"Q4"
"7173",7173,"PepperdineWashington St.1-24",2026-01-24,"conf","Washington St.","Pepperdine","WCC","WCC","H",NA,NA,0.640213899600399,0.217599421655683,0.87694452176131,0.962439543198769,NA,NA,"future",0.0375604568012314,-0.962439543198769,0,267,"Q4"
"7174",7174,"Saint Peter'sMerrimack1-24",2026-01-24,"conf","Merrimack","Saint Peter's","MAAC","MAAC","H",NA,NA,0.494941213645724,0.312643989802408,0.87694452176131,0.940003404180597,NA,NA,"future",0.0599965958194028,-0.940003404180597,0,223,"Q4"
"7175",7175,"Tennessee TechSIU Edwardsville1-24",2026-01-24,"conf","SIU Edwardsville","Tennessee Tech","OVC","OVC","H",NA,NA,0.352740157956621,0.08709095231161,0.87694452176131,0.986790111553305,NA,NA,"future",0.0132098884466947,-0.986790111553305,0,331,"Q4"
"7176",7176,"WinthropPresbyterian1-24",2026-01-24,"conf","Presbyterian","Winthrop","BSth","BSth","H",NA,NA,0.33833969804482,0.429719171865507,0.87694452176131,0.904374623248957,NA,NA,"future",0.095625376751043,-0.904374623248957,0,130,"Q3"
"7177",7177,"HoustonTexas Tech1-24",2026-01-24,"conf","Texas Tech","Houston","B12","B12","H",NA,NA,0.952998790803517,0.960500923846367,0.87694452176131,0.226642204378726,NA,NA,"future",0.773357795621274,-0.226642204378726,0,10,"Q1"
"7178",7178,"NiagaraSacred Heart1-24",2026-01-24,"conf","Sacred Heart","Niagara","MAAC","MAAC","H",NA,NA,0.302151169708424,0.0710982537629475,0.87694452176131,0.989373790127263,NA,NA,"future",0.0106262098727368,-0.989373790127263,0,355,"Q4"
"7179",7179,"VanderbiltMississippi St.1-24",2026-01-24,"conf","Mississippi St.","Vanderbilt","SEC","SEC","H",NA,NA,0.769828564240354,0.928124167770446,0.87694452176131,0.355622029564161,NA,NA,"future",0.644377970435839,-0.355622029564161,0,16,"Q1"
"7180",7180,"MilwaukeeYoungstown St.1-24",2026-01-24,"conf","Youngstown St.","Milwaukee","Horz","Horz","H",NA,NA,0.546812666972655,0.247415137782907,0.87694452176131,0.955902572692459,NA,NA,"future",0.0440974273075413,-0.955902572692459,0,233,"Q4"
"7181",7181,"CincinnatiArizona St.1-24",2026-01-24,"conf","Arizona St.","Cincinnati","B12","B12","H",NA,NA,0.764484530115745,0.78379278013368,0.87694452176131,0.662823243260027,NA,NA,"future",0.337176756739973,-0.662823243260027,0,72,"Q2"
"7182",7182,"TennesseeAlabama1-24",2026-01-24,"conf","Alabama","Tennessee","SEC","SEC","H",NA,NA,0.954434190116709,0.910843273419277,0.87694452176131,0.410919233587288,NA,NA,"future",0.589080766412712,-0.410919233587288,0,26,"Q1"
"7183",7183,"Nebraska OmahaUMKC1-24",2026-01-24,"conf","UMKC","Nebraska Omaha","Sum","Sum","H",NA,NA,0.148903257972366,0.245482919288472,0.87694452176131,0.956339074498325,NA,NA,"future",0.0436609255016746,-0.956339074498325,0,281,"Q4"
"7184",7184,"AmericanHoly Cross1-24",2026-01-24,"conf","Holy Cross","American","Pat","Pat","H",NA,NA,0.203196040881925,0.351681313504199,0.87694452176131,0.929265785702261,NA,NA,"future",0.0707342142977385,-0.929265785702261,0,228,"Q4"
"7185",7185,"UT Rio Grande ValleyHouston Christian1-24",2026-01-24,"conf","Houston Christian","UT Rio Grande Valley","Slnd","Slnd","H",NA,NA,0.276141122733715,0.397957356960562,0.87694452176131,0.915118069533995,NA,NA,"future",0.0848819304660049,-0.915118069533995,0,194,"Q4"
"7186",7186,"Western KentuckySam Houston St.1-24",2026-01-24,"conf","Sam Houston St.","Western Kentucky","CUSA","CUSA","H",NA,NA,0.710010982697554,0.381373069076346,0.87694452176131,0.920380838248542,NA,NA,"future",0.0796191617514583,-0.920380838248542,0,167,"Q4"
"7187",7187,"Wake ForestDuke1-24",2026-01-24,"conf","Duke","Wake Forest","ACC","ACC","H",NA,NA,0.967169328775528,0.719689280913198,0.87694452176131,0.73514545115225,NA,NA,"future",0.26485454884775,-0.73514545115225,0,67,"Q2"
"7188",7188,"Bowling GreenToledo1-24",2026-01-24,"conf","Toledo","Bowling Green","MAC","MAC","H",NA,NA,0.565070766531367,0.571728621824331,0.87694452176131,0.842228164877759,NA,NA,"future",0.157771835122241,-0.842228164877759,0,101,"Q3"
"7189",7189,"St. John'sXavier1-24",2026-01-24,"conf","Xavier","St. John's","BE","BE","H",NA,NA,0.780139218822579,0.894211859941309,0.87694452176131,0.457429346097337,NA,NA,"future",0.542570653902663,-0.457429346097337,0,23,"Q1"
"7190",7190,"Jackson St.Bethune Cookman1-24",2026-01-24,"conf","Bethune Cookman","Jackson St.","SWAC","SWAC","H",NA,NA,0.390499707456399,0.118376704856031,0.87694452176131,0.981507081310067,NA,NA,"future",0.0184929186899327,-0.981507081310067,0,347,"Q4"
"7191",7191,"TCUBaylor1-24",2026-01-24,"conf","Baylor","TCU","B12","B12","H",NA,NA,0.844844372317854,0.771350152968443,0.87694452176131,0.678711743570353,NA,NA,"future",0.321288256429647,-0.678711743570353,0,46,"Q2"
"7192",7192,"Texas St.James Madison1-24",2026-01-24,"conf","James Madison","Texas St.","SB","SB","H",NA,NA,0.385748212158963,0.245509808153534,0.87694452176131,0.956333012725181,NA,NA,"future",0.043666987274819,-0.956333012725181,0,265,"Q4"
"7193",7193,"ManhattanIona1-24",2026-01-24,"conf","Iona","Manhattan","MAAC","MAAC","H",NA,NA,0.437173937533644,0.115503480599443,0.87694452176131,0.982005422167543,NA,NA,"future",0.0179945778324567,-0.982005422167543,0,330,"Q4"
"7194",7194,"Portland St.Idaho1-24",2026-01-24,"conf","Idaho","Portland St.","BSky","BSky","H",NA,NA,0.590672129177698,0.428876901216264,0.87694452176131,0.904671517158032,NA,NA,"future",0.0953284828419685,-0.904671517158032,0,137,"Q3"
"7195",7195,"Murray St.Northern Iowa1-24",2026-01-24,"conf","Northern Iowa","Murray St.","MVC","MVC","H",NA,NA,0.757436564872932,0.635707651012394,0.87694452176131,0.803296496851395,NA,NA,"future",0.196703503148605,-0.803296496851395,0,74,"Q2"
"7196",7196,"UMass LowellUMBC1-24",2026-01-24,"conf","UMBC","UMass Lowell","AE","AE","H",NA,NA,0.335726306960335,0.165007692678497,0.87694452176131,0.973018164018987,NA,NA,"future",0.0269818359810133,-0.973018164018987,0,319,"Q4"
"7197",7197,"Eastern KentuckyJacksonville1-24",2026-01-24,"conf","Jacksonville","Eastern Kentucky","ASun","ASun","H",NA,NA,0.269014167855688,0.223192376556858,0.87694452176131,0.961244908789494,NA,NA,"future",0.0387550912105064,-0.961244908789494,0,262,"Q4"
"7198",7198,"Central MichiganWestern Michigan1-24",2026-01-24,"conf","Western Michigan","Central Michigan","MAC","MAC","H",NA,NA,0.39706717406787,0.143586134959525,0.87694452176131,0.977014256827904,NA,NA,"future",0.0229857431720957,-0.977014256827904,0,329,"Q4"
"7199",7199,"Illinois St.Belmont1-24",2026-01-24,"conf","Belmont","Illinois St.","MVC","MVC","H",NA,NA,0.80633083929574,0.699786014575313,0.87694452176131,0.753530147840397,NA,NA,"future",0.246469852159603,-0.753530147840397,0,79,"Q3"
"7200",7200,"Cal St. FullertonCal Poly1-24",2026-01-24,"conf","Cal Poly","Cal St. Fullerton","BW","BW","H",NA,NA,0.356782664805302,0.331925225797259,0.87694452176131,0.934825940311833,NA,NA,"future",0.0651740596881669,-0.934825940311833,0,200,"Q4"
"7201",7201,"ChattanoogaSamford1-24",2026-01-24,"conf","Samford","Chattanooga","SC","SC","H",NA,NA,0.283895640638759,0.193922737600882,0.87694452176131,0.967344083601197,NA,NA,"future",0.0326559163988029,-0.967344083601197,0,280,"Q4"
"7202",7202,"LafayetteLehigh1-24",2026-01-24,"conf","Lehigh","Lafayette","Pat","Pat","H",NA,NA,0.26032083125622,0.147463233359836,0.87694452176131,0.976303494184094,NA,NA,"future",0.023696505815906,-0.976303494184094,0,328,"Q4"
"7203",7203,"St. ThomasSouth Dakota1-24",2026-01-24,"conf","South Dakota","St. Thomas","Sum","Sum","H",NA,NA,0.342292200243587,0.564022211588619,0.87694452176131,0.846356554376,NA,NA,"future",0.153643445624,-0.846356554376,0,116,"Q3"
"7204",7204,"North CarolinaVirginia1-24",2026-01-24,"conf","Virginia","North Carolina","ACC","ACC","H",NA,NA,0.96842400434267,0.849603281638803,0.87694452176131,0.557819068404126,NA,NA,"future",0.442180931595874,-0.557819068404126,0,27,"Q1"
"7205",7205,"NortheasternDrexel1-24",2026-01-24,"conf","Drexel","Northeastern","CAA","CAA","H",NA,NA,0.506908140029048,0.250737593781546,0.87694452176131,0.955147684195681,NA,NA,"future",0.0448523158043189,-0.955147684195681,0,249,"Q4"
"7206",7206,"BucknellLoyola MD1-24",2026-01-24,"conf","Loyola MD","Bucknell","Pat","Pat","H",NA,NA,0.162152229273016,0.127187121287998,0.87694452176131,0.979961742807954,NA,NA,"future",0.0200382571920457,-0.979961742807954,0,333,"Q4"
"7207",7207,"Alabama A&MTexas Southern1-24",2026-01-24,"conf","Texas Southern","Alabama A&M","SWAC","SWAC","H",NA,NA,0.218447040616154,0.159091874905061,0.87694452176131,0.974138773713817,NA,NA,"future",0.025861226286183,-0.974138773713817,0,308,"Q4"
"7208",7208,"TempleUTSA1-24",2026-01-24,"conf","UTSA","Temple","Amer","Amer","H",NA,NA,0.118500483117376,0.482165271889948,0.87694452176131,0.884441310768963,NA,NA,"future",0.115558689231037,-0.884441310768963,0,154,"Q3"
"7209",7209,"ClemsonGeorgia Tech1-24",2026-01-24,"conf","Georgia Tech","Clemson","ACC","ACC","H",NA,NA,0.649662104684215,0.887421585948118,0.87694452176131,0.474805920858777,NA,NA,"future",0.525194079141223,-0.474805920858777,0,32,"Q2"
"7210",7210,"VMIWestern Carolina1-24",2026-01-24,"conf","Western Carolina","VMI","SC","SC","H",NA,NA,0.307831220822344,0.081180331096308,0.87694452176131,0.987753891098385,NA,NA,"future",0.0122461089016148,-0.987753891098385,0,353,"Q4"
"7211",7211,"Texas A&M Corpus ChrisIncarnate Word1-24",2026-01-24,"conf","Incarnate Word","Texas A&M Corpus Chris","Slnd","Slnd","H",NA,NA,0.403222433818588,0.415344559057257,0.87694452176131,0.909349881209777,NA,NA,"future",0.0906501187902234,-0.909349881209777,0,181,"Q4"
"7212",7212,"SeattlePacific1-24",2026-01-24,"conf","Pacific","Seattle","WCC","WCC","H",NA,NA,0.675830586238256,0.605972048235407,0.87694452176131,0.822502708405666,NA,NA,"future",0.177497291594334,-0.822502708405666,0,114,"Q3"
"7213",7213,"North Dakota St.Oral Roberts1-24",2026-01-24,"conf","Oral Roberts","North Dakota St.","Sum","Sum","H",NA,NA,0.246336680636335,0.525202618458169,0.87694452176131,0.865636057338206,NA,NA,"future",0.134363942661794,-0.865636057338206,0,132,"Q3"
"7214",7214,"Miami FLSyracuse1-24",2026-01-24,"conf","Syracuse","Miami FL","ACC","ACC","H",NA,NA,0.839475742553748,0.797942523828166,0.87694452176131,0.643439496156293,NA,NA,"future",0.356560503843707,-0.643439496156293,0,37,"Q2"
"7215",7215,"TroyGeorgia Southern1-24",2026-01-24,"conf","Georgia Southern","Troy","SB","SB","H",NA,NA,0.400249732677704,0.574223488770011,0.87694452176131,0.840868495508097,NA,NA,"future",0.159131504491903,-0.840868495508097,0,103,"Q3"
"7216",7216,"Seton HallDePaul1-24",2026-01-24,"conf","DePaul","Seton Hall","BE","BE","H",NA,NA,0.723148523927946,0.784391079417502,0.87694452176131,0.662032950990562,NA,NA,"future",0.337967049009438,-0.662032950990562,0,45,"Q2"
"7217",7217,"Weber St.Montana St.1-24",2026-01-24,"conf","Montana St.","Weber St.","BSky","BSky","H",NA,NA,0.671913057281984,0.362300900236987,0.87694452176131,0.926163657167391,NA,NA,"future",0.073836342832609,-0.926163657167391,0,190,"Q4"
"7218",7218,"QueensWest Georgia1-24",2026-01-24,"conf","West Georgia","Queens","ASun","ASun","H",NA,NA,0.213011210585839,0.358618140773719,0.87694452176131,0.927248717001686,NA,NA,"future",0.0727512829983142,-0.927248717001686,0,183,"Q4"
"7219",7219,"KansasKansas St.1-24",2026-01-24,"conf","Kansas St.","Kansas","B12","B12","H",NA,NA,0.787642451679584,0.923435166348524,0.87694452176131,0.371414287559022,NA,NA,"future",0.628585712440978,-0.371414287559022,0,18,"Q1"
"7220",7220,"Arkansas St.Georgia St.1-24",2026-01-24,"conf","Georgia St.","Arkansas St.","SB","SB","H",NA,NA,0.332443152619094,0.486958310027856,0.87694452176131,0.882465421492392,NA,NA,"future",0.117534578507608,-0.882465421492392,0,141,"Q3"
"7221",7221,"UC RiversideUC Davis1-24",2026-01-24,"conf","UC Davis","UC Riverside","BW","BW","H",NA,NA,0.569719928859357,0.201552689174799,0.87694452176131,0.965789939307561,NA,NA,"future",0.0342100606924388,-0.965789939307561,0,283,"Q4"
"7222",7222,"OaklandDetroit Mercy1-24",2026-01-24,"conf","Detroit Mercy","Oakland","Horz","Horz","H",NA,NA,0.41087180318306,0.482772141388938,0.87694452176131,0.884192673060866,NA,NA,"future",0.115807326939134,-0.884192673060866,0,135,"Q3"
"7223",7223,"DelawareLiberty1-24",2026-01-24,"conf","Liberty","Delaware","CUSA","CUSA","H",NA,NA,0.754201371304044,0.176954731417496,0.87694452176131,0.970714096550497,NA,NA,"future",0.0292859034495031,-0.970714096550497,0,300,"Q4"
"7224",7224,"Boston UniversityColgate1-24",2026-01-24,"conf","Colgate","Boston University","Pat","Pat","H",NA,NA,0.520482639527122,0.173160301084916,0.87694452176131,0.97145190396275,NA,NA,"future",0.0285480960372501,-0.97145190396275,0,292,"Q4"
"7225",7225,"Illinois ChicagoBradley1-24",2026-01-24,"conf","Bradley","Illinois Chicago","MVC","MVC","H",NA,NA,0.630393603174275,0.500741447619587,0.87694452176131,0.876624116731868,NA,NA,"future",0.123375883268132,-0.876624116731868,0,161,"Q4"
"7226",7226,"ArmyNavy1-24",2026-01-24,"conf","Navy","Army","Pat","Pat","H",NA,NA,0.465453988539404,0.121286957424866,0.87694452176131,0.980999516370392,NA,NA,"future",0.0190004836296076,-0.980999516370392,0,320,"Q4"
"7227",7227,"Stephen F. AustinLamar1-24",2026-01-24,"conf","Lamar","Stephen F. Austin","Slnd","Slnd","H",NA,NA,0.437571853477538,0.698277000404957,0.87694452176131,0.75485983588986,NA,NA,"future",0.24514016411014,-0.75485983588986,0,88,"Q3"
"7228",7228,"UtahBYU1-24",2026-01-24,"conf","BYU","Utah","B12","B12","H",NA,NA,0.943249231571529,0.594076360174539,0.87694452176131,0.82962411412064,NA,NA,"future",0.17037588587936,-0.82962411412064,0,117,"Q3"
"7229",7229,"NorthwesternUCLA1-24",2026-01-24,"conf","UCLA","Northwestern","B10","B10","H",NA,NA,0.883383237146971,0.745990934106807,0.87694452176131,0.708160123263315,NA,NA,"future",0.291839876736685,-0.708160123263315,0,69,"Q2"
"7230",7230,"Morgan St.Howard1-24",2026-01-24,"conf","Howard","Morgan St.","MEAC","MEAC","H",NA,NA,0.366972280657132,0.0419653130687214,0.87694452176131,0.99389090633261,NA,NA,"future",0.00610909366739021,-0.99389090633261,0,361,"Q4"
"7231",7231,"Kent St.Eastern Michigan1-24",2026-01-24,"conf","Eastern Michigan","Kent St.","MAC","MAC","H",NA,NA,0.534059422473723,0.481287807626764,0.87694452176131,0.884800030107753,NA,NA,"future",0.115199969892247,-0.884800030107753,0,148,"Q3"
"7232",7232,"Utah ValleyCal Baptist1-24",2026-01-24,"conf","Cal Baptist","Utah Valley","WAC","WAC","H",NA,NA,0.691435207905624,0.65875856803625,0.87694452176131,0.786850012957824,NA,NA,"future",0.213149987042176,-0.786850012957824,0,96,"Q3"
"7233",7233,"San Jose St.Wyoming1-24",2026-01-24,"conf","Wyoming","San Jose St.","MWC","MWC","H",NA,NA,0.76314542480965,0.280831199129306,0.87694452176131,0.9480512429362,NA,NA,"future",0.0519487570637999,-0.9480512429362,0,259,"Q4"
"7234",7234,"Santa ClaraSan Diego1-24",2026-01-24,"conf","San Diego","Santa Clara","WCC","WCC","H",NA,NA,0.545701106777343,0.832662968850565,0.87694452176131,0.588844197277155,NA,NA,"future",0.411155802722845,-0.588844197277155,0,44,"Q2"
"7235",7235,"FIUNew Mexico St.1-24",2026-01-24,"conf","New Mexico St.","FIU","CUSA","CUSA","H",NA,NA,0.670484002673614,0.408547275216062,0.87694452176131,0.911636516667524,NA,NA,"future",0.0883634833324762,-0.911636516667524,0,198,"Q4"
"7236",7236,"CanisiusFairfield1-24",2026-01-24,"conf","Fairfield","Canisius","MAAC","MAAC","H",NA,NA,0.35586849615359,0.0962828763969484,0.87694452176131,0.985270070495874,NA,NA,"future",0.0147299295041264,-0.985270070495874,0,342,"Q4"
"7237",7237,"Iowa St.Oklahoma St.1-24",2026-01-24,"conf","Oklahoma St.","Iowa St.","B12","B12","H",NA,NA,0.819344264260517,0.932186105100022,0.87694452176131,0.341423525966652,NA,NA,"future",0.658576474033348,-0.341423525966652,0,6,"Q1"
"7238",7238,"San Diego St.UNLV1-24",2026-01-24,"conf","UNLV","San Diego St.","MWC","MWC","H",NA,NA,0.708634239033289,0.806407529368549,0.87694452176131,0.631108325214088,NA,NA,"future",0.368891674785912,-0.631108325214088,0,52,"Q2"
"7239",7239,"N.C. StatePittsburgh1-24",2026-01-24,"conf","Pittsburgh","N.C. State","ACC","ACC","H",NA,NA,0.730765128903465,0.872129903528318,0.87694452176131,0.510969471437763,NA,NA,"future",0.489030528562237,-0.510969471437763,0,29,"Q1"
"7240",7240,"MercerWofford1-24",2026-01-24,"conf","Wofford","Mercer","SC","SC","H",NA,NA,0.427054957226168,0.497972452629038,0.87694452176131,0.877817047848107,NA,NA,"future",0.122182952151893,-0.877817047848107,0,125,"Q3"
"7241",7241,"LSUArkansas1-24",2026-01-24,"conf","Arkansas","LSU","SEC","SEC","H",NA,NA,0.944779447184236,0.778358211737825,0.87694452176131,0.669889229359921,NA,NA,"future",0.330110770640079,-0.669889229359921,0,50,"Q2"
"7242",7242,"MemphisWichita St.1-24",2026-01-24,"conf","Wichita St.","Memphis","Amer","Amer","H",NA,NA,0.738904436061514,0.647741340141445,0.87694452176131,0.794894141174265,NA,NA,"future",0.205105858825735,-0.794894141174265,0,112,"Q3"
"7243",7243,"OklahomaMissouri1-24",2026-01-24,"conf","Missouri","Oklahoma","SEC","SEC","H",NA,NA,0.837628198528992,0.671721774627647,0.87694452176131,0.776923253027942,NA,NA,"future",0.223076746972058,-0.776923253027942,0,76,"Q3"
"7244",7244,"West VirginiaArizona1-24",2026-01-24,"conf","Arizona","West Virginia","B12","B12","H",NA,NA,0.977752465301565,0.780378589803463,0.87694452176131,0.667285774701098,NA,NA,"future",0.332714225298902,-0.667285774701098,0,59,"Q2"
"7245",7245,"Coppin St.Norfolk St.1-24",2026-01-24,"conf","Norfolk St.","Coppin St.","MEAC","MEAC","H",NA,NA,0.214099252585284,0.0259808577725411,0.87694452176131,0.996271000581672,NA,NA,"future",0.00372899941832849,-0.996271000581672,0,364,"Q4"
"7246",7246,"DrakeIndiana St.1-24",2026-01-24,"conf","Indiana St.","Drake","MVC","MVC","H",NA,NA,0.52112194682298,0.380317101596354,0.87694452176131,0.920708383048696,NA,NA,"future",0.0792916169513039,-0.920708383048696,0,166,"Q4"
"7247",7247,"NebraskaMinnesota1-24",2026-01-24,"conf","Minnesota","Nebraska","B10","B10","H",NA,NA,0.837995134981792,0.926689461842875,0.87694452176131,0.360520506421061,NA,NA,"future",0.639479493578939,-0.360520506421061,0,7,"Q1"
"7248",7248,"Cal St. NorthridgeHawaii1-24",2026-01-24,"conf","Hawaii","Cal St. Northridge","BW","BW","H",NA,NA,0.782563869210565,0.385010418560885,0.87694452176131,0.91924578431368,NA,NA,"future",0.0807542156863204,-0.91924578431368,0,209,"Q4"
"7249",7249,"Air ForceBoise St.1-24",2026-01-24,"conf","Boise St.","Air Force","MWC","MWC","H",NA,NA,0.83001126375618,0.105682919431014,0.87694452176131,0.983688285585496,NA,NA,"future",0.0163117144145042,-0.983688285585496,0,336,"Q4"
"7250",7250,"ColumbiaDartmouth1-24",2026-01-24,"conf","Dartmouth","Columbia","Ivy","Ivy","H",NA,NA,0.465558838117583,0.408052728218098,0.87694452176131,0.911801277983662,NA,NA,"future",0.0881987220163379,-0.911801277983662,0,151,"Q3"
"7251",7251,"Sacramento St.Eastern Washington1-24",2026-01-24,"conf","Eastern Washington","Sacramento St.","BSky","BSky","H",NA,NA,0.461978641835474,0.187290241962568,0.87694452176131,0.96867531291602,NA,NA,"future",0.0313246870839802,-0.96867531291602,0,279,"Q4"
"7252",7252,"GeorgetownProvidence1-24",2026-01-24,"conf","Providence","Georgetown","BE","BE","H",NA,NA,0.803485279294478,0.594254951891872,0.87694452176131,0.829519401147896,NA,NA,"future",0.170480598852104,-0.829519401147896,0,118,"Q3"
"7253",7253,"Idaho St.Montana1-24",2026-01-24,"conf","Montana","Idaho St.","BSky","BSky","H",NA,NA,0.633343943366853,0.328595781865349,0.87694452176131,0.935737061162961,NA,NA,"future",0.0642629388370387,-0.935737061162961,0,174,"Q4"
"7254",7254,"BellarmineNorth Florida1-24",2026-01-24,"conf","North Florida","Bellarmine","ASun","ASun","H",NA,NA,0.222890542562906,0.146521869965627,0.87694452176131,0.976476566376086,NA,NA,"future",0.0235234336239143,-0.976476566376086,0,291,"Q4"
"7255",7255,"UCFColorado1-24",2026-01-24,"conf","Colorado","UCF","B12","B12","H",NA,NA,0.772290823716488,0.77353273260516,0.87694452176131,0.675998096188303,NA,NA,"future",0.324001903811697,-0.675998096188303,0,39,"Q2"
"7256",7256,"GeorgiaTexas1-24",2026-01-24,"conf","Texas","Georgia","SEC","SEC","H",NA,NA,0.887271095950039,0.851354270638983,0.87694452176131,0.554420048271428,NA,NA,"future",0.445579951728572,-0.554420048271428,0,24,"Q1"
"7257",7257,"TowsonNorth Carolina A&T1-24",2026-01-24,"conf","North Carolina A&T","Towson","CAA","CAA","H",NA,NA,0.276662006999724,0.35134538872408,0.87694452176131,0.929362589848566,NA,NA,"future",0.0706374101514337,-0.929362589848566,0,162,"Q4"
"7258",7258,"AlbanyNew Hampshire1-24",2026-01-24,"conf","New Hampshire","Albany","AE","AE","H",NA,NA,0.294034884198752,0.187386733437233,0.87694452176131,0.968656075522331,NA,NA,"future",0.0313439244776691,-0.968656075522331,0,309,"Q4"
"7259",7259,"MonmouthCampbell1-24",2026-01-24,"conf","Campbell","Monmouth","CAA","CAA","H",NA,NA,0.480657896699851,0.318339421823734,0.87694452176131,0.938498639231933,NA,NA,"future",0.0615013607680674,-0.938498639231933,0,204,"Q4"
"7260",7260,"Boston CollegeNotre Dame1-24",2026-01-24,"conf","Notre Dame","Boston College","ACC","ACC","H",NA,NA,0.775906977662226,0.452301733460503,0.87694452176131,0.896152158479263,NA,NA,"future",0.103847841520737,-0.896152158479263,0,157,"Q3"
"7261",7261,"Northern ColoradoNorthern Arizona1-24",2026-01-24,"conf","Northern Arizona","Northern Colorado","BSky","BSky","H",NA,NA,0.24304227579025,0.441176952284647,0.87694452176131,0.900267043852585,NA,NA,"future",0.0997329561474151,-0.900267043852585,0,164,"Q4"
"7262",7262,"Florida St.SMU1-24",2026-01-24,"conf","SMU","Florida St.","ACC","ACC","H",NA,NA,0.916602426915101,0.567618274698031,0.87694452176131,0.844443407314126,NA,NA,"future",0.155556592685874,-0.844443407314126,0,115,"Q3"
"7263",7263,"BrownPrinceton1-24",2026-01-24,"conf","Princeton","Brown","Ivy","Ivy","H",NA,NA,0.452029450467109,0.22903256495286,0.87694452176131,0.959982199400525,NA,NA,"future",0.0400178005994747,-0.959982199400525,0,275,"Q4"
"7264",7264,"BinghamtonMaine1-24",2026-01-24,"conf","Maine","Binghamton","AE","AE","H",NA,NA,0.117473612685145,0.0455455848513069,0.87694452176131,0.993348470028501,NA,NA,"future",0.00665152997149854,-0.993348470028501,0,362,"Q4"
"7265",7265,"Northern IllinoisBall St.1-24",2026-01-24,"conf","Ball St.","Northern Illinois","MAC","MAC","H",NA,NA,0.288514481287383,0.136539414444762,0.87694452176131,0.978292340323179,NA,NA,"future",0.0217076596768214,-0.978292340323179,0,312,"Q4"
"7266",7266,"VCUDavidson1-24",2026-01-24,"conf","Davidson","VCU","A10","A10","H",NA,NA,0.692626171471865,0.722299621864947,0.87694452176131,0.732611158893325,NA,NA,"future",0.267388841106675,-0.732611158893325,0,55,"Q2"
"7267",7267,"HofstraWilliam & Mary1-24",2026-01-24,"conf","William & Mary","Hofstra","CAA","CAA","H",NA,NA,0.684495357208954,0.550605304781333,0.87694452176131,0.853296277500354,NA,NA,"future",0.146703722499646,-0.853296277500354,0,106,"Q3"
"7268",7268,"Missouri St.UTEP1-24",2026-01-24,"conf","UTEP","Missouri St.","CUSA","CUSA","H",NA,NA,0.346704940492434,0.459710378911034,0.87694452176131,0.893339623025375,NA,NA,"future",0.106660376974625,-0.893339623025375,0,191,"Q4"
"7269",7269,"CaliforniaStanford1-24",2026-01-24,"conf","Stanford","California","ACC","ACC","H",NA,NA,0.825268926203313,0.717957478164634,0.87694452176131,0.736810404185855,NA,NA,"future",0.263189595814145,-0.736810404185855,0,60,"Q2"
"7270",7270,"Eastern IllinoisMorehead St.1-24",2026-01-24,"conf","Morehead St.","Eastern Illinois","OVC","OVC","H",NA,NA,0.270894090214231,0.152001874020281,0.87694452176131,0.975464530911887,NA,NA,"future",0.0245354690881132,-0.975464530911887,0,305,"Q4"
"7271",7271,"Alabama St.Prairie View A&M1-24",2026-01-24,"conf","Prairie View A&M","Alabama St.","SWAC","SWAC","H",NA,NA,0.284102058387528,0.161273195651384,0.87694452176131,0.973727114931155,NA,NA,"future",0.026272885068845,-0.973727114931155,0,313,"Q4"
"7272",7272,"Tennessee St.Lindenwood1-24",2026-01-24,"conf","Lindenwood","Tennessee St.","OVC","OVC","H",NA,NA,0.442688901303207,0.211923958515258,0.87694452176131,0.963637441578405,NA,NA,"future",0.0363625584215946,-0.963637441578405,0,229,"Q4"
"7273",7273,"IllinoisPurdue1-24",2026-01-24,"conf","Purdue","Illinois","B10","B10","H",NA,NA,0.968858276411217,0.944572611131982,0.87694452176131,0.294869444924917,NA,NA,"future",0.705130555075083,-0.294869444924917,0,9,"Q1"
"7274",7274,"UC IrvineUC San Diego1-24",2026-01-24,"conf","UC San Diego","UC Irvine","BW","BW","H",NA,NA,0.734201130187246,0.570843061730183,0.87694452176131,0.842708029324452,NA,NA,"future",0.157291970675548,-0.842708029324452,0,128,"Q3"
"7275",7275,"Saint Mary'sPortland1-24",2026-01-24,"conf","Portland","Saint Mary's","WCC","WCC","H",NA,NA,0.553963766133518,0.839624194120796,0.87694452176131,0.576488293922997,NA,NA,"future",0.423511706077003,-0.576488293922997,0,28,"Q1"
"7276",7276,"VillanovaConnecticut1-24",2026-01-24,"conf","Connecticut","Villanova","BE","BE","H",NA,NA,0.972195245967499,0.84811313237523,0.87694452176131,0.560681993494687,NA,NA,"future",0.439318006505313,-0.560681993494687,0,33,"Q2"
"7277",7277,"NevadaNew Mexico1-24",2026-01-24,"conf","New Mexico","Nevada","MWC","MWC","H",NA,NA,0.889177912187195,0.739452783455418,0.87694452176131,0.715181068389696,NA,NA,"future",0.284818931610304,-0.715181068389696,0,65,"Q2"
"7278",7278,"New OrleansMcNeese St.1-24",2026-01-24,"conf","McNeese St.","New Orleans","Slnd","Slnd","H",NA,NA,0.804042842508263,0.331235610868882,0.87694452176131,0.93501525605322,NA,NA,"future",0.0649847439467803,-0.93501525605322,0,231,"Q4"
"7279",7279,"George MasonRhode Island1-24",2026-01-24,"conf","Rhode Island","George Mason","A10","A10","H",NA,NA,0.656655293009964,0.622989999921908,0.87694452176131,0.811769579931046,NA,NA,"future",0.188230420068954,-0.811769579931046,0,63,"Q2"
"7280",7280,"Arkansas Pine BluffSouthern1-24",2026-01-24,"conf","Southern","Arkansas Pine Bluff","SWAC","SWAC","H",NA,NA,0.408192260035411,0.210499397365107,0.87694452176131,0.963935877536827,NA,NA,"future",0.0360641224631731,-0.963935877536827,0,311,"Q4"
"7281",7281,"South CarolinaTexas A&M1-24",2026-01-24,"conf","Texas A&M","South Carolina","SEC","SEC","H",NA,NA,0.915550420652576,0.702029460608034,0.87694452176131,0.751537221073831,NA,NA,"future",0.248462778926169,-0.751537221073831,0,85,"Q3"
"7282",7282,"VermontBryant1-24",2026-01-24,"conf","Bryant","Vermont","AE","AE","H",NA,NA,0.125026481328206,0.297392585715157,0.87694452176131,0.943935425917984,NA,NA,"future",0.0560645740820156,-0.943935425917984,0,207,"Q4"
"7283",7283,"East Texas A&MNorthwestern St.1-24",2026-01-24,"conf","Northwestern St.","East Texas A&M","Slnd","Slnd","H",NA,NA,0.284845739227625,0.215264103557443,0.87694452176131,0.962934186645948,NA,NA,"future",0.0370658133540517,-0.962934186645948,0,277,"Q4"
"7284",7284,"Green BayRobert Morris1-24",2026-01-24,"conf","Robert Morris","Green Bay","Horz","Horz","H",NA,NA,0.517536678288298,0.347484853107807,0.87694452176131,0.93046936539492,NA,NA,"future",0.0695306346050797,-0.93046936539492,0,230,"Q4"
"7285",7285,"DuquesneLoyola Chicago1-24",2026-01-24,"conf","Loyola Chicago","Duquesne","A10","A10","H",NA,NA,0.28923647413666,0.509896069293123,0.87694452176131,0.872608167411856,NA,NA,"future",0.127391832588144,-0.872608167411856,0,155,"Q3"
"7286",7286,"AuburnFlorida1-24",2026-01-24,"conf","Florida","Auburn","SEC","SEC","H",NA,NA,0.967769745662781,0.84883999378349,0.87694452176131,0.559288913239661,NA,NA,"future",0.440711086760339,-0.559288913239661,0,34,"Q2"
"7287",7287,"South AlabamaMarshall1-24",2026-01-24,"conf","Marshall","South Alabama","SB","SB","H",NA,NA,0.564591704093553,0.306238592181222,0.87694452176131,0.941671849852463,NA,NA,"future",0.0583281501475374,-0.941671849852463,0,197,"Q4"
"7288",7288,"TulsaRice1-24",2026-01-24,"conf","Rice","Tulsa","Amer","Amer","H",NA,NA,0.456337279232508,0.756867007275388,0.87694452176131,0.695980430402939,NA,NA,"future",0.304019569597061,-0.695980430402939,0,47,"Q2"
"7289",7289,"Grand CanyonFresno St.1-24",2026-01-24,"conf","Fresno St.","Grand Canyon","MWC","MWC","H",NA,NA,0.639155744766348,0.739302448616464,0.87694452176131,0.715339957295419,NA,NA,"future",0.284660042704581,-0.715339957295419,0,86,"Q3"
"7290",7290,"QuinnipiacMarist1-24",2026-01-24,"conf","Marist","Quinnipiac","MAAC","MAAC","H",NA,NA,0.603367224365608,0.407246884569133,0.87694452176131,0.912069287849074,NA,NA,"future",0.0879307121509264,-0.912069287849074,0,184,"Q4"
"7291",7291,"UNC WilmingtonHampton1-24",2026-01-24,"conf","Hampton","UNC Wilmington","CAA","CAA","H",NA,NA,0.35585106001734,0.45266192968586,0.87694452176131,0.896016774005065,NA,NA,"future",0.103983225994935,-0.896016774005065,0,109,"Q3"
"7292",7292,"UC Santa BarbaraLong Beach St.1-24",2026-01-24,"conf","Long Beach St.","UC Santa Barbara","BW","BW","H",NA,NA,0.420920977464503,0.483931703427263,0.87694452176131,0.883716358848983,NA,NA,"future",0.116283641151017,-0.883716358848983,0,145,"Q3"
"7293",7293,"Nicholls St.Southeastern Louisiana1-24",2026-01-24,"conf","Southeastern Louisiana","Nicholls St.","Slnd","Slnd","H",NA,NA,0.33709012828235,0.298838774145833,0.87694452176131,0.943568533420601,NA,NA,"future",0.0564314665793993,-0.943568533420601,0,214,"Q4"
"7294",7294,"MarylandMichigan St.1-24",2026-01-24,"conf","Michigan St.","Maryland","B10","B10","H",NA,NA,0.96316998011938,0.573049543206266,0.87694452176131,0.841509712207793,NA,NA,"future",0.158490287792207,-0.841509712207793,0,152,"Q3"
"7295",7295,"RiderMount St. Mary's1-24",2026-01-24,"conf","Mount St. Mary's","Rider","MAAC","MAAC","H",NA,NA,0.282514165173045,0.0692807104895986,0.87694452176131,0.989662640329338,NA,NA,"future",0.010337359670662,-0.989662640329338,0,357,"Q4"
"7296",7296,"Maryland Eastern ShoreSouth Carolina St.1-24",2026-01-24,"conf","South Carolina St.","Maryland Eastern Shore","MEAC","MEAC","H",NA,NA,0.0923660430113964,0.112768939573491,0.87694452176131,0.98247717744524,NA,NA,"future",0.0175228225547599,-0.98247717744524,0,325,"Q4"
"7297",7297,"LouisianaOld Dominion1-24",2026-01-24,"conf","Old Dominion","Louisiana","SB","SB","H",NA,NA,0.413664087476716,0.137657594317457,0.87694452176131,0.978090705272969,NA,NA,"future",0.021909294727031,-0.978090705272969,0,334,"Q4"
"7298",7298,"Mississippi Valley St.Grambling St.1-24",2026-01-24,"conf","Grambling St.","Mississippi Valley St.","SWAC","SWAC","H",NA,NA,0.36719319961836,0.0200041175334786,0.87694452176131,0.997143844867186,NA,NA,"future",0.00285615513281423,-0.997143844867186,0,365,"Q4"
"7299",7299,"Little RockTennessee Martin1-24",2026-01-24,"conf","Tennessee Martin","Little Rock","OVC","OVC","H",NA,NA,0.371890241689694,0.127043860244037,0.87694452176131,0.979987080838008,NA,NA,"future",0.0200129191619924,-0.979987080838008,0,302,"Q4"
"7300",7300,"Northern KentuckyWright St.1-24",2026-01-24,"conf","Northern Kentucky","Wright St.","Horz","Horz","A",NA,NA,0.406379079596688,0.717548418206008,0.789142831518436,0.595664611268505,NA,NA,"future",0.404335388731495,-0.595664611268505,0,136,"Q3"
"7301",7301,"ElonCharleston1-24",2026-01-24,"conf","Elon","Charleston","CAA","CAA","A",NA,NA,0.417238728194965,0.52079730801882,0.789142831518436,0.774959275716584,NA,NA,"future",0.225040724283416,-0.774959275716584,0,175,"Q3"
"7302",7302,"DaytonSaint Joseph's1-24",2026-01-24,"conf","Dayton","Saint Joseph's","A10","A10","A",NA,NA,0.686412835074481,0.600718255311877,0.789142831518436,0.713267667429442,NA,NA,"future",0.286732332570558,-0.713267667429442,0,192,"Q3"
"7303",7303,"Southern MissCoastal Carolina1-24",2026-01-24,"conf","Southern Miss","Coastal Carolina","SB","SB","A",NA,NA,0.288887976904287,0.391019597898515,0.789142831518436,0.853559338847739,NA,NA,"future",0.146440661152261,-0.853559338847739,0,235,"Q3"
"7304",7304,"San FranciscoGonzaga1-24",2026-01-24,"conf","San Francisco","Gonzaga","WCC","WCC","A",NA,NA,0.598637247467795,0.966086351861385,0.789142831518436,0.116122856905454,NA,NA,"future",0.883877143094546,-0.116122856905454,0,4,"Q1"
"7305",7305,"YalePenn1-24",2026-01-24,"conf","Yale","Penn","Ivy","Ivy","A",NA,NA,0.697398462944221,0.554637837343646,0.789142831518436,0.750323581088423,NA,NA,"future",0.249676418911577,-0.750323581088423,0,178,"Q3"
"7306",7306,"RichmondGeorge Washington1-24",2026-01-24,"conf","Richmond","George Washington","A10","A10","A",NA,NA,0.505311078308384,0.805846857394486,0.789142831518436,0.474153029460988,NA,NA,"future",0.525846970539012,-0.474153029460988,0,75,"Q1"
"7307",7307,"Alcorn St.Florida A&M1-24",2026-01-24,"conf","Alcorn St.","Florida A&M","SWAC","SWAC","A",NA,NA,0.0996439667646336,0.313122465804659,0.789142831518436,0.89141995383216,NA,NA,"future",0.10858004616784,-0.89141995383216,0,307,"Q4"
"7308",7308,"MississippiKentucky1-24",2026-01-24,"conf","Mississippi","Kentucky","SEC","SEC","A",NA,NA,0.654298907124239,0.894882969930619,0.789142831518436,0.305370611040222,NA,NA,"future",0.694629388959778,-0.305370611040222,0,31,"Q1"
"7309",7309,"North DakotaDenver1-24",2026-01-24,"conf","North Dakota","Denver","Sum","Sum","A",NA,NA,0.215415619860043,0.405627761111882,0.789142831518436,0.845774407421677,NA,NA,"future",0.154225592578323,-0.845774407421677,0,251,"Q4"
"7310",7310,"CornellHarvard1-24",2026-01-24,"conf","Cornell","Harvard","Ivy","Ivy","A",NA,NA,0.377743777487108,0.510633319046039,0.789142831518436,0.781977323713595,NA,NA,"future",0.218022676286405,-0.781977323713595,0,182,"Q3"
"7311",7311,"Virginia TechLouisville1-24",2026-01-24,"conf","Virginia Tech","Louisville","ACC","ACC","A",NA,NA,0.754253091747402,0.960766906153242,0.789142831518436,0.132567603493666,NA,NA,"future",0.867432396506334,-0.132567603493666,0,15,"Q1"
"7312",7312,"Southern UtahUtah Tech1-24",2026-01-24,"conf","Southern Utah","Utah Tech","WAC","WAC","A",NA,NA,0.206808186371712,0.479891400510013,0.789142831518436,0.802222630355226,NA,NA,"future",0.197777369644774,-0.802222630355226,0,199,"Q3"
"7313",7313,"PepperdineWashington St.1-24",2026-01-24,"conf","Pepperdine","Washington St.","WCC","WCC","A",NA,NA,0.217599421655683,0.640213899600399,0.789142831518436,0.67775499260287,NA,NA,"future",0.32224500739713,-0.67775499260287,0,156,"Q3"
"7314",7314,"Saint Peter'sMerrimack1-24",2026-01-24,"conf","Saint Peter's","Merrimack","MAAC","MAAC","A",NA,NA,0.312643989802408,0.494941213645724,0.789142831518436,0.792490301797105,NA,NA,"future",0.207509698202895,-0.792490301797105,0,217,"Q3"
"7315",7315,"Tennessee TechSIU Edwardsville1-24",2026-01-24,"conf","Tennessee Tech","SIU Edwardsville","OVC","OVC","A",NA,NA,0.08709095231161,0.352740157956621,0.789142831518436,0.872892862348331,NA,NA,"future",0.127107137651669,-0.872892862348331,0,255,"Q4"
"7316",7316,"WinthropPresbyterian1-24",2026-01-24,"conf","Winthrop","Presbyterian","BSth","BSth","A",NA,NA,0.429719171865507,0.33833969804482,0.789142831518436,0.879792664762907,NA,NA,"future",0.120207335237093,-0.879792664762907,0,258,"Q4"
"7317",7317,"HoustonTexas Tech1-24",2026-01-24,"conf","Houston","Texas Tech","B12","B12","A",NA,NA,0.960500923846367,0.952998790803517,0.789142831518436,0.155818723619252,NA,NA,"future",0.844181276380748,-0.155818723619252,0,17,"Q1"
"7318",7318,"NiagaraSacred Heart1-24",2026-01-24,"conf","Niagara","Sacred Heart","MAAC","MAAC","A",NA,NA,0.0710982537629475,0.302151169708424,0.789142831518436,0.896306351960381,NA,NA,"future",0.103693648039619,-0.896306351960381,0,287,"Q4"
"7319",7319,"VanderbiltMississippi St.1-24",2026-01-24,"conf","Vanderbilt","Mississippi St.","SEC","SEC","A",NA,NA,0.928124167770446,0.769828564240354,0.789142831518436,0.528076163539221,NA,NA,"future",0.471923836460779,-0.528076163539221,0,99,"Q2"
"7320",7320,"MilwaukeeYoungstown St.1-24",2026-01-24,"conf","Milwaukee","Youngstown St.","Horz","Horz","A",NA,NA,0.247415137782907,0.546812666972655,0.789142831518436,0.756201472941003,NA,NA,"future",0.243798527058997,-0.756201472941003,0,221,"Q3"
"7321",7321,"CincinnatiArizona St.1-24",2026-01-24,"conf","Cincinnati","Arizona St.","B12","B12","A",NA,NA,0.78379278013368,0.764484530115745,0.789142831518436,0.535525330246126,NA,NA,"future",0.464474669753874,-0.535525330246126,0,93,"Q2"
"7322",7322,"TennesseeAlabama1-24",2026-01-24,"conf","Tennessee","Alabama","SEC","SEC","A",NA,NA,0.910843273419277,0.954434190116709,0.789142831518436,0.151588690123373,NA,NA,"future",0.848411309876627,-0.151588690123373,0,19,"Q1"
"7323",7323,"Nebraska OmahaUMKC1-24",2026-01-24,"conf","Nebraska Omaha","UMKC","Sum","Sum","A",NA,NA,0.245482919288472,0.148903257972366,0.789142831518436,0.955340268216691,NA,NA,"future",0.0446597317833091,-0.955340268216691,0,346,"Q4"
"7324",7324,"AmericanHoly Cross1-24",2026-01-24,"conf","American","Holy Cross","Pat","Pat","A",NA,NA,0.351681313504199,0.203196040881925,0.789142831518436,0.936207636608896,NA,NA,"future",0.0637923633911037,-0.936207636608896,0,314,"Q4"
"7325",7325,"UT Rio Grande ValleyHouston Christian1-24",2026-01-24,"conf","UT Rio Grande Valley","Houston Christian","Slnd","Slnd","A",NA,NA,0.397957356960562,0.276141122733715,0.789142831518436,0.907497132184877,NA,NA,"future",0.0925028678151233,-0.907497132184877,0,297,"Q4"
"7326",7326,"Western KentuckySam Houston St.1-24",2026-01-24,"conf","Western Kentucky","Sam Houston St.","CUSA","CUSA","A",NA,NA,0.381373069076346,0.710010982697554,0.789142831518436,0.604518668369394,NA,NA,"future",0.395481331630606,-0.604518668369394,0,105,"Q2"
"7327",7327,"Wake ForestDuke1-24",2026-01-24,"conf","Wake Forest","Duke","ACC","ACC","A",NA,NA,0.719689280913198,0.967169328775528,0.789142831518436,0.1127209681814,NA,NA,"future",0.8872790318186,-0.1127209681814,0,2,"Q1"
"7328",7328,"Bowling GreenToledo1-24",2026-01-24,"conf","Bowling Green","Toledo","MAC","MAC","A",NA,NA,0.571728621824331,0.565070766531367,0.789142831518436,0.742307911949207,NA,NA,"future",0.257692088050793,-0.742307911949207,0,169,"Q3"
"7329",7329,"St. John'sXavier1-24",2026-01-24,"conf","St. John's","Xavier","BE","BE","A",NA,NA,0.894211859941309,0.780139218822579,0.789142831518436,0.513318973154326,NA,NA,"future",0.486681026845674,-0.513318973154326,0,94,"Q2"
"7330",7330,"Jackson St.Bethune Cookman1-24",2026-01-24,"conf","Jackson St.","Bethune Cookman","SWAC","SWAC","A",NA,NA,0.118376704856031,0.390499707456399,0.789142831518436,0.853832094366351,NA,NA,"future",0.146167905633649,-0.853832094366351,0,268,"Q4"
"7331",7331,"TCUBaylor1-24",2026-01-24,"conf","TCU","Baylor","B12","B12","A",NA,NA,0.771350152968443,0.844844372317854,0.789142831518436,0.407343680053834,NA,NA,"future",0.592656319946166,-0.407343680053834,0,53,"Q1"
"7332",7332,"Texas St.James Madison1-24",2026-01-24,"conf","Texas St.","James Madison","SB","SB","A",NA,NA,0.245509808153534,0.385748212158963,0.789142831518436,0.85631149644305,NA,NA,"future",0.14368850355695,-0.85631149644305,0,244,"Q4"
"7333",7333,"ManhattanIona1-24",2026-01-24,"conf","Manhattan","Iona","MAAC","MAAC","A",NA,NA,0.115503480599443,0.437173937533644,0.789142831518436,0.828126310189698,NA,NA,"future",0.171873689810302,-0.828126310189698,0,218,"Q3"
"7334",7334,"Portland St.Idaho1-24",2026-01-24,"conf","Portland St.","Idaho","BSky","BSky","A",NA,NA,0.428876901216264,0.590672129177698,0.789142831518436,0.721722468107655,NA,NA,"future",0.278277531892345,-0.721722468107655,0,158,"Q3"
"7335",7335,"Murray St.Northern Iowa1-24",2026-01-24,"conf","Murray St.","Northern Iowa","MVC","MVC","A",NA,NA,0.635707651012394,0.757436564872932,0.789142831518436,0.545149141228804,NA,NA,"future",0.454850858771196,-0.545149141228804,0,102,"Q2"
"7336",7336,"UMass LowellUMBC1-24",2026-01-24,"conf","UMass Lowell","UMBC","AE","AE","A",NA,NA,0.165007692678497,0.335726306960335,0.789142831518436,0.881024132869604,NA,NA,"future",0.118975867130396,-0.881024132869604,0,274,"Q4"
"7337",7337,"Eastern KentuckyJacksonville1-24",2026-01-24,"conf","Eastern Kentucky","Jacksonville","ASun","ASun","A",NA,NA,0.223192376556858,0.269014167855688,0.789142831518436,0.910470750059058,NA,NA,"future",0.0895292499409418,-0.910470750059058,0,293,"Q4"
"7338",7338,"Central MichiganWestern Michigan1-24",2026-01-24,"conf","Central Michigan","Western Michigan","MAC","MAC","A",NA,NA,0.143586134959525,0.39706717406787,0.789142831518436,0.850365000236185,NA,NA,"future",0.149634999763815,-0.850365000236185,0,256,"Q4"
"7339",7339,"Illinois St.Belmont1-24",2026-01-24,"conf","Illinois St.","Belmont","MVC","MVC","A",NA,NA,0.699786014575313,0.80633083929574,0.789142831518436,0.473381084368494,NA,NA,"future",0.526618915631506,-0.473381084368494,0,64,"Q1"
"7340",7340,"Cal St. FullertonCal Poly1-24",2026-01-24,"conf","Cal St. Fullerton","Cal Poly","BW","BW","A",NA,NA,0.331925225797259,0.356782664805302,0.789142831518436,0.870920500600285,NA,NA,"future",0.129079499399715,-0.870920500600285,0,257,"Q4"
"7341",7341,"ChattanoogaSamford1-24",2026-01-24,"conf","Chattanooga","Samford","SC","SC","A",NA,NA,0.193922737600882,0.283895640638759,0.789142831518436,0.904217121017145,NA,NA,"future",0.0957828789828551,-0.904217121017145,0,269,"Q4"
"7342",7342,"LafayetteLehigh1-24",2026-01-24,"conf","Lafayette","Lehigh","Pat","Pat","A",NA,NA,0.147463233359836,0.26032083125622,0.789142831518436,0.914045954914765,NA,NA,"future",0.0859540450852349,-0.914045954914765,0,298,"Q4"
"7343",7343,"St. ThomasSouth Dakota1-24",2026-01-24,"conf","St. Thomas","South Dakota","Sum","Sum","A",NA,NA,0.564022211588619,0.342292200243587,0.789142831518436,0.877918226219965,NA,NA,"future",0.122081773780035,-0.877918226219965,0,272,"Q4"
"7344",7344,"North CarolinaVirginia1-24",2026-01-24,"conf","North Carolina","Virginia","ACC","ACC","A",NA,NA,0.849603281638803,0.96842400434267,0.789142831518436,0.108756479072216,NA,NA,"future",0.891243520927784,-0.108756479072216,0,13,"Q1"
"7345",7345,"NortheasternDrexel1-24",2026-01-24,"conf","Northeastern","Drexel","CAA","CAA","A",NA,NA,0.250737593781546,0.506908140029048,0.789142831518436,0.78450783990208,NA,NA,"future",0.21549216009792,-0.78450783990208,0,211,"Q3"
"7346",7346,"BucknellLoyola MD1-24",2026-01-24,"conf","Bucknell","Loyola MD","Pat","Pat","A",NA,NA,0.127187121287998,0.162152229273016,0.789142831518436,0.95083072908287,NA,NA,"future",0.0491692709171297,-0.95083072908287,0,340,"Q4"
"7347",7347,"Alabama A&MTexas Southern1-24",2026-01-24,"conf","Alabama A&M","Texas Southern","SWAC","SWAC","A",NA,NA,0.159091874905061,0.218447040616154,0.789142831518436,0.930507135168519,NA,NA,"future",0.0694928648314806,-0.930507135168519,0,348,"Q4"
"7348",7348,"TempleUTSA1-24",2026-01-24,"conf","Temple","UTSA","Amer","Amer","A",NA,NA,0.482165271889948,0.118500483117376,0.789142831518436,0.96532593406337,NA,NA,"future",0.0346740659366295,-0.96532593406337,0,349,"Q4"
"7349",7349,"ClemsonGeorgia Tech1-24",2026-01-24,"conf","Clemson","Georgia Tech","ACC","ACC","A",NA,NA,0.887421585948118,0.649662104684215,0.789142831518436,0.668678034087465,NA,NA,"future",0.331321965912535,-0.668678034087465,0,146,"Q3"
"7350",7350,"VMIWestern Carolina1-24",2026-01-24,"conf","VMI","Western Carolina","SC","SC","A",NA,NA,0.081180331096308,0.307831220822344,0.789142831518436,0.89378923595296,NA,NA,"future",0.10621076404704,-0.89378923595296,0,289,"Q4"
"7351",7351,"Texas A&M Corpus ChrisIncarnate Word1-24",2026-01-24,"conf","Texas A&M Corpus Chris","Incarnate Word","Slnd","Slnd","A",NA,NA,0.415344559057257,0.403222433818588,0.789142831518436,0.847072516115336,NA,NA,"future",0.152927483884664,-0.847072516115336,0,246,"Q4"
"7352",7352,"SeattlePacific1-24",2026-01-24,"conf","Seattle","Pacific","WCC","WCC","A",NA,NA,0.605972048235407,0.675830586238256,0.789142831518436,0.642237814640784,NA,NA,"future",0.357762185359216,-0.642237814640784,0,110,"Q2"
"7353",7353,"North Dakota St.Oral Roberts1-24",2026-01-24,"conf","North Dakota St.","Oral Roberts","Sum","Sum","A",NA,NA,0.525202618458169,0.246336680636335,0.789142831518436,0.919680424700408,NA,NA,"future",0.080319575299592,-0.919680424700408,0,317,"Q4"
"7354",7354,"Miami FLSyracuse1-24",2026-01-24,"conf","Miami FL","Syracuse","ACC","ACC","A",NA,NA,0.797942523828166,0.839475742553748,0.789142831518436,0.417130023189949,NA,NA,"future",0.582869976810051,-0.417130023189949,0,77,"Q2"
"7355",7355,"TroyGeorgia Southern1-24",2026-01-24,"conf","Troy","Georgia Southern","SB","SB","A",NA,NA,0.574223488770011,0.400249732677704,0.789142831518436,0.848667878767697,NA,NA,"future",0.151332121232303,-0.848667878767697,0,243,"Q4"
"7356",7356,"Seton HallDePaul1-24",2026-01-24,"conf","Seton Hall","DePaul","BE","BE","A",NA,NA,0.784391079417502,0.723148523927946,0.789142831518436,0.588951567067976,NA,NA,"future",0.411048432932024,-0.588951567067976,0,113,"Q2"
"7357",7357,"Weber St.Montana St.1-24",2026-01-24,"conf","Weber St.","Montana St.","BSky","BSky","A",NA,NA,0.362300900236987,0.671913057281984,0.789142831518436,0.64632316760184,NA,NA,"future",0.35367683239816,-0.64632316760184,0,134,"Q2"
"7358",7358,"QueensWest Georgia1-24",2026-01-24,"conf","Queens","West Georgia","ASun","ASun","A",NA,NA,0.358618140773719,0.213011210585839,0.789142831518436,0.932556250535378,NA,NA,"future",0.0674437494646216,-0.932556250535378,0,322,"Q4"
"7359",7359,"KansasKansas St.1-24",2026-01-24,"conf","Kansas","Kansas St.","B12","B12","A",NA,NA,0.923435166348524,0.787642451679584,0.789142831518436,0.502248363029673,NA,NA,"future",0.497751636970327,-0.502248363029673,0,82,"Q2"
"7360",7360,"Arkansas St.Georgia St.1-24",2026-01-24,"conf","Arkansas St.","Georgia St.","SB","SB","A",NA,NA,0.486958310027856,0.332443152619094,0.789142831518436,0.88256236526728,NA,NA,"future",0.11743763473272,-0.88256236526728,0,261,"Q4"
"7361",7361,"UC RiversideUC Davis1-24",2026-01-24,"conf","UC Riverside","UC Davis","BW","BW","A",NA,NA,0.201552689174799,0.569719928859357,0.789142831518436,0.738668165713469,NA,NA,"future",0.261331834286531,-0.738668165713469,0,176,"Q3"
"7362",7362,"OaklandDetroit Mercy1-24",2026-01-24,"conf","Oakland","Detroit Mercy","Horz","Horz","A",NA,NA,0.482772141388938,0.41087180318306,0.789142831518436,0.842921600902124,NA,NA,"future",0.157078399097876,-0.842921600902124,0,273,"Q4"
"7363",7363,"DelawareLiberty1-24",2026-01-24,"conf","Delaware","Liberty","CUSA","CUSA","A",NA,NA,0.176954731417496,0.754201371304044,0.789142831518436,0.549492294681649,NA,NA,"future",0.450507705318351,-0.549492294681649,0,84,"Q2"
"7364",7364,"Boston UniversityColgate1-24",2026-01-24,"conf","Boston University","Colgate","Pat","Pat","A",NA,NA,0.173160301084916,0.520482639527122,0.789142831518436,0.775179083646094,NA,NA,"future",0.224820916353906,-0.775179083646094,0,196,"Q3"
"7365",7365,"Illinois ChicagoBradley1-24",2026-01-24,"conf","Illinois Chicago","Bradley","MVC","MVC","A",NA,NA,0.500741447619587,0.630393603174275,0.789142831518436,0.686941833214128,NA,NA,"future",0.313058166785872,-0.686941833214128,0,124,"Q2"
"7366",7366,"ArmyNavy1-24",2026-01-24,"conf","Army","Navy","Pat","Pat","A",NA,NA,0.121286957424866,0.465453988539404,0.789142831518436,0.811252761824176,NA,NA,"future",0.188747238175824,-0.811252761824176,0,193,"Q3"
"7367",7367,"Stephen F. AustinLamar1-24",2026-01-24,"conf","Stephen F. Austin","Lamar","Slnd","Slnd","A",NA,NA,0.698277000404957,0.437571853477538,0.789142831518436,0.827896030713947,NA,NA,"future",0.172103969286053,-0.827896030713947,0,220,"Q3"
"7368",7368,"UtahBYU1-24",2026-01-24,"conf","Utah","BYU","B12","B12","A",NA,NA,0.594076360174539,0.943249231571529,0.789142831518436,0.183787432026584,NA,NA,"future",0.816212567973416,-0.183787432026584,0,12,"Q1"
"7369",7369,"NorthwesternUCLA1-24",2026-01-24,"conf","Northwestern","UCLA","B10","B10","A",NA,NA,0.745990934106807,0.883383237146971,0.789142831518436,0.330682521038581,NA,NA,"future",0.669317478961419,-0.330682521038581,0,40,"Q1"
"7370",7370,"Morgan St.Howard1-24",2026-01-24,"conf","Morgan St.","Howard","MEAC","MEAC","A",NA,NA,0.0419653130687214,0.366972280657132,0.789142831518436,0.865878007408998,NA,NA,"future",0.134121992591002,-0.865878007408998,0,252,"Q4"
"7371",7371,"Kent St.Eastern Michigan1-24",2026-01-24,"conf","Kent St.","Eastern Michigan","MAC","MAC","A",NA,NA,0.481287807626764,0.534059422473723,0.789142831518436,0.765543748596947,NA,NA,"future",0.234456251403053,-0.765543748596947,0,179,"Q3"
"7372",7372,"Utah ValleyCal Baptist1-24",2026-01-24,"conf","Utah Valley","Cal Baptist","WAC","WAC","A",NA,NA,0.65875856803625,0.691435207905624,0.789142831518436,0.625492790676781,NA,NA,"future",0.374507209323219,-0.625492790676781,0,120,"Q2"
"7373",7373,"San Jose St.Wyoming1-24",2026-01-24,"conf","San Jose St.","Wyoming","MWC","MWC","A",NA,NA,0.280831199129306,0.76314542480965,0.789142831518436,0.53737119837597,NA,NA,"future",0.46262880162403,-0.53737119837597,0,100,"Q2"
"7374",7374,"Santa ClaraSan Diego1-24",2026-01-24,"conf","Santa Clara","San Diego","WCC","WCC","A",NA,NA,0.832662968850565,0.545701106777343,0.789142831518436,0.75702731189978,NA,NA,"future",0.24297268810022,-0.75702731189978,0,208,"Q3"
"7375",7375,"FIUNew Mexico St.1-24",2026-01-24,"conf","FIU","New Mexico St.","CUSA","CUSA","A",NA,NA,0.408547275216062,0.670484002673614,0.789142831518436,0.64780196307496,NA,NA,"future",0.35219803692504,-0.64780196307496,0,140,"Q3"
"7376",7376,"CanisiusFairfield1-24",2026-01-24,"conf","Canisius","Fairfield","MAAC","MAAC","A",NA,NA,0.0962828763969484,0.35586849615359,0.789142831518436,0.871367911823899,NA,NA,"future",0.128632088176101,-0.871367911823899,0,248,"Q4"
"7377",7377,"Iowa St.Oklahoma St.1-24",2026-01-24,"conf","Iowa St.","Oklahoma St.","B12","B12","A",NA,NA,0.932186105100022,0.819344264260517,0.789142831518436,0.452111051323319,NA,NA,"future",0.547888948676681,-0.452111051323319,0,73,"Q1"
"7378",7378,"San Diego St.UNLV1-24",2026-01-24,"conf","San Diego St.","UNLV","MWC","MWC","A",NA,NA,0.806407529368549,0.708634239033289,0.789142831518436,0.606113922037165,NA,NA,"future",0.393886077962835,-0.606113922037165,0,127,"Q2"
"7379",7379,"N.C. StatePittsburgh1-24",2026-01-24,"conf","N.C. State","Pittsburgh","ACC","ACC","A",NA,NA,0.872129903528318,0.730765128903465,0.789142831518436,0.579630896823016,NA,NA,"future",0.420369103176984,-0.579630896823016,0,121,"Q2"
"7380",7380,"MercerWofford1-24",2026-01-24,"conf","Mercer","Wofford","SC","SC","A",NA,NA,0.497972452629038,0.427054957226168,0.789142831518436,0.833916616644165,NA,NA,"future",0.166083383355835,-0.833916616644165,0,225,"Q3"
"7381",7381,"LSUArkansas1-24",2026-01-24,"conf","LSU","Arkansas","SEC","SEC","A",NA,NA,0.778358211737825,0.944779447184236,0.789142831518436,0.17948361785422,NA,NA,"future",0.82051638214578,-0.17948361785422,0,20,"Q1"
"7382",7382,"MemphisWichita St.1-24",2026-01-24,"conf","Memphis","Wichita St.","Amer","Amer","A",NA,NA,0.647741340141445,0.738904436061514,0.789142831518436,0.569419774868401,NA,NA,"future",0.430580225131599,-0.569419774868401,0,95,"Q2"
"7383",7383,"OklahomaMissouri1-24",2026-01-24,"conf","Oklahoma","Missouri","SEC","SEC","A",NA,NA,0.671721774627647,0.837628198528992,0.789142831518436,0.42045174979891,NA,NA,"future",0.57954825020109,-0.42045174979891,0,70,"Q1"
"7384",7384,"West VirginiaArizona1-24",2026-01-24,"conf","West Virginia","Arizona","B12","B12","A",NA,NA,0.780378589803463,0.977752465301565,0.789142831518436,0.0784743366007909,NA,NA,"future",0.921525663399209,-0.0784743366007909,0,3,"Q1"
"7385",7385,"Coppin St.Norfolk St.1-24",2026-01-24,"conf","Coppin St.","Norfolk St.","MEAC","MEAC","A",NA,NA,0.0259808577725411,0.214099252585284,0.789142831518436,0.932147647195999,NA,NA,"future",0.0678523528040014,-0.932147647195999,0,303,"Q4"
"7386",7386,"DrakeIndiana St.1-24",2026-01-24,"conf","Drake","Indiana St.","MVC","MVC","A",NA,NA,0.380317101596354,0.52112194682298,0.789142831518436,0.774732331268569,NA,NA,"future",0.225267668731431,-0.774732331268569,0,205,"Q3"
"7387",7387,"NebraskaMinnesota1-24",2026-01-24,"conf","Nebraska","Minnesota","B10","B10","A",NA,NA,0.926689461842875,0.837995134981792,0.789142831518436,0.419793884137052,NA,NA,"future",0.580206115862948,-0.419793884137052,0,83,"Q2"
"7388",7388,"Cal St. NorthridgeHawaii1-24",2026-01-24,"conf","Cal St. Northridge","Hawaii","BW","BW","A",NA,NA,0.385010418560885,0.782563869210565,0.789142831518436,0.50977274777129,NA,NA,"future",0.49022725222871,-0.50977274777129,0,97,"Q2"
"7389",7389,"Air ForceBoise St.1-24",2026-01-24,"conf","Air Force","Boise St.","MWC","MWC","A",NA,NA,0.105682919431014,0.83001126375618,0.789142831518436,0.433903907888668,NA,NA,"future",0.566096092111332,-0.433903907888668,0,71,"Q1"
"7390",7390,"ColumbiaDartmouth1-24",2026-01-24,"conf","Columbia","Dartmouth","Ivy","Ivy","A",NA,NA,0.408052728218098,0.465558838117583,0.789142831518436,0.811188227275576,NA,NA,"future",0.188811772724424,-0.811188227275576,0,222,"Q3"
"7391",7391,"Sacramento St.Eastern Washington1-24",2026-01-24,"conf","Sacramento St.","Eastern Washington","BSky","BSky","A",NA,NA,0.187290241962568,0.461978641835474,0.789142831518436,0.81338334131993,NA,NA,"future",0.18661665868007,-0.81338334131993,0,254,"Q4"
"7392",7392,"GeorgetownProvidence1-24",2026-01-24,"conf","Georgetown","Providence","BE","BE","A",NA,NA,0.594254951891872,0.803485279294478,0.789142831518436,0.477900616033965,NA,NA,"future",0.522099383966035,-0.477900616033965,0,89,"Q2"
"7393",7393,"Idaho St.Montana1-24",2026-01-24,"conf","Idaho St.","Montana","BSky","BSky","A",NA,NA,0.328595781865349,0.633343943366853,0.789142831518436,0.68420773286188,NA,NA,"future",0.31579226713812,-0.68420773286188,0,163,"Q3"
"7394",7394,"BellarmineNorth Florida1-24",2026-01-24,"conf","Bellarmine","North Florida","ASun","ASun","A",NA,NA,0.146521869965627,0.222890542562906,0.789142831518436,0.928817598328057,NA,NA,"future",0.0711824016719433,-0.928817598328057,0,341,"Q4"
"7395",7395,"UCFColorado1-24",2026-01-24,"conf","UCF","Colorado","B12","B12","A",NA,NA,0.77353273260516,0.772290823716488,0.789142831518436,0.524598733389019,NA,NA,"future",0.475401266610981,-0.524598733389019,0,78,"Q2"
"7396",7396,"GeorgiaTexas1-24",2026-01-24,"conf","Georgia","Texas","SEC","SEC","A",NA,NA,0.851354270638983,0.887271095950039,0.789142831518436,0.322261464403328,NA,NA,"future",0.677738535596672,-0.322261464403328,0,43,"Q1"
"7397",7397,"TowsonNorth Carolina A&T1-24",2026-01-24,"conf","Towson","North Carolina A&T","CAA","CAA","A",NA,NA,0.35134538872408,0.276662006999724,0.789142831518436,0.907278273097433,NA,NA,"future",0.0927217269025665,-0.907278273097433,0,270,"Q4"
"7398",7398,"AlbanyNew Hampshire1-24",2026-01-24,"conf","Albany","New Hampshire","AE","AE","A",NA,NA,0.187386733437233,0.294034884198752,0.789142831518436,0.899856735898056,NA,NA,"future",0.100143264101944,-0.899856735898056,0,323,"Q4"
"7399",7399,"MonmouthCampbell1-24",2026-01-24,"conf","Monmouth","Campbell","CAA","CAA","A",NA,NA,0.318339421823734,0.480657896699851,0.789142831518436,0.801734966102244,NA,NA,"future",0.198265033897756,-0.801734966102244,0,203,"Q3"
"7400",7400,"Boston CollegeNotre Dame1-24",2026-01-24,"conf","Boston College","Notre Dame","ACC","ACC","A",NA,NA,0.452301733460503,0.775906977662226,0.789142831518436,0.519438937310661,NA,NA,"future",0.480561062689339,-0.519438937310661,0,81,"Q2"
"7401",7401,"Northern ColoradoNorthern Arizona1-24",2026-01-24,"conf","Northern Colorado","Northern Arizona","BSky","BSky","A",NA,NA,0.441176952284647,0.24304227579025,0.789142831518436,0.920987351691882,NA,NA,"future",0.079012648308118,-0.920987351691882,0,318,"Q4"
"7402",7402,"Florida St.SMU1-24",2026-01-24,"conf","Florida St.","SMU","ACC","ACC","A",NA,NA,0.567618274698031,0.916602426915101,0.789142831518436,0.254019532125076,NA,NA,"future",0.745980467874924,-0.254019532125076,0,30,"Q1"
"7403",7403,"BrownPrinceton1-24",2026-01-24,"conf","Brown","Princeton","Ivy","Ivy","A",NA,NA,0.22903256495286,0.452029450467109,0.789142831518436,0.819393021194762,NA,NA,"future",0.180606978805238,-0.819393021194762,0,239,"Q3"
"7404",7404,"BinghamtonMaine1-24",2026-01-24,"conf","Binghamton","Maine","AE","AE","A",NA,NA,0.0455455848513069,0.117473612685145,0.789142831518436,0.965654705788423,NA,NA,"future",0.0343452942115771,-0.965654705788423,0,343,"Q4"
"7405",7405,"Northern IllinoisBall St.1-24",2026-01-24,"conf","Northern Illinois","Ball St.","MAC","MAC","A",NA,NA,0.136539414444762,0.288514481287383,0.789142831518436,0.902240976851439,NA,NA,"future",0.097759023148561,-0.902240976851439,0,316,"Q4"
"7406",7406,"VCUDavidson1-24",2026-01-24,"conf","VCU","Davidson","A10","A10","A",NA,NA,0.722299621864947,0.692626171471865,0.789142831518436,0.624182848539627,NA,NA,"future",0.375817151460373,-0.624182848539627,0,119,"Q2"
"7407",7407,"HofstraWilliam & Mary1-24",2026-01-24,"conf","Hofstra","William & Mary","CAA","CAA","A",NA,NA,0.550605304781333,0.684495357208954,0.789142831518436,0.633034687260019,NA,NA,"future",0.366965312739981,-0.633034687260019,0,108,"Q2"
"7408",7408,"Missouri St.UTEP1-24",2026-01-24,"conf","Missouri St.","UTEP","CUSA","CUSA","A",NA,NA,0.459710378911034,0.346704940492434,0.789142831518436,0.87580832614611,NA,NA,"future",0.12419167385389,-0.87580832614611,0,276,"Q4"
"7409",7409,"CaliforniaStanford1-24",2026-01-24,"conf","California","Stanford","ACC","ACC","A",NA,NA,0.717957478164634,0.825268926203313,0.789142831518436,0.442087360782368,NA,NA,"future",0.557912639217632,-0.442087360782368,0,68,"Q1"
"7410",7410,"Eastern IllinoisMorehead St.1-24",2026-01-24,"conf","Eastern Illinois","Morehead St.","OVC","OVC","A",NA,NA,0.152001874020281,0.270894090214231,0.789142831518436,0.909690142816319,NA,NA,"future",0.0903098571836806,-0.909690142816319,0,286,"Q4"
"7411",7411,"Alabama St.Prairie View A&M1-24",2026-01-24,"conf","Alabama St.","Prairie View A&M","SWAC","SWAC","A",NA,NA,0.161273195651384,0.284102058387528,0.789142831518436,0.904129167023034,NA,NA,"future",0.0958708329769656,-0.904129167023034,0,296,"Q4"
"7412",7412,"Tennessee St.Lindenwood1-24",2026-01-24,"conf","Tennessee St.","Lindenwood","OVC","OVC","A",NA,NA,0.211923958515258,0.442688901303207,0.789142831518436,0.824917009807152,NA,NA,"future",0.175082990192848,-0.824917009807152,0,224,"Q3"
"7413",7413,"IllinoisPurdue1-24",2026-01-24,"conf","Illinois","Purdue","B10","B10","A",NA,NA,0.944572611131982,0.968858276411217,0.789142831518436,0.107378422298164,NA,NA,"future",0.892621577701836,-0.107378422298164,0,5,"Q1"
"7414",7414,"UC IrvineUC San Diego1-24",2026-01-24,"conf","UC Irvine","UC San Diego","BW","BW","A",NA,NA,0.570843061730183,0.734201130187246,0.789142831518436,0.575352440331897,NA,NA,"future",0.424647559668103,-0.575352440331897,0,98,"Q2"
"7415",7415,"Saint Mary'sPortland1-24",2026-01-24,"conf","Saint Mary's","Portland","WCC","WCC","A",NA,NA,0.839624194120796,0.553963766133518,0.789142831518436,0.750834377479532,NA,NA,"future",0.249165622520468,-0.750834377479532,0,215,"Q3"
"7416",7416,"VillanovaConnecticut1-24",2026-01-24,"conf","Villanova","Connecticut","BE","BE","A",NA,NA,0.84811313237523,0.972195245967499,0.789142831518436,0.0966876003580351,NA,NA,"future",0.903312399641965,-0.0966876003580351,0,8,"Q1"
"7417",7417,"NevadaNew Mexico1-24",2026-01-24,"conf","Nevada","New Mexico","MWC","MWC","A",NA,NA,0.739452783455418,0.889177912187195,0.789142831518436,0.318080985198017,NA,NA,"future",0.681919014801983,-0.318080985198017,0,42,"Q1"
"7418",7418,"New OrleansMcNeese St.1-24",2026-01-24,"conf","New Orleans","McNeese St.","Slnd","Slnd","A",NA,NA,0.331235610868882,0.804042842508263,0.789142831518436,0.477018666749508,NA,NA,"future",0.522981333250492,-0.477018666749508,0,57,"Q1"
"7419",7419,"George MasonRhode Island1-24",2026-01-24,"conf","George Mason","Rhode Island","A10","A10","A",NA,NA,0.622989999921908,0.656655293009964,0.789142831518436,0.661803604151082,NA,NA,"future",0.338196395848918,-0.661803604151082,0,133,"Q2"
"7420",7420,"Arkansas Pine BluffSouthern1-24",2026-01-24,"conf","Arkansas Pine Bluff","Southern","SWAC","SWAC","A",NA,NA,0.210499397365107,0.408192260035411,0.789142831518436,0.844383205258941,NA,NA,"future",0.155616794741059,-0.844383205258941,0,278,"Q4"
"7421",7421,"South CarolinaTexas A&M1-24",2026-01-24,"conf","South Carolina","Texas A&M","SEC","SEC","A",NA,NA,0.702029460608034,0.915550420652576,0.789142831518436,0.256621248205328,NA,NA,"future",0.743378751794672,-0.256621248205328,0,41,"Q1"
"7422",7422,"VermontBryant1-24",2026-01-24,"conf","Vermont","Bryant","AE","AE","A",NA,NA,0.297392585715157,0.125026481328206,0.789142831518436,0.963223783162156,NA,NA,"future",0.0367762168378437,-0.963223783162156,0,345,"Q4"
"7423",7423,"East Texas A&MNorthwestern St.1-24",2026-01-24,"conf","East Texas A&M","Northwestern St.","Slnd","Slnd","A",NA,NA,0.215264103557443,0.284845739227625,0.789142831518436,0.903812007986627,NA,NA,"future",0.0961879920133734,-0.903812007986627,0,306,"Q4"
"7424",7424,"Green BayRobert Morris1-24",2026-01-24,"conf","Green Bay","Robert Morris","Horz","Horz","A",NA,NA,0.347484853107807,0.517536678288298,0.789142831518436,0.777229028620444,NA,NA,"future",0.222770971379556,-0.777229028620444,0,186,"Q3"
"7425",7425,"DuquesneLoyola Chicago1-24",2026-01-24,"conf","Duquesne","Loyola Chicago","A10","A10","A",NA,NA,0.509896069293123,0.28923647413666,0.789142831518436,0.901930542270354,NA,NA,"future",0.0980694577296459,-0.901930542270354,0,315,"Q4"
"7426",7426,"AuburnFlorida1-24",2026-01-24,"conf","Auburn","Florida","SEC","SEC","A",NA,NA,0.84883999378349,0.967769745662781,0.789142831518436,0.110826915239594,NA,NA,"future",0.889173084760406,-0.110826915239594,0,14,"Q1"
"7427",7427,"South AlabamaMarshall1-24",2026-01-24,"conf","South Alabama","Marshall","SB","SB","A",NA,NA,0.306238592181222,0.564591704093553,0.789142831518436,0.74268055731084,NA,NA,"future",0.25731944268916,-0.74268055731084,0,138,"Q3"
"7428",7428,"TulsaRice1-24",2026-01-24,"conf","Tulsa","Rice","Amer","Amer","A",NA,NA,0.756867007275388,0.456337279232508,0.789142831518436,0.816807094698556,NA,NA,"future",0.183192905301444,-0.816807094698556,0,253,"Q4"
"7429",7429,"Grand CanyonFresno St.1-24",2026-01-24,"conf","Grand Canyon","Fresno St.","MWC","MWC","A",NA,NA,0.739302448616464,0.639155744766348,0.789142831518436,0.678756847319588,NA,NA,"future",0.321243152680412,-0.678756847319588,0,139,"Q3"
"7430",7430,"QuinnipiacMarist1-24",2026-01-24,"conf","Quinnipiac","Marist","MAAC","MAAC","A",NA,NA,0.407246884569133,0.603367224365608,0.789142831518436,0.71100112209817,NA,NA,"future",0.28899887790183,-0.71100112209817,0,150,"Q3"
"7431",7431,"UNC WilmingtonHampton1-24",2026-01-24,"conf","UNC Wilmington","Hampton","CAA","CAA","A",NA,NA,0.45266192968586,0.35585106001734,0.789142831518436,0.871376437514081,NA,NA,"future",0.128623562485919,-0.871376437514081,0,238,"Q3"
"7432",7432,"UC Santa BarbaraLong Beach St.1-24",2026-01-24,"conf","UC Santa Barbara","Long Beach St.","BW","BW","A",NA,NA,0.483931703427263,0.420920977464503,0.789142831518436,0.837366165744844,NA,NA,"future",0.162633834255156,-0.837366165744844,0,240,"Q3"
"7433",7433,"Nicholls St.Southeastern Louisiana1-24",2026-01-24,"conf","Nicholls St.","Southeastern Louisiana","Slnd","Slnd","A",NA,NA,0.298838774145833,0.33709012828235,0.789142831518436,0.880382261833675,NA,NA,"future",0.119617738166325,-0.880382261833675,0,288,"Q4"
"7434",7434,"MarylandMichigan St.1-24",2026-01-24,"conf","Maryland","Michigan St.","B10","B10","A",NA,NA,0.573049543206266,0.96316998011938,0.789142831518436,0.125192612565118,NA,NA,"future",0.874807387434882,-0.125192612565118,0,11,"Q1"
"7435",7435,"RiderMount St. Mary's1-24",2026-01-24,"conf","Rider","Mount St. Mary's","MAAC","MAAC","A",NA,NA,0.0692807104895986,0.282514165173045,0.789142831518436,0.904804899863118,NA,NA,"future",0.0951951001368816,-0.904804899863118,0,304,"Q4"
"7436",7436,"Maryland Eastern ShoreSouth Carolina St.1-24",2026-01-24,"conf","Maryland Eastern Shore","South Carolina St.","MEAC","MEAC","A",NA,NA,0.112768939573491,0.0923660430113964,0.789142831518436,0.973528234373433,NA,NA,"future",0.0264717656265669,-0.973528234373433,0,360,"Q4"
"7437",7437,"LouisianaOld Dominion1-24",2026-01-24,"conf","Louisiana","Old Dominion","SB","SB","A",NA,NA,0.137657594317457,0.413664087476716,0.789142831518436,0.841389735962245,NA,NA,"future",0.158610264037755,-0.841389735962245,0,250,"Q4"
"7438",7438,"Mississippi Valley St.Grambling St.1-24",2026-01-24,"conf","Mississippi Valley St.","Grambling St.","SWAC","SWAC","A",NA,NA,0.0200041175334786,0.36719319961836,0.789142831518436,0.865767541088024,NA,NA,"future",0.134232458911976,-0.865767541088024,0,266,"Q4"
"7439",7439,"Little RockTennessee Martin1-24",2026-01-24,"conf","Little Rock","Tennessee Martin","OVC","OVC","A",NA,NA,0.127043860244037,0.371890241689694,0.789142831518436,0.863407239429369,NA,NA,"future",0.136592760570631,-0.863407239429369,0,187,"Q3"
"7440",7440,"Southern IllinoisEvansville1-25",2026-01-25,"conf","Evansville","Southern Illinois","MVC","MVC","H",NA,NA,0.316297971986588,0.429692892721203,0.87694452176131,0.904383896749159,NA,NA,"future",0.0956161032508414,-0.904383896749159,0,143,"Q3"
"7441",7441,"Saint FrancisNew Haven1-25",2026-01-25,"conf","New Haven","Saint Francis","NEC","NEC","H",NA,NA,0.189489062413694,0.0661980827384546,0.87694452176131,0.990150353814344,NA,NA,"future",0.00984964618565609,-0.990150353814344,0,354,"Q4"
"7442",7442,"Purdue Fort WayneIU Indy1-25",2026-01-25,"conf","IU Indy","Purdue Fort Wayne","Horz","Horz","H",NA,NA,0.293111925980727,0.292872856878609,0.87694452176131,0.945074204187965,NA,NA,"future",0.054925795812035,-0.945074204187965,0,210,"Q4"
"7443",7443,"USCWisconsin1-25",2026-01-25,"conf","Wisconsin","USC","B10","B10","H",NA,NA,0.913235229454143,0.749858766690896,0.87694452176131,0.703902122457448,NA,NA,"future",0.296097877542552,-0.703902122457448,0,56,"Q2"
"7444",7444,"OregonWashington1-25",2026-01-25,"conf","Washington","Oregon","B10","B10","H",NA,NA,0.850500833069505,0.695409733355037,0.87694452176131,0.757362731797896,NA,NA,"future",0.242637268202104,-0.757362731797896,0,104,"Q3"
"7445",7445,"WagnerLIU1-25",2026-01-25,"conf","LIU","Wagner","NEC","NEC","H",NA,NA,0.478872202881425,0.136887136003035,0.87694452176131,0.978229684731794,NA,NA,"future",0.0217703152682057,-0.978229684731794,0,324,"Q4"
"7446",7446,"Le MoyneFairleigh Dickinson1-25",2026-01-25,"conf","Fairleigh Dickinson","Le Moyne","NEC","NEC","H",NA,NA,0.183963005479034,0.233859733605385,0.87694452176131,0.958926535914673,NA,NA,"future",0.0410734640853271,-0.958926535914673,0,263,"Q4"
"7447",7447,"Central ConnecticutStonehill1-25",2026-01-25,"conf","Stonehill","Central Connecticut","NEC","NEC","H",NA,NA,0.152535767937579,0.185254014996825,0.87694452176131,0.969080387831991,NA,NA,"future",0.0309196121680093,-0.969080387831991,0,247,"Q4"
"7448",7448,"Florida AtlanticSouth Florida1-25",2026-01-25,"conf","South Florida","Florida Atlantic","Amer","Amer","H",NA,NA,0.827671121247399,0.669116075241684,0.87694452176131,0.778960430736667,NA,NA,"future",0.221039569263333,-0.778960430736667,0,91,"Q3"
"7449",7449,"Chicago St.Mercyhurst1-25",2026-01-25,"conf","Mercyhurst","Chicago St.","NEC","NEC","H",NA,NA,0.319386016835833,0.0739186417080468,0.87694452176131,0.988923656012592,NA,NA,"future",0.011076343987408,-0.988923656012592,0,352,"Q4"
"7450",7450,"TulaneCharlotte1-25",2026-01-25,"conf","Charlotte","Tulane","Amer","Amer","H",NA,NA,0.567723178537992,0.343744187026903,0.87694452176131,0.931531828337849,NA,NA,"future",0.0684681716621508,-0.931531828337849,0,202,"Q4"
"7451",7451,"Southern IllinoisEvansville1-25",2026-01-25,"conf","Southern Illinois","Evansville","MVC","MVC","A",NA,NA,0.429692892721203,0.316297971986588,0.789142831518436,0.88998656064279,NA,NA,"future",0.110013439357211,-0.88998656064279,0,284,"Q4"
"7452",7452,"Saint FrancisNew Haven1-25",2026-01-25,"conf","Saint Francis","New Haven","NEC","NEC","A",NA,NA,0.0661980827384546,0.189489062413694,0.789142831518436,0.941204763963868,NA,NA,"future",0.0587952360361323,-0.941204763963868,0,326,"Q4"
"7453",7453,"Purdue Fort WayneIU Indy1-25",2026-01-25,"conf","Purdue Fort Wayne","IU Indy","Horz","Horz","A",NA,NA,0.292872856878609,0.293111925980727,0.789142831518436,0.900257068363485,NA,NA,"future",0.0997429316365148,-0.900257068363485,0,310,"Q4"
"7454",7454,"USCWisconsin1-25",2026-01-25,"conf","USC","Wisconsin","B10","B10","A",NA,NA,0.749858766690896,0.913235229454143,0.789142831518436,0.262304234633571,NA,NA,"future",0.737695765366429,-0.262304234633571,0,36,"Q1"
"7455",7455,"OregonWashington1-25",2026-01-25,"conf","Oregon","Washington","B10","B10","A",NA,NA,0.695409733355037,0.850500833069505,0.789142831518436,0.396811542881163,NA,NA,"future",0.603188457118837,-0.396811542881163,0,62,"Q1"
"7456",7456,"WagnerLIU1-25",2026-01-25,"conf","Wagner","LIU","NEC","NEC","A",NA,NA,0.136887136003035,0.478872202881425,0.789142831518436,0.802869762385744,NA,NA,"future",0.197130237614256,-0.802869762385744,0,201,"Q3"
"7457",7457,"Le MoyneFairleigh Dickinson1-25",2026-01-25,"conf","Le Moyne","Fairleigh Dickinson","NEC","NEC","A",NA,NA,0.233859733605385,0.183963005479034,0.789142831518436,0.943186569817656,NA,NA,"future",0.0568134301823435,-0.943186569817656,0,339,"Q4"
"7458",7458,"Central ConnecticutStonehill1-25",2026-01-25,"conf","Central Connecticut","Stonehill","NEC","NEC","A",NA,NA,0.185254014996825,0.152535767937579,0.789142831518436,0.954113683718504,NA,NA,"future",0.0458863162814964,-0.954113683718504,0,337,"Q4"
"7459",7459,"Florida AtlanticSouth Florida1-25",2026-01-25,"conf","Florida Atlantic","South Florida","Amer","Amer","A",NA,NA,0.669116075241684,0.827671121247399,0.789142831518436,0.437960160751415,NA,NA,"future",0.562039839248585,-0.437960160751415,0,66,"Q1"
"7460",7460,"Chicago St.Mercyhurst1-25",2026-01-25,"conf","Chicago St.","Mercyhurst","NEC","NEC","A",NA,NA,0.0739186417080468,0.319386016835833,0.789142831518436,0.888584293689684,NA,NA,"future",0.111415706310316,-0.888584293689684,0,290,"Q4"
"7461",7461,"TulaneCharlotte1-25",2026-01-25,"conf","Tulane","Charlotte","Amer","Amer","A",NA,NA,0.343744187026903,0.567723178537992,0.789142831518436,0.740236588946491,NA,NA,"future",0.259763411053509,-0.740236588946491,0,173,"Q3"
"7462",7462,"LouisvilleDuke1-26",2026-01-26,"conf","Duke","Louisville","ACC","ACC","H",NA,NA,0.967169328775528,0.927853101372083,0.87694452176131,0.356552099528878,NA,NA,"future",0.643447900471122,-0.356552099528878,0,15,"Q1"
"7463",7463,"Penn St.Ohio St.1-26",2026-01-26,"conf","Ohio St.","Penn St.","B10","B10","H",NA,NA,0.895316100144004,0.48720277375858,0.87694452176131,0.882363892431686,NA,NA,"future",0.117636107568314,-0.882363892431686,0,131,"Q3"
"7464",7464,"Jackson St.Florida A&M1-26",2026-01-26,"conf","Florida A&M","Jackson St.","SWAC","SWAC","H",NA,NA,0.313122465804659,0.118376704856031,0.87694452176131,0.981507081310067,NA,NA,"future",0.0184929186899327,-0.981507081310067,0,347,"Q4"
"7465",7465,"Northwestern St.Stephen F. Austin1-26",2026-01-26,"conf","Stephen F. Austin","Northwestern St.","Slnd","Slnd","H",NA,NA,0.815047683515057,0.172988629015108,0.87694452176131,0.971485151015013,NA,NA,"future",0.028514848984987,-0.971485151015013,0,306,"Q4"
"7466",7466,"Alcorn St.Bethune Cookman1-26",2026-01-26,"conf","Bethune Cookman","Alcorn St.","SWAC","SWAC","H",NA,NA,0.390499707456399,0.0996439667646336,0.87694452176131,0.984707696986526,NA,NA,"future",0.0152923030134736,-0.984707696986526,0,351,"Q4"
"7467",7467,"UT Rio Grande ValleyTexas A&M Corpus Chris1-26",2026-01-26,"conf","Texas A&M Corpus Chris","UT Rio Grande Valley","Slnd","Slnd","H",NA,NA,0.574962601011334,0.397957356960562,0.87694452176131,0.915118069533995,NA,NA,"future",0.0848819304660049,-0.915118069533995,0,194,"Q4"
"7468",7468,"Delaware St.South Carolina St.1-26",2026-01-26,"conf","South Carolina St.","Delaware St.","MEAC","MEAC","H",NA,NA,0.0923660430113964,0.0497573037483458,0.87694452176131,0.99270589963853,NA,NA,"future",0.00729410036147027,-0.99270589963853,0,358,"Q4"
"7469",7469,"Alabama A&MPrairie View A&M1-26",2026-01-26,"conf","Prairie View A&M","Alabama A&M","SWAC","SWAC","H",NA,NA,0.284102058387528,0.159091874905061,0.87694452176131,0.974138773713817,NA,NA,"future",0.025861226286183,-0.974138773713817,0,308,"Q4"
"7470",7470,"Mississippi Valley St.Southern1-26",2026-01-26,"conf","Southern","Mississippi Valley St.","SWAC","SWAC","H",NA,NA,0.408192260035411,0.0200041175334786,0.87694452176131,0.997143844867186,NA,NA,"future",0.00285615513281423,-0.997143844867186,0,365,"Q4"
"7471",7471,"Morgan St.Norfolk St.1-26",2026-01-26,"conf","Norfolk St.","Morgan St.","MEAC","MEAC","H",NA,NA,0.214099252585284,0.0419653130687214,0.87694452176131,0.99389090633261,NA,NA,"future",0.00610909366739021,-0.99389090633261,0,361,"Q4"
"7472",7472,"Abilene ChristianTarleton St.1-26",2026-01-26,"conf","Tarleton St.","Abilene Christian","WAC","WAC","H",NA,NA,0.559896594488506,0.25561463996283,0.87694452176131,0.954029569648245,NA,NA,"future",0.045970430351755,-0.954029569648245,0,241,"Q4"
"7473",7473,"Alabama St.Texas Southern1-26",2026-01-26,"conf","Texas Southern","Alabama St.","SWAC","SWAC","H",NA,NA,0.218447040616154,0.161273195651384,0.87694452176131,0.973727114931155,NA,NA,"future",0.026272885068845,-0.973727114931155,0,313,"Q4"
"7474",7474,"HowardCoppin St.1-26",2026-01-26,"conf","Coppin St.","Howard","MEAC","MEAC","H",NA,NA,0.0483363016192594,0.233389525482971,0.87694452176131,0.95902984853669,NA,NA,"future",0.0409701514633097,-0.95902984853669,0,252,"Q4"
"7475",7475,"East Texas A&MLamar1-26",2026-01-26,"conf","Lamar","East Texas A&M","Slnd","Slnd","H",NA,NA,0.437571853477538,0.215264103557443,0.87694452176131,0.962934186645948,NA,NA,"future",0.0370658133540517,-0.962934186645948,0,277,"Q4"
"7476",7476,"ArizonaBYU1-26",2026-01-26,"conf","BYU","Arizona","B12","B12","H",NA,NA,0.943249231571529,0.958472429946254,0.87694452176131,0.235920885661496,NA,NA,"future",0.764079114338504,-0.235920885661496,0,3,"Q1"
"7477",7477,"Incarnate WordHouston Christian1-26",2026-01-26,"conf","Houston Christian","Incarnate Word","Slnd","Slnd","H",NA,NA,0.276141122733715,0.261903553465073,0.87694452176131,0.95256990795582,NA,NA,"future",0.0474300920441801,-0.95256990795582,0,246,"Q4"
"7478",7478,"BucknellLafayette1-26",2026-01-26,"conf","Lafayette","Bucknell","Pat","Pat","H",NA,NA,0.247759908493423,0.127187121287998,0.87694452176131,0.979961742807954,NA,NA,"future",0.0200382571920457,-0.979961742807954,0,333,"Q4"
"7479",7479,"New OrleansNicholls St.1-26",2026-01-26,"conf","Nicholls St.","New Orleans","Slnd","Slnd","H",NA,NA,0.447990911854504,0.331235610868882,0.87694452176131,0.93501525605322,NA,NA,"future",0.0649847439467803,-0.93501525605322,0,231,"Q4"
"7480",7480,"McNeese St.Southeastern Louisiana1-26",2026-01-26,"conf","Southeastern Louisiana","McNeese St.","Slnd","Slnd","H",NA,NA,0.33709012828235,0.683026270437139,0.87694452176131,0.767829201135309,NA,NA,"future",0.232170798864691,-0.767829201135309,0,57,"Q2"
"7481",7481,"Arkansas Pine BluffGrambling St.1-26",2026-01-26,"conf","Grambling St.","Arkansas Pine Bluff","SWAC","SWAC","H",NA,NA,0.36719319961836,0.210499397365107,0.87694452176131,0.963935877536827,NA,NA,"future",0.0360641224631731,-0.963935877536827,0,311,"Q4"
"7482",7482,"LouisvilleDuke1-26",2026-01-26,"conf","Louisville","Duke","ACC","ACC","A",NA,NA,0.927853101372083,0.967169328775528,0.789142831518436,0.1127209681814,NA,NA,"future",0.8872790318186,-0.1127209681814,0,2,"Q1"
"7483",7483,"Penn St.Ohio St.1-26",2026-01-26,"conf","Penn St.","Ohio St.","B10","B10","A",NA,NA,0.48720277375858,0.895316100144004,0.789142831518436,0.304393013328042,NA,NA,"future",0.695606986671958,-0.304393013328042,0,35,"Q1"
"7484",7484,"Jackson St.Florida A&M1-26",2026-01-26,"conf","Jackson St.","Florida A&M","SWAC","SWAC","A",NA,NA,0.118376704856031,0.313122465804659,0.789142831518436,0.89141995383216,NA,NA,"future",0.10858004616784,-0.89141995383216,0,307,"Q4"
"7485",7485,"Northwestern St.Stephen F. Austin1-26",2026-01-26,"conf","Northwestern St.","Stephen F. Austin","Slnd","Slnd","A",NA,NA,0.172988629015108,0.815047683515057,0.789142831518436,0.459245063096948,NA,NA,"future",0.540754936903052,-0.459245063096948,0,88,"Q2"
"7486",7486,"Alcorn St.Bethune Cookman1-26",2026-01-26,"conf","Alcorn St.","Bethune Cookman","SWAC","SWAC","A",NA,NA,0.0996439667646336,0.390499707456399,0.789142831518436,0.853832094366351,NA,NA,"future",0.146167905633649,-0.853832094366351,0,268,"Q4"
"7487",7487,"UT Rio Grande ValleyTexas A&M Corpus Chris1-26",2026-01-26,"conf","UT Rio Grande Valley","Texas A&M Corpus Chris","Slnd","Slnd","A",NA,NA,0.397957356960562,0.574962601011334,0.789142831518436,0.734512356833687,NA,NA,"future",0.265487643166313,-0.734512356833687,0,181,"Q3"
"7488",7488,"Delaware St.South Carolina St.1-26",2026-01-26,"conf","Delaware St.","South Carolina St.","MEAC","MEAC","A",NA,NA,0.0497573037483458,0.0923660430113964,0.789142831518436,0.973528234373433,NA,NA,"future",0.0264717656265669,-0.973528234373433,0,360,"Q4"
"7489",7489,"Alabama A&MPrairie View A&M1-26",2026-01-26,"conf","Alabama A&M","Prairie View A&M","SWAC","SWAC","A",NA,NA,0.159091874905061,0.284102058387528,0.789142831518436,0.904129167023034,NA,NA,"future",0.0958708329769656,-0.904129167023034,0,296,"Q4"
"7490",7490,"Mississippi Valley St.Southern1-26",2026-01-26,"conf","Mississippi Valley St.","Southern","SWAC","SWAC","A",NA,NA,0.0200041175334786,0.408192260035411,0.789142831518436,0.844383205258941,NA,NA,"future",0.155616794741059,-0.844383205258941,0,278,"Q4"
"7491",7491,"Morgan St.Norfolk St.1-26",2026-01-26,"conf","Morgan St.","Norfolk St.","MEAC","MEAC","A",NA,NA,0.0419653130687214,0.214099252585284,0.789142831518436,0.932147647195999,NA,NA,"future",0.0678523528040014,-0.932147647195999,0,303,"Q4"
"7492",7492,"Abilene ChristianTarleton St.1-26",2026-01-26,"conf","Abilene Christian","Tarleton St.","WAC","WAC","A",NA,NA,0.25561463996283,0.559896594488506,0.789142831518436,0.746309231111213,NA,NA,"future",0.253690768888787,-0.746309231111213,0,185,"Q3"
"7493",7493,"Alabama St.Texas Southern1-26",2026-01-26,"conf","Alabama St.","Texas Southern","SWAC","SWAC","A",NA,NA,0.161273195651384,0.218447040616154,0.789142831518436,0.930507135168519,NA,NA,"future",0.0694928648314806,-0.930507135168519,0,348,"Q4"
"7494",7494,"HowardCoppin St.1-26",2026-01-26,"conf","Howard","Coppin St.","MEAC","MEAC","A",NA,NA,0.233389525482971,0.0483363016192594,0.789142831518436,0.986610377031088,NA,NA,"future",0.0133896229689121,-0.986610377031088,0,364,"Q4"
"7495",7495,"East Texas A&MLamar1-26",2026-01-26,"conf","East Texas A&M","Lamar","Slnd","Slnd","A",NA,NA,0.215264103557443,0.437571853477538,0.789142831518436,0.827896030713947,NA,NA,"future",0.172103969286053,-0.827896030713947,0,220,"Q3"
"7496",7496,"ArizonaBYU1-26",2026-01-26,"conf","Arizona","BYU","B12","B12","A",NA,NA,0.958472429946254,0.943249231571529,0.789142831518436,0.183787432026584,NA,NA,"future",0.816212567973416,-0.183787432026584,0,12,"Q1"
"7497",7497,"Incarnate WordHouston Christian1-26",2026-01-26,"conf","Incarnate Word","Houston Christian","Slnd","Slnd","A",NA,NA,0.261903553465073,0.276141122733715,0.789142831518436,0.907497132184877,NA,NA,"future",0.0925028678151233,-0.907497132184877,0,297,"Q4"
"7498",7498,"BucknellLafayette1-26",2026-01-26,"conf","Bucknell","Lafayette","Pat","Pat","A",NA,NA,0.127187121287998,0.247759908493423,0.789142831518436,0.919113429490502,NA,NA,"future",0.0808865705094981,-0.919113429490502,0,328,"Q4"
"7499",7499,"New OrleansNicholls St.1-26",2026-01-26,"conf","New Orleans","Nicholls St.","Slnd","Slnd","A",NA,NA,0.331235610868882,0.447990911854504,0.789142831518436,0.821795222623473,NA,NA,"future",0.178204777376527,-0.821795222623473,0,214,"Q3"
"7500",7500,"McNeese St.Southeastern Louisiana1-26",2026-01-26,"conf","McNeese St.","Southeastern Louisiana","Slnd","Slnd","A",NA,NA,0.683026270437139,0.33709012828235,0.789142831518436,0.880382261833675,NA,NA,"future",0.119617738166325,-0.880382261833675,0,288,"Q4"
"7501",7501,"Arkansas Pine BluffGrambling St.1-26",2026-01-26,"conf","Arkansas Pine Bluff","Grambling St.","SWAC","SWAC","A",NA,NA,0.210499397365107,0.36719319961836,0.789142831518436,0.865767541088024,NA,NA,"future",0.134232458911976,-0.865767541088024,0,266,"Q4"
"7502",7502,"Rhode IslandDayton1-27",2026-01-27,"conf","Dayton","Rhode Island","A10","A10","H",NA,NA,0.806502743818976,0.501095551708488,0.87694452176131,0.876470842985361,NA,NA,"future",0.123529157014639,-0.876470842985361,0,133,"Q3"
"7503",7503,"Saint Joseph'sLoyola Chicago1-27",2026-01-27,"conf","Loyola Chicago","Saint Joseph's","A10","A10","H",NA,NA,0.28923647413666,0.441375051805727,0.87694452176131,0.90019487903602,NA,NA,"future",0.0998051209639798,-0.90019487903602,0,192,"Q4"
"7504",7504,"Eastern MichiganCentral Michigan1-27",2026-01-27,"conf","Central Michigan","Eastern Michigan","MAC","MAC","H",NA,NA,0.241994330286212,0.375757933331981,0.87694452176131,0.922112482630347,NA,NA,"future",0.0778875173696529,-0.922112482630347,0,179,"Q4"
"7505",7505,"MissouriAlabama1-27",2026-01-27,"conf","Alabama","Missouri","SEC","SEC","H",NA,NA,0.954434190116709,0.730398132959743,0.87694452176131,0.724554054905934,NA,NA,"future",0.275445945094066,-0.724554054905934,0,70,"Q2"
"7506",7506,"ArkansasOklahoma1-27",2026-01-27,"conf","Oklahoma","Arkansas","SEC","SEC","H",NA,NA,0.795763730228384,0.899851369198693,0.87694452176131,0.442316531859976,NA,NA,"future",0.557683468140024,-0.442316531859976,0,20,"Q1"
"7507",7507,"SyracuseN.C. State1-27",2026-01-27,"conf","N.C. State","Syracuse","ACC","ACC","H",NA,NA,0.928506150979041,0.733076983692956,0.87694452176131,0.721822125891199,NA,NA,"future",0.278177874108801,-0.721822125891199,0,77,"Q3"
"7508",7508,"NebraskaMichigan1-27",2026-01-27,"conf","Michigan","Nebraska","B10","B10","H",NA,NA,0.98755383780862,0.926689461842875,0.87694452176131,0.360520506421061,NA,NA,"future",0.639479493578939,-0.360520506421061,0,7,"Q1"
"7509",7509,"KentuckyVanderbilt1-27",2026-01-27,"conf","Vanderbilt","Kentucky","SEC","SEC","H",NA,NA,0.960919519146125,0.817212751797622,0.87694452176131,0.614491502801326,NA,NA,"future",0.385508497198674,-0.614491502801326,0,31,"Q2"
"7510",7510,"ToledoAkron1-27",2026-01-27,"conf","Akron","Toledo","MAC","MAC","H",NA,NA,0.848029041448943,0.405578446649967,0.87694452176131,0.912622369732399,NA,NA,"future",0.0873776302676009,-0.912622369732399,0,169,"Q4"
"7511",7511,"Tennessee TechTennessee St.1-27",2026-01-27,"conf","Tennessee St.","Tennessee Tech","OVC","OVC","H",NA,NA,0.338648005350723,0.08709095231161,0.87694452176131,0.986790111553305,NA,NA,"future",0.0132098884466947,-0.986790111553305,0,331,"Q4"
"7512",7512,"Kansas St.West Virginia1-27",2026-01-27,"conf","West Virginia","Kansas St.","B12","B12","H",NA,NA,0.87123425331909,0.660770736289095,0.87694452176131,0.785342749205728,NA,NA,"future",0.214657250794272,-0.785342749205728,0,82,"Q3"
"7513",7513,"CreightonMarquette1-27",2026-01-27,"conf","Marquette","Creighton","BE","BE","H",NA,NA,0.679338014949704,0.754064342104998,0.87694452176131,0.699180955753172,NA,NA,"future",0.300819044246828,-0.699180955753172,0,58,"Q2"
"7514",7514,"Wake ForestPittsburgh1-27",2026-01-27,"conf","Pittsburgh","Wake Forest","ACC","ACC","H",NA,NA,0.730765128903465,0.719689280913198,0.87694452176131,0.73514545115225,NA,NA,"future",0.26485454884775,-0.73514545115225,0,67,"Q2"
"7515",7515,"MassachusettsMiami OH1-27",2026-01-27,"conf","Miami OH","Massachusetts","MAC","MAC","H",NA,NA,0.813854927875804,0.413278035203541,0.87694452176131,0.910049454018875,NA,NA,"future",0.0899505459811247,-0.910049454018875,0,195,"Q4"
"7516",7516,"BuffaloBowling Green1-27",2026-01-27,"conf","Bowling Green","Buffalo","MAC","MAC","H",NA,NA,0.717673284740088,0.387632809783295,0.87694452176131,0.918420848754699,NA,NA,"future",0.0815791512453012,-0.918420848754699,0,165,"Q4"
"7517",7517,"Arizona St.UCF1-27",2026-01-27,"conf","UCF","Arizona St.","B12","B12","H",NA,NA,0.866736847529921,0.630271822278081,0.87694452176131,0.806967577765592,NA,NA,"future",0.193032422234408,-0.806967577765592,0,93,"Q3"
"7518",7518,"George WashingtonSaint Louis1-27",2026-01-27,"conf","Saint Louis","George Washington","A10","A10","H",NA,NA,0.934398970437872,0.685508618398289,0.87694452176131,0.765774611648292,NA,NA,"future",0.234225388351708,-0.765774611648292,0,75,"Q2"
"7519",7519,"RichmondVCU1-27",2026-01-27,"conf","VCU","Richmond","A10","A10","H",NA,NA,0.832009910410597,0.505311078308384,0.87694452176131,0.874633481206489,NA,NA,"future",0.125366518793511,-0.874633481206489,0,126,"Q3"
"7520",7520,"TennesseeGeorgia1-27",2026-01-27,"conf","Georgia","Tennessee","SEC","SEC","H",NA,NA,0.91600808149171,0.910843273419277,0.87694452176131,0.410919233587288,NA,NA,"future",0.589080766412712,-0.410919233587288,0,26,"Q1"
"7521",7521,"Michigan St.Rutgers1-27",2026-01-27,"conf","Rutgers","Michigan St.","B10","B10","H",NA,NA,0.593817364755892,0.932129770868875,0.87694452176131,0.341623855432532,NA,NA,"future",0.658376144567468,-0.341623855432532,0,11,"Q1"
"7522",7522,"Indiana St.Illinois Chicago1-27",2026-01-27,"conf","Illinois Chicago","Indiana St.","MVC","MVC","H",NA,NA,0.656335877113298,0.363662236714813,0.87694452176131,0.925760033172288,NA,NA,"future",0.0742399668277122,-0.925760033172288,0,205,"Q4"
"7523",7523,"PurdueIndiana1-27",2026-01-27,"conf","Indiana","Purdue","B10","B10","H",NA,NA,0.929075305570624,0.942325072165618,0.87694452176131,0.303704422926014,NA,NA,"future",0.696295577073986,-0.303704422926014,0,5,"Q1"
"7524",7524,"Georgia TechVirginia Tech1-27",2026-01-27,"conf","Virginia Tech","Georgia Tech","ACC","ACC","H",NA,NA,0.853893151640768,0.493378438439407,0.87694452176131,0.879774473681039,NA,NA,"future",0.120225526318961,-0.879774473681039,0,146,"Q3"
"7525",7525,"New MexicoUNLV1-27",2026-01-27,"conf","UNLV","New Mexico","MWC","MWC","H",NA,NA,0.708634239033289,0.808195778802625,0.87694452176131,0.628428109075613,NA,NA,"future",0.371571890924387,-0.628428109075613,0,42,"Q2"
"7526",7526,"Western MichiganNorthern Illinois1-27",2026-01-27,"conf","Northern Illinois","Western Michigan","MAC","MAC","H",NA,NA,0.231423124479628,0.256976620663072,0.87694452176131,0.953715171476899,NA,NA,"future",0.0462848285231012,-0.953715171476899,0,256,"Q4"
"7527",7527,"VirginiaNotre Dame1-27",2026-01-27,"conf","Notre Dame","Virginia","ACC","ACC","H",NA,NA,0.775906977662226,0.941543118572919,0.87694452176131,0.306736242269756,NA,NA,"future",0.693263757730244,-0.306736242269756,0,13,"Q1"
"7528",7528,"Grand CanyonNevada1-27",2026-01-27,"conf","Nevada","Grand Canyon","MWC","MWC","H",NA,NA,0.843851415463164,0.739302448616464,0.87694452176131,0.715339957295419,NA,NA,"future",0.284660042704581,-0.715339957295419,0,86,"Q3"
"7529",7529,"Boise St.San Jose St.1-27",2026-01-27,"conf","San Jose St.","Boise St.","MWC","MWC","H",NA,NA,0.426462166380668,0.719435859842334,0.87694452176131,0.735389901479989,NA,NA,"future",0.264610098520011,-0.735389901479989,0,71,"Q2"
"7530",7530,"OhioKent St.1-27",2026-01-27,"conf","Kent St.","Ohio","MAC","MAC","H",NA,NA,0.638568943065511,0.300680871365136,0.87694452176131,0.943099418758103,NA,NA,"future",0.0569005812418973,-0.943099418758103,0,216,"Q4"
"7531",7531,"ProvidenceConnecticut1-27",2026-01-27,"conf","Connecticut","Providence","BE","BE","H",NA,NA,0.972195245967499,0.682260447232124,0.87694452176131,0.768458776904752,NA,NA,"future",0.231541223095248,-0.768458776904752,0,89,"Q3"
"7532",7532,"Rhode IslandDayton1-27",2026-01-27,"conf","Rhode Island","Dayton","A10","A10","A",NA,NA,0.501095551708488,0.806502743818976,0.789142831518436,0.473106576585408,NA,NA,"future",0.526893423414592,-0.473106576585408,0,80,"Q2"
"7533",7533,"Saint Joseph'sLoyola Chicago1-27",2026-01-27,"conf","Saint Joseph's","Loyola Chicago","A10","A10","A",NA,NA,0.441375051805727,0.28923647413666,0.789142831518436,0.901930542270354,NA,NA,"future",0.0980694577296459,-0.901930542270354,0,315,"Q4"
"7534",7534,"Eastern MichiganCentral Michigan1-27",2026-01-27,"conf","Eastern Michigan","Central Michigan","MAC","MAC","A",NA,NA,0.375757933331981,0.241994330286212,0.789142831518436,0.921401475256222,NA,NA,"future",0.0785985247437777,-0.921401475256222,0,329,"Q4"
"7535",7535,"MissouriAlabama1-27",2026-01-27,"conf","Missouri","Alabama","SEC","SEC","A",NA,NA,0.730398132959743,0.954434190116709,0.789142831518436,0.151588690123373,NA,NA,"future",0.848411309876627,-0.151588690123373,0,19,"Q1"
"7536",7536,"ArkansasOklahoma1-27",2026-01-27,"conf","Arkansas","Oklahoma","SEC","SEC","A",NA,NA,0.899851369198693,0.795763730228384,0.789142831518436,0.489936745058446,NA,NA,"future",0.510063254941554,-0.489936745058446,0,76,"Q2"
"7537",7537,"SyracuseN.C. State1-27",2026-01-27,"conf","Syracuse","N.C. State","ACC","ACC","A",NA,NA,0.733076983692956,0.928506150979041,0.789142831518436,0.223705894573487,NA,NA,"future",0.776294105426513,-0.223705894573487,0,29,"Q1"
"7538",7538,"NebraskaMichigan1-27",2026-01-27,"conf","Nebraska","Michigan","B10","B10","A",NA,NA,0.926689461842875,0.98755383780862,0.789142831518436,0.0450428444038855,NA,NA,"future",0.954957155596114,-0.0450428444038855,0,1,"Q1"
"7539",7539,"KentuckyVanderbilt1-27",2026-01-27,"conf","Kentucky","Vanderbilt","SEC","SEC","A",NA,NA,0.817212751797622,0.960919519146125,0.789142831518436,0.132101847871506,NA,NA,"future",0.867898152128494,-0.132101847871506,0,16,"Q1"
"7540",7540,"ToledoAkron1-27",2026-01-27,"conf","Toledo","Akron","MAC","MAC","A",NA,NA,0.405578446649967,0.848029041448943,0.789142831518436,0.401442307127826,NA,NA,"future",0.598557692872174,-0.401442307127826,0,54,"Q1"
"7541",7541,"Tennessee TechTennessee St.1-27",2026-01-27,"conf","Tennessee Tech","Tennessee St.","OVC","OVC","A",NA,NA,0.08709095231161,0.338648005350723,0.789142831518436,0.87964697213628,NA,NA,"future",0.120353027863719,-0.87964697213628,0,229,"Q3"
"7542",7542,"Kansas St.West Virginia1-27",2026-01-27,"conf","Kansas St.","West Virginia","B12","B12","A",NA,NA,0.660770736289095,0.87123425331909,0.789142831518436,0.356141766264973,NA,NA,"future",0.643858233735027,-0.356141766264973,0,59,"Q1"
"7543",7543,"CreightonMarquette1-27",2026-01-27,"conf","Creighton","Marquette","BE","BE","A",NA,NA,0.754064342104998,0.679338014949704,0.789142831518436,0.638540499954744,NA,NA,"future",0.361459500045256,-0.638540499954744,0,142,"Q3"
"7544",7544,"Wake ForestPittsburgh1-27",2026-01-27,"conf","Wake Forest","Pittsburgh","ACC","ACC","A",NA,NA,0.719689280913198,0.730765128903465,0.789142831518436,0.579630896823016,NA,NA,"future",0.420369103176984,-0.579630896823016,0,121,"Q2"
"7545",7545,"MassachusettsMiami OH1-27",2026-01-27,"conf","Massachusetts","Miami OH","MAC","MAC","A",NA,NA,0.413278035203541,0.813854927875804,0.789142831518436,0.461205767573537,NA,NA,"future",0.538794232426463,-0.461205767573537,0,49,"Q1"
"7546",7546,"BuffaloBowling Green1-27",2026-01-27,"conf","Buffalo","Bowling Green","MAC","MAC","A",NA,NA,0.387632809783295,0.717673284740088,0.789142831518436,0.595516196130015,NA,NA,"future",0.404483803869985,-0.595516196130015,0,101,"Q2"
"7547",7547,"Arizona St.UCF1-27",2026-01-27,"conf","Arizona St.","UCF","B12","B12","A",NA,NA,0.630271822278081,0.866736847529921,0.789142831518436,0.365251362941497,NA,NA,"future",0.634748637058503,-0.365251362941497,0,39,"Q1"
"7548",7548,"George WashingtonSaint Louis1-27",2026-01-27,"conf","George Washington","Saint Louis","A10","A10","A",NA,NA,0.685508618398289,0.934398970437872,0.789142831518436,0.20807868025584,NA,NA,"future",0.79192131974416,-0.20807868025584,0,22,"Q1"
"7549",7549,"RichmondVCU1-27",2026-01-27,"conf","Richmond","VCU","A10","A10","A",NA,NA,0.505311078308384,0.832009910410597,0.789142831518436,0.430411360912575,NA,NA,"future",0.569588639087425,-0.430411360912575,0,55,"Q1"
"7550",7550,"TennesseeGeorgia1-27",2026-01-27,"conf","Tennessee","Georgia","SEC","SEC","A",NA,NA,0.910843273419277,0.91600808149171,0.789142831518436,0.255490906957154,NA,NA,"future",0.744509093042846,-0.255490906957154,0,24,"Q1"
"7551",7551,"Michigan St.Rutgers1-27",2026-01-27,"conf","Michigan St.","Rutgers","B10","B10","A",NA,NA,0.932129770868875,0.593817364755892,0.789142831518436,0.719099142122945,NA,NA,"future",0.280900857877055,-0.719099142122945,0,153,"Q3"
"7552",7552,"Indiana St.Illinois Chicago1-27",2026-01-27,"conf","Indiana St.","Illinois Chicago","MVC","MVC","A",NA,NA,0.363662236714813,0.656335877113298,0.789142831518436,0.662120554275075,NA,NA,"future",0.337879445724925,-0.662120554275075,0,161,"Q3"
"7553",7553,"PurdueIndiana1-27",2026-01-27,"conf","Purdue","Indiana","B10","B10","A",NA,NA,0.942325072165618,0.929075305570624,0.789142831518436,0.222214997574681,NA,NA,"future",0.777785002425319,-0.222214997574681,0,38,"Q1"
"7554",7554,"Georgia TechVirginia Tech1-27",2026-01-27,"conf","Georgia Tech","Virginia Tech","ACC","ACC","A",NA,NA,0.493378438439407,0.853893151640768,0.789142831518436,0.39038325210195,NA,NA,"future",0.609616747898049,-0.39038325210195,0,51,"Q1"
"7555",7555,"New MexicoUNLV1-27",2026-01-27,"conf","New Mexico","UNLV","MWC","MWC","A",NA,NA,0.808195778802625,0.708634239033289,0.789142831518436,0.606113922037165,NA,NA,"future",0.393886077962835,-0.606113922037165,0,127,"Q2"
"7556",7556,"Western MichiganNorthern Illinois1-27",2026-01-27,"conf","Western Michigan","Northern Illinois","MAC","MAC","A",NA,NA,0.256976620663072,0.231423124479628,0.789142831518436,0.925536135207541,NA,NA,"future",0.0744638647924589,-0.925536135207541,0,312,"Q4"
"7557",7557,"VirginiaNotre Dame1-27",2026-01-27,"conf","Virginia","Notre Dame","ACC","ACC","A",NA,NA,0.941543118572919,0.775906977662226,0.789142831518436,0.519438937310661,NA,NA,"future",0.480561062689339,-0.519438937310661,0,81,"Q2"
"7558",7558,"Grand CanyonNevada1-27",2026-01-27,"conf","Grand Canyon","Nevada","MWC","MWC","A",NA,NA,0.739302448616464,0.843851415463164,0.789142831518436,0.409168925081937,NA,NA,"future",0.590831074918063,-0.409168925081937,0,65,"Q1"
"7559",7559,"Boise St.San Jose St.1-27",2026-01-27,"conf","Boise St.","San Jose St.","MWC","MWC","A",NA,NA,0.719435859842334,0.426462166380668,0.789142831518436,0.834251951782731,NA,NA,"future",0.165748048217269,-0.834251951782731,0,259,"Q4"
"7560",7560,"OhioKent St.1-27",2026-01-27,"conf","Ohio","Kent St.","MAC","MAC","A",NA,NA,0.300680871365136,0.638568943065511,0.789142831518436,0.679311168960651,NA,NA,"future",0.320688831039349,-0.679311168960651,0,148,"Q3"
"7561",7561,"ProvidenceConnecticut1-27",2026-01-27,"conf","Providence","Connecticut","BE","BE","A",NA,NA,0.682260447232124,0.972195245967499,0.789142831518436,0.0966876003580351,NA,NA,"future",0.903312399641965,-0.0966876003580351,0,8,"Q1"
"7562",7562,"BelmontValparaiso1-28",2026-01-28,"conf","Valparaiso","Belmont","MVC","MVC","H",NA,NA,0.617432819487282,0.686175756192134,0.87694452176131,0.76521878965505,NA,NA,"future",0.23478121034495,-0.76521878965505,0,64,"Q2"
"7563",7563,"RiceEast Carolina1-28",2026-01-28,"conf","East Carolina","Rice","Amer","Amer","H",NA,NA,0.262679066039086,0.305946467034478,0.87694452176131,0.941747346673167,NA,NA,"future",0.0582526533268328,-0.941747346673167,0,253,"Q4"
"7564",7564,"Oregon St.Loyola Marymount1-28",2026-01-28,"conf","Loyola Marymount","Oregon St.","WCC","WCC","H",NA,NA,0.569167328627858,0.33310428152549,0.87694452176131,0.934501532774554,NA,NA,"future",0.0654984672254456,-0.934501532774554,0,213,"Q4"
"7565",7565,"ButlerSt. John's1-28",2026-01-28,"conf","St. John's","Butler","BE","BE","H",NA,NA,0.941505441293299,0.761292597156938,0.87694452176131,0.690835707123408,NA,NA,"future",0.309164292876592,-0.690835707123408,0,48,"Q2"
"7566",7566,"HoustonTCU1-28",2026-01-28,"conf","TCU","Houston","B12","B12","H",NA,NA,0.865296099885822,0.960500923846367,0.87694452176131,0.226642204378726,NA,NA,"future",0.773357795621274,-0.226642204378726,0,10,"Q1"
"7567",7567,"West GeorgiaBellarmine1-28",2026-01-28,"conf","Bellarmine","West Georgia","ASun","ASun","H",NA,NA,0.246363301451693,0.124454025605907,0.87694452176131,0.980443929756687,NA,NA,"future",0.0195560702433134,-0.980443929756687,0,322,"Q4"
"7568",7568,"BaylorCincinnati1-28",2026-01-28,"conf","Cincinnati","Baylor","B12","B12","H",NA,NA,0.873465038086542,0.740905781509242,0.87694452176131,0.713639564464455,NA,NA,"future",0.286360435535545,-0.713639564464455,0,53,"Q2"
"7569",7569,"Western KentuckyKennesaw St.1-28",2026-01-28,"conf","Kennesaw St.","Western Kentucky","CUSA","CUSA","H",NA,NA,0.57740333990607,0.381373069076346,0.87694452176131,0.920380838248542,NA,NA,"future",0.0796191617514583,-0.920380838248542,0,167,"Q4"
"7570",7570,"Central ArkansasQueens1-28",2026-01-28,"conf","Queens","Central Arkansas","ASun","ASun","H",NA,NA,0.515663678728228,0.418552667589624,0.87694452176131,0.908256159397106,NA,NA,"future",0.0917438406028938,-0.908256159397106,0,206,"Q4"
"7571",7571,"MarshallTexas St.1-28",2026-01-28,"conf","Texas St.","Marshall","SB","SB","H",NA,NA,0.382567816926111,0.405108655210775,0.87694452176131,0.912777664866289,NA,NA,"future",0.087222335133711,-0.912777664866289,0,138,"Q3"
"7572",7572,"XavierSeton Hall1-28",2026-01-28,"conf","Seton Hall","Xavier","BE","BE","H",NA,NA,0.873855128810157,0.650772325033312,0.87694452176131,0.792715583981746,NA,NA,"future",0.207284416018254,-0.792715583981746,0,94,"Q3"
"7573",7573,"StanfordMiami FL1-28",2026-01-28,"conf","Miami FL","Stanford","ACC","ACC","H",NA,NA,0.882624997146115,0.712676563861534,0.87694452176131,0.741808445428602,NA,NA,"future",0.258191554571398,-0.741808445428602,0,68,"Q2"
"7574",7574,"Sam Houston St.Missouri St.1-28",2026-01-28,"conf","Missouri St.","Sam Houston St.","CUSA","CUSA","H",NA,NA,0.618345928322213,0.562519903891757,0.87694452176131,0.847149015990964,NA,NA,"future",0.152850984009036,-0.847149015990964,0,105,"Q3"
"7575",7575,"Northern IowaSouthern Illinois1-28",2026-01-28,"conf","Southern Illinois","Northern Iowa","MVC","MVC","H",NA,NA,0.58926743721773,0.62119758035374,0.87694452176131,0.812931803778752,NA,NA,"future",0.187068196221248,-0.812931803778752,0,102,"Q3"
"7576",7576,"Illinois St.Murray St.1-28",2026-01-28,"conf","Murray St.","Illinois St.","MVC","MVC","H",NA,NA,0.768671365816874,0.699786014575313,0.87694452176131,0.753530147840397,NA,NA,"future",0.246469852159603,-0.753530147840397,0,79,"Q3"
"7577",7577,"USCIowa1-28",2026-01-28,"conf","Iowa","USC","B10","B10","H",NA,NA,0.951016965997977,0.749858766690896,0.87694452176131,0.703902122457448,NA,NA,"future",0.296097877542552,-0.703902122457448,0,56,"Q2"
"7578",7578,"La SalleFordham1-28",2026-01-28,"conf","Fordham","La Salle","A10","A10","H",NA,NA,0.520630114053518,0.347282363436385,0.87694452176131,0.930527128014643,NA,NA,"future",0.0694728719853572,-0.930527128014643,0,227,"Q4"
"7579",7579,"UCLAOregon1-28",2026-01-28,"conf","Oregon","UCLA","B10","B10","H",NA,NA,0.81299290274961,0.799123308329882,0.87694452176131,0.64175383145719,NA,NA,"future",0.35824616854281,-0.64175383145719,0,40,"Q2"
"7580",7580,"San DiegoPepperdine1-28",2026-01-28,"conf","Pepperdine","San Diego","WCC","WCC","H",NA,NA,0.346226240798316,0.386813607349022,0.87694452176131,0.918679146869904,NA,NA,"future",0.081320853130096,-0.918679146869904,0,208,"Q4"
"7581",7581,"SeattleWashington St.1-28",2026-01-28,"conf","Washington St.","Seattle","WCC","WCC","H",NA,NA,0.640213899600399,0.605972048235407,0.87694452176131,0.822502708405666,NA,NA,"future",0.177497291594334,-0.822502708405666,0,114,"Q3"
"7582",7582,"DavidsonGeorge Mason1-28",2026-01-28,"conf","George Mason","Davidson","A10","A10","H",NA,NA,0.758834600748699,0.541996731296271,0.87694452176131,0.857591084116218,NA,NA,"future",0.142408915883782,-0.857591084116218,0,119,"Q3"
"7583",7583,"St. BonaventureDuquesne1-28",2026-01-28,"conf","Duquesne","St. Bonaventure","A10","A10","H",NA,NA,0.664548733997581,0.42887918075561,0.87694452176131,0.904670714557104,NA,NA,"future",0.0953292854428963,-0.904670714557104,0,144,"Q3"
"7584",7584,"OaklandPurdue Fort Wayne1-28",2026-01-28,"conf","Purdue Fort Wayne","Oakland","Horz","Horz","H",NA,NA,0.440919826703015,0.482772141388938,0.87694452176131,0.884192673060866,NA,NA,"future",0.115807326939134,-0.884192673060866,0,135,"Q3"
"7585",7585,"AmericanLoyola MD1-28",2026-01-28,"conf","Loyola MD","American","Pat","Pat","H",NA,NA,0.162152229273016,0.351681313504199,0.87694452176131,0.929265785702261,NA,NA,"future",0.0707342142977385,-0.929265785702261,0,228,"Q4"
"7586",7586,"NavyBoston University1-28",2026-01-28,"conf","Boston University","Navy","Pat","Pat","H",NA,NA,0.285090150805246,0.313792818654193,0.87694452176131,0.939701501811385,NA,NA,"future",0.0602984981886153,-0.939701501811385,0,193,"Q4"
"7587",7587,"Mississippi St.LSU1-28",2026-01-28,"conf","LSU","Mississippi St.","SEC","SEC","H",NA,NA,0.86991035902452,0.637216067206247,0.87694452176131,0.802264340981144,NA,NA,"future",0.197735659018856,-0.802264340981144,0,99,"Q3"
"7588",7588,"San FranciscoSanta Clara1-28",2026-01-28,"conf","Santa Clara","San Francisco","WCC","WCC","H",NA,NA,0.904534982736246,0.598637247467795,0.87694452176131,0.826929190551848,NA,NA,"future",0.173070809448152,-0.826929190551848,0,107,"Q3"
"7589",7589,"South Dakota St.Nebraska Omaha1-28",2026-01-28,"conf","Nebraska Omaha","South Dakota St.","Sum","Sum","H",NA,NA,0.38253352780429,0.37728213329656,0.87694452176131,0.921644883236383,NA,NA,"future",0.0783551167636174,-0.921644883236383,0,180,"Q4"
"7590",7590,"Colorado St.San Diego St.1-28",2026-01-28,"conf","San Diego St.","Colorado St.","MWC","MWC","H",NA,NA,0.88804009035819,0.62699617671433,0.87694452176131,0.809143842490246,NA,NA,"future",0.190856157509754,-0.809143842490246,0,92,"Q3"
"7591",7591,"Louisiana TechUTEP1-28",2026-01-28,"conf","UTEP","Louisiana Tech","CUSA","CUSA","H",NA,NA,0.346704940492434,0.208034428147825,0.87694452176131,0.964450169222807,NA,NA,"future",0.0355498307771926,-0.964450169222807,0,264,"Q4"
"7592",7592,"EvansvilleDrake1-28",2026-01-28,"conf","Drake","Evansville","MVC","MVC","H",NA,NA,0.53888123509143,0.195465563513328,0.87694452176131,0.967031802152611,NA,NA,"future",0.0329681978473889,-0.967031802152611,0,284,"Q4"
"7593",7593,"Jacksonville St.FIU1-28",2026-01-28,"conf","FIU","Jacksonville St.","CUSA","CUSA","H",NA,NA,0.568091309363212,0.295930609897491,0.87694452176131,0.944305079945083,NA,NA,"future",0.0556949200549175,-0.944305079945083,0,245,"Q4"
"7594",7594,"UABUTSA1-28",2026-01-28,"conf","UTSA","UAB","Amer","Amer","H",NA,NA,0.118500483117376,0.524998488358512,0.87694452176131,0.865731238499826,NA,NA,"future",0.134268761500174,-0.865731238499826,0,122,"Q3"
"7595",7595,"MinnesotaWisconsin1-28",2026-01-28,"conf","Wisconsin","Minnesota","B10","B10","H",NA,NA,0.913235229454143,0.730929552070615,0.87694452176131,0.724014798467854,NA,NA,"future",0.275985201532146,-0.724014798467854,0,83,"Q3"
"7596",7596,"LehighArmy1-28",2026-01-28,"conf","Army","Lehigh","Pat","Pat","H",NA,NA,0.208126264319721,0.155993773443698,0.87694452176131,0.974720382753838,NA,NA,"future",0.0252796172461617,-0.974720382753838,0,298,"Q4"
"7597",7597,"South FloridaTulane1-28",2026-01-28,"conf","Tulane","South Florida","Amer","Amer","H",NA,NA,0.499347286934666,0.716094166023229,0.87694452176131,0.738587386794364,NA,NA,"future",0.261412613205636,-0.738587386794364,0,66,"Q2"
"7598",7598,"DelawareNew Mexico St.1-28",2026-01-28,"conf","New Mexico St.","Delaware","CUSA","CUSA","H",NA,NA,0.670484002673614,0.176954731417496,0.87694452176131,0.970714096550497,NA,NA,"future",0.0292859034495031,-0.970714096550497,0,300,"Q4"
"7599",7599,"Old DominionArkansas St.1-28",2026-01-28,"conf","Arkansas St.","Old Dominion","SB","SB","H",NA,NA,0.643792601240604,0.270343466440864,0.87694452176131,0.950578683851748,NA,NA,"future",0.0494213161482524,-0.950578683851748,0,250,"Q4"
"7600",7600,"IU IndyRobert Morris1-28",2026-01-28,"conf","Robert Morris","IU Indy","Horz","Horz","H",NA,NA,0.517536678288298,0.178820401046325,0.87694452176131,0.970349240873804,NA,NA,"future",0.0296507591261961,-0.970349240873804,0,310,"Q4"
"7601",7601,"WyomingUtah St.1-28",2026-01-28,"conf","Utah St.","Wyoming","MWC","MWC","H",NA,NA,0.914720101774999,0.628540397083757,0.87694452176131,0.80812121966831,NA,NA,"future",0.19187878033169,-0.80812121966831,0,100,"Q3"
"7602",7602,"CharlotteTemple1-28",2026-01-28,"conf","Temple","Charlotte","Amer","Amer","H",NA,NA,0.639379701297134,0.408184823211502,0.87694452176131,0.911757290865428,NA,NA,"future",0.0882427091345716,-0.911757290865428,0,173,"Q4"
"7603",7603,"PortlandPacific1-28",2026-01-28,"conf","Pacific","Portland","WCC","WCC","H",NA,NA,0.675830586238256,0.394760979258516,0.87694452176131,0.916150061931773,NA,NA,"future",0.0838499380682269,-0.916150061931773,0,215,"Q4"
"7604",7604,"FloridaSouth Carolina1-28",2026-01-28,"conf","South Carolina","Florida","SEC","SEC","H",NA,NA,0.817726977948728,0.940366182041113,0.87694452176131,0.311259394238092,NA,NA,"future",0.688740605761908,-0.311259394238092,0,14,"Q1"
"7605",7605,"DenverUMKC1-28",2026-01-28,"conf","UMKC","Denver","Sum","Sum","H",NA,NA,0.148903257972366,0.263838573314094,0.87694452176131,0.952116681640977,NA,NA,"future",0.0478833183590227,-0.952116681640977,0,251,"Q4"
"7606",7606,"Austin PeayEastern Kentucky1-28",2026-01-28,"conf","Eastern Kentucky","Austin Peay","ASun","ASun","H",NA,NA,0.353630994291055,0.467994966707812,0.87694452176131,0.890123562109543,NA,NA,"future",0.109876437890457,-0.890123562109543,0,149,"Q3"
"7607",7607,"DePaulGeorgetown1-28",2026-01-28,"conf","Georgetown","DePaul","BE","BE","H",NA,NA,0.736066932523059,0.57837139577554,0.87694452176131,0.838582265959197,NA,NA,"future",0.161417734040803,-0.838582265959197,0,113,"Q3"
"7608",7608,"CaliforniaFlorida St.1-28",2026-01-28,"conf","Florida St.","California","ACC","ACC","H",NA,NA,0.714263605095652,0.717957478164634,0.87694452176131,0.736810404185855,NA,NA,"future",0.263189595814145,-0.736810404185855,0,60,"Q2"
"7609",7609,"Holy CrossColgate1-28",2026-01-28,"conf","Colgate","Holy Cross","Pat","Pat","H",NA,NA,0.520482639527122,0.118107022625567,0.87694452176131,0.981553972347959,NA,NA,"future",0.0184460276520411,-0.981553972347959,0,314,"Q4"
"7610",7610,"TexasAuburn1-28",2026-01-28,"conf","Auburn","Texas","SEC","SEC","H",NA,NA,0.914477539067104,0.805200835828333,0.87694452176131,0.632901780263016,NA,NA,"future",0.367098219736984,-0.632901780263016,0,43,"Q2"
"7611",7611,"North TexasTulsa1-28",2026-01-28,"conf","Tulsa","North Texas","Amer","Amer","H",NA,NA,0.855650066325967,0.455092616735083,0.87694452176131,0.895099567727526,NA,NA,"future",0.104900432272474,-0.895099567727526,0,147,"Q3"
"7612",7612,"BelmontValparaiso1-28",2026-01-28,"conf","Belmont","Valparaiso","MVC","MVC","A",NA,NA,0.686175756192134,0.617432819487282,0.789142831518436,0.69869691398021,NA,NA,"future",0.30130308601979,-0.69869691398021,0,171,"Q3"
"7613",7613,"RiceEast Carolina1-28",2026-01-28,"conf","Rice","East Carolina","Amer","Amer","A",NA,NA,0.305946467034478,0.262679066039086,0.789142831518436,0.913081687465795,NA,NA,"future",0.0869183125342055,-0.913081687465795,0,299,"Q4"
"7614",7614,"Oregon St.Loyola Marymount1-28",2026-01-28,"conf","Oregon St.","Loyola Marymount","WCC","WCC","A",NA,NA,0.33310428152549,0.569167328627858,0.789142831518436,0.739103014549339,NA,NA,"future",0.260896985450661,-0.739103014549339,0,170,"Q3"
"7615",7615,"ButlerSt. John's1-28",2026-01-28,"conf","Butler","St. John's","BE","BE","A",NA,NA,0.761292597156938,0.941505441293299,0.789142831518436,0.188653986484811,NA,NA,"future",0.811346013515189,-0.188653986484811,0,23,"Q1"
"7616",7616,"HoustonTCU1-28",2026-01-28,"conf","Houston","TCU","B12","B12","A",NA,NA,0.960500923846367,0.865296099885822,0.789142831518436,0.368134924888612,NA,NA,"future",0.631865075111388,-0.368134924888612,0,46,"Q1"
"7617",7617,"West GeorgiaBellarmine1-28",2026-01-28,"conf","West Georgia","Bellarmine","ASun","ASun","A",NA,NA,0.124454025605907,0.246363301451693,0.789142831518436,0.919669832563784,NA,NA,"future",0.080330167436216,-0.919669832563784,0,291,"Q4"
"7618",7618,"BaylorCincinnati1-28",2026-01-28,"conf","Baylor","Cincinnati","B12","B12","A",NA,NA,0.740905781509242,0.873465038086542,0.789142831518436,0.351561364376916,NA,NA,"future",0.648438635623084,-0.351561364376916,0,72,"Q1"
"7619",7619,"Western KentuckyKennesaw St.1-28",2026-01-28,"conf","Western Kentucky","Kennesaw St.","CUSA","CUSA","A",NA,NA,0.381373069076346,0.57740333990607,0.789142831518436,0.732558726349593,NA,NA,"future",0.267441273650407,-0.732558726349593,0,159,"Q3"
"7620",7620,"Central ArkansasQueens1-28",2026-01-28,"conf","Central Arkansas","Queens","ASun","ASun","A",NA,NA,0.418552667589624,0.515663678728228,0.789142831518436,0.77852495592304,NA,NA,"future",0.22147504407696,-0.77852495592304,0,183,"Q3"
"7621",7621,"MarshallTexas St.1-28",2026-01-28,"conf","Marshall","Texas St.","SB","SB","A",NA,NA,0.405108655210775,0.382567816926111,0.789142831518436,0.857957670648498,NA,NA,"future",0.142042329351502,-0.857957670648498,0,265,"Q4"
"7622",7622,"XavierSeton Hall1-28",2026-01-28,"conf","Xavier","Seton Hall","BE","BE","A",NA,NA,0.650772325033312,0.873855128810157,0.789142831518436,0.350756125662828,NA,NA,"future",0.649243874337172,-0.350756125662828,0,45,"Q1"
"7623",7623,"StanfordMiami FL1-28",2026-01-28,"conf","Stanford","Miami FL","ACC","ACC","A",NA,NA,0.712676563861534,0.882624997146115,0.789142831518436,0.332309029138053,NA,NA,"future",0.667690970861947,-0.332309029138053,0,37,"Q1"
"7624",7624,"Sam Houston St.Missouri St.1-28",2026-01-28,"conf","Sam Houston St.","Missouri St.","CUSA","CUSA","A",NA,NA,0.562519903891757,0.618345928322213,0.789142831518436,0.697882118549372,NA,NA,"future",0.302117881450628,-0.697882118549372,0,191,"Q3"
"7625",7625,"Northern IowaSouthern Illinois1-28",2026-01-28,"conf","Northern Iowa","Southern Illinois","MVC","MVC","A",NA,NA,0.62119758035374,0.58926743721773,0.789142831518436,0.722887195145564,NA,NA,"future",0.277112804854436,-0.722887195145564,0,143,"Q3"
"7626",7626,"Illinois St.Murray St.1-28",2026-01-28,"conf","Illinois St.","Murray St.","MVC","MVC","A",NA,NA,0.699786014575313,0.768671365816874,0.789142831518436,0.52970054022595,NA,NA,"future",0.47029945977405,-0.52970054022595,0,74,"Q1"
"7627",7627,"USCIowa1-28",2026-01-28,"conf","USC","Iowa","B10","B10","A",NA,NA,0.749858766690896,0.951016965997977,0.789142831518436,0.161610786773865,NA,NA,"future",0.838389213226135,-0.161610786773865,0,21,"Q1"
"7628",7628,"La SalleFordham1-28",2026-01-28,"conf","La Salle","Fordham","A10","A10","A",NA,NA,0.347282363436385,0.520630114053518,0.789142831518436,0.775076087478428,NA,NA,"future",0.224923912521572,-0.775076087478428,0,226,"Q3"
"7629",7629,"UCLAOregon1-28",2026-01-28,"conf","UCLA","Oregon","B10","B10","A",NA,NA,0.799123308329882,0.81299290274961,0.789142831518436,0.462617524270081,NA,NA,"future",0.537382475729919,-0.462617524270081,0,104,"Q2"
"7630",7630,"San DiegoPepperdine1-28",2026-01-28,"conf","San Diego","Pepperdine","WCC","WCC","A",NA,NA,0.386813607349022,0.346226240798316,0.789142831518436,0.876038094973127,NA,NA,"future",0.123961905026873,-0.876038094973127,0,267,"Q4"
"7631",7631,"SeattleWashington St.1-28",2026-01-28,"conf","Seattle","Washington St.","WCC","WCC","A",NA,NA,0.605972048235407,0.640213899600399,0.789142831518436,0.67775499260287,NA,NA,"future",0.32224500739713,-0.67775499260287,0,156,"Q3"
"7632",7632,"DavidsonGeorge Mason1-28",2026-01-28,"conf","Davidson","George Mason","A10","A10","A",NA,NA,0.541996731296271,0.758834600748699,0.789142831518436,0.543257964252141,NA,NA,"future",0.456742035747859,-0.543257964252141,0,63,"Q1"
"7633",7633,"St. BonaventureDuquesne1-28",2026-01-28,"conf","St. Bonaventure","Duquesne","A10","A10","A",NA,NA,0.42887918075561,0.664548733997581,0.789142831518436,0.653879211488026,NA,NA,"future",0.346120788511974,-0.653879211488026,0,155,"Q3"
"7634",7634,"OaklandPurdue Fort Wayne1-28",2026-01-28,"conf","Oakland","Purdue Fort Wayne","Horz","Horz","A",NA,NA,0.482772141388938,0.440919826703015,0.789142831518436,0.825950654976162,NA,NA,"future",0.174049345023838,-0.825950654976162,0,210,"Q3"
"7635",7635,"AmericanLoyola MD1-28",2026-01-28,"conf","American","Loyola MD","Pat","Pat","A",NA,NA,0.351681313504199,0.162152229273016,0.789142831518436,0.95083072908287,NA,NA,"future",0.0491692709171297,-0.95083072908287,0,340,"Q4"
"7636",7636,"NavyBoston University1-28",2026-01-28,"conf","Navy","Boston University","Pat","Pat","A",NA,NA,0.313792818654193,0.285090150805246,0.789142831518436,0.903707677893,NA,NA,"future",0.0962923221069998,-0.903707677893,0,292,"Q4"
"7637",7637,"Mississippi St.LSU1-28",2026-01-28,"conf","Mississippi St.","LSU","SEC","SEC","A",NA,NA,0.637216067206247,0.86991035902452,0.789142831518436,0.358840545849542,NA,NA,"future",0.641159454150458,-0.358840545849542,0,50,"Q1"
"7638",7638,"San FranciscoSanta Clara1-28",2026-01-28,"conf","San Francisco","Santa Clara","WCC","WCC","A",NA,NA,0.598637247467795,0.904534982736246,0.789142831518436,0.28314899833366,NA,NA,"future",0.716851001666339,-0.28314899833366,0,44,"Q1"
"7639",7639,"South Dakota St.Nebraska Omaha1-28",2026-01-28,"conf","South Dakota St.","Nebraska Omaha","Sum","Sum","A",NA,NA,0.37728213329656,0.38253352780429,0.789142831518436,0.857975360620707,NA,NA,"future",0.142024639379293,-0.857975360620707,0,281,"Q4"
"7640",7640,"Colorado St.San Diego St.1-28",2026-01-28,"conf","Colorado St.","San Diego St.","MWC","MWC","A",NA,NA,0.62699617671433,0.88804009035819,0.789142831518436,0.320579556111625,NA,NA,"future",0.679420443888375,-0.320579556111625,0,52,"Q1"
"7641",7641,"Louisiana TechUTEP1-28",2026-01-28,"conf","Louisiana Tech","UTEP","CUSA","CUSA","A",NA,NA,0.208034428147825,0.346704940492434,0.789142831518436,0.87580832614611,NA,NA,"future",0.12419167385389,-0.87580832614611,0,276,"Q4"
"7642",7642,"EvansvilleDrake1-28",2026-01-28,"conf","Evansville","Drake","MVC","MVC","A",NA,NA,0.195465563513328,0.53888123509143,0.789142831518436,0.762045499978807,NA,NA,"future",0.237954500021193,-0.762045499978807,0,166,"Q3"
"7643",7643,"Jacksonville St.FIU1-28",2026-01-28,"conf","Jacksonville St.","FIU","CUSA","CUSA","A",NA,NA,0.295930609897491,0.568091309363212,0.789142831518436,0.739948017865934,NA,NA,"future",0.260051982134066,-0.739948017865934,0,198,"Q3"
"7644",7644,"UABUTSA1-28",2026-01-28,"conf","UAB","UTSA","Amer","Amer","A",NA,NA,0.524998488358512,0.118500483117376,0.789142831518436,0.96532593406337,NA,NA,"future",0.0346740659366295,-0.96532593406337,0,349,"Q4"
"7645",7645,"MinnesotaWisconsin1-28",2026-01-28,"conf","Minnesota","Wisconsin","B10","B10","A",NA,NA,0.730929552070615,0.913235229454143,0.789142831518436,0.262304234633571,NA,NA,"future",0.737695765366429,-0.262304234633571,0,36,"Q1"
"7646",7646,"LehighArmy1-28",2026-01-28,"conf","Lehigh","Army","Pat","Pat","A",NA,NA,0.155993773443698,0.208126264319721,0.789142831518436,0.934381268827168,NA,NA,"future",0.0656187311728325,-0.934381268827168,0,320,"Q4"
"7647",7647,"South FloridaTulane1-28",2026-01-28,"conf","South Florida","Tulane","Amer","Amer","A",NA,NA,0.716094166023229,0.499347286934666,0.789142831518436,0.789576940282949,NA,NA,"future",0.210423059717051,-0.789576940282949,0,202,"Q3"
"7648",7648,"DelawareNew Mexico St.1-28",2026-01-28,"conf","Delaware","New Mexico St.","CUSA","CUSA","A",NA,NA,0.176954731417496,0.670484002673614,0.789142831518436,0.64780196307496,NA,NA,"future",0.35219803692504,-0.64780196307496,0,140,"Q3"
"7649",7649,"Old DominionArkansas St.1-28",2026-01-28,"conf","Old Dominion","Arkansas St.","SB","SB","A",NA,NA,0.270343466440864,0.643792601240604,0.789142831518436,0.674344903439392,NA,NA,"future",0.325655096560608,-0.674344903439392,0,141,"Q3"
"7650",7650,"IU IndyRobert Morris1-28",2026-01-28,"conf","IU Indy","Robert Morris","Horz","Horz","A",NA,NA,0.178820401046325,0.517536678288298,0.789142831518436,0.777229028620444,NA,NA,"future",0.222770971379556,-0.777229028620444,0,186,"Q3"
"7651",7651,"WyomingUtah St.1-28",2026-01-28,"conf","Wyoming","Utah St.","MWC","MWC","A",NA,NA,0.628540397083757,0.914720101774999,0.789142831518436,0.25866611800377,NA,NA,"future",0.74133388199623,-0.25866611800377,0,25,"Q1"
"7652",7652,"CharlotteTemple1-28",2026-01-28,"conf","Charlotte","Temple","Amer","Amer","A",NA,NA,0.408184823211502,0.639379701297134,0.789142831518436,0.67854505050098,NA,NA,"future",0.32145494949902,-0.67854505050098,0,154,"Q3"
"7653",7653,"PortlandPacific1-28",2026-01-28,"conf","Portland","Pacific","WCC","WCC","A",NA,NA,0.394760979258516,0.675830586238256,0.789142831518436,0.642237814640784,NA,NA,"future",0.357762185359216,-0.642237814640784,0,110,"Q2"
"7654",7654,"FloridaSouth Carolina1-28",2026-01-28,"conf","Florida","South Carolina","SEC","SEC","A",NA,NA,0.940366182041113,0.817726977948728,0.789142831518436,0.454809537531623,NA,NA,"future",0.545190462468377,-0.454809537531623,0,85,"Q2"
"7655",7655,"DenverUMKC1-28",2026-01-28,"conf","Denver","UMKC","Sum","Sum","A",NA,NA,0.263838573314094,0.148903257972366,0.789142831518436,0.955340268216691,NA,NA,"future",0.0446597317833091,-0.955340268216691,0,346,"Q4"
"7656",7656,"Austin PeayEastern Kentucky1-28",2026-01-28,"conf","Austin Peay","Eastern Kentucky","ASun","ASun","A",NA,NA,0.467994966707812,0.353630994291055,0.789142831518436,0.872459573266937,NA,NA,"future",0.127540426733063,-0.872459573266937,0,262,"Q4"
"7657",7657,"DePaulGeorgetown1-28",2026-01-28,"conf","DePaul","Georgetown","BE","BE","A",NA,NA,0.57837139577554,0.736066932523059,0.789142831518436,0.573009575192196,NA,NA,"future",0.426990424807804,-0.573009575192196,0,118,"Q2"
"7658",7658,"CaliforniaFlorida St.1-28",2026-01-28,"conf","California","Florida St.","ACC","ACC","A",NA,NA,0.717957478164634,0.714263605095652,0.789142831518436,0.599548438685226,NA,NA,"future",0.400451561314774,-0.599548438685226,0,115,"Q2"
"7659",7659,"Holy CrossColgate1-28",2026-01-28,"conf","Holy Cross","Colgate","Pat","Pat","A",NA,NA,0.118107022625567,0.520482639527122,0.789142831518436,0.775179083646094,NA,NA,"future",0.224820916353906,-0.775179083646094,0,196,"Q3"
"7660",7660,"TexasAuburn1-28",2026-01-28,"conf","Texas","Auburn","SEC","SEC","A",NA,NA,0.805200835828333,0.914477539067104,0.789142831518436,0.259262066114196,NA,NA,"future",0.740737933885804,-0.259262066114196,0,34,"Q1"
"7661",7661,"North TexasTulsa1-28",2026-01-28,"conf","North Texas","Tulsa","Amer","Amer","A",NA,NA,0.455092616735083,0.855650066325967,0.789142831518436,0.387020296107445,NA,NA,"future",0.612979703892555,-0.387020296107445,0,47,"Q1"
"7662",7662,"UMBCVermont1-29",2026-01-29,"conf","Vermont","UMBC","AE","AE","H",NA,NA,0.446282341818913,0.209748829553563,0.87694452176131,0.96409275773184,NA,NA,"future",0.0359072422681594,-0.96409275773184,0,274,"Q4"
"7663",7663,"Coastal CarolinaSouth Alabama1-29",2026-01-29,"conf","South Alabama","Coastal Carolina","SB","SB","H",NA,NA,0.456678516291553,0.252170326443001,0.87694452176131,0.954820456841901,NA,NA,"future",0.0451795431580991,-0.954820456841901,0,235,"Q4"
"7664",7664,"LongwoodUSC Upstate1-29",2026-01-29,"conf","USC Upstate","Longwood","BSth","BSth","H",NA,NA,0.283031250289585,0.192892523448795,0.87694452176131,0.967552055004814,NA,NA,"future",0.0324479449951863,-0.967552055004814,0,271,"Q4"
"7665",7665,"NJITAlbany1-29",2026-01-29,"conf","Albany","NJIT","AE","AE","H",NA,NA,0.305119018679747,0.108362596707915,0.87694452176131,0.983232201292529,NA,NA,"future",0.0167677987074712,-0.983232201292529,0,332,"Q4"
"7666",7666,"North Carolina A&TMonmouth1-29",2026-01-29,"conf","Monmouth","North Carolina A&T","CAA","CAA","H",NA,NA,0.470690741874601,0.167266946360123,0.87694452176131,0.97258668982768,NA,NA,"future",0.0274133101723195,-0.97258668982768,0,270,"Q4"
"7667",7667,"SIU EdwardsvilleMorehead St.1-29",2026-01-29,"conf","Morehead St.","SIU Edwardsville","OVC","OVC","H",NA,NA,0.270894090214231,0.222517010562244,0.87694452176131,0.961389918559662,NA,NA,"future",0.0386100814403375,-0.961389918559662,0,255,"Q4"
"7668",7668,"Montana St.Sacramento St.1-29",2026-01-29,"conf","Sacramento St.","Montana St.","BSky","BSky","H",NA,NA,0.304984656110273,0.518194021185584,0.87694452176131,0.868869531125587,NA,NA,"future",0.131130468874413,-0.868869531125587,0,134,"Q3"
"7669",7669,"William & MaryElon1-29",2026-01-29,"conf","Elon","William & Mary","CAA","CAA","H",NA,NA,0.576866467930946,0.532570409595156,0.87694452176131,0.862159378953457,NA,NA,"future",0.137840621046543,-0.862159378953457,0,108,"Q3"
"7670",7670,"Southeast Missouri St.Western Illinois1-29",2026-01-29,"conf","Western Illinois","Southeast Missouri St.","OVC","OVC","H",NA,NA,0.107692571655567,0.215113414869716,0.87694452176131,0.962966020309848,NA,NA,"future",0.0370339796901523,-0.962966020309848,0,242,"Q4"
"7671",7671,"BryantBinghamton1-29",2026-01-29,"conf","Binghamton","Bryant","AE","AE","H",NA,NA,0.0832959988038982,0.0698036017290083,0.87694452176131,0.989579639055569,NA,NA,"future",0.0104203609444309,-0.989579639055569,0,345,"Q4"
"7672",7672,"StetsonNorth Florida1-29",2026-01-29,"conf","North Florida","Stetson","ASun","ASun","H",NA,NA,0.222890542562906,0.131178587745499,0.87694452176131,0.979252959192397,NA,NA,"future",0.020747040807603,-0.979252959192397,0,327,"Q4"
"7673",7673,"New HavenMercyhurst1-29",2026-01-29,"conf","Mercyhurst","New Haven","NEC","NEC","H",NA,NA,0.319386016835833,0.109352159726003,0.87694452176131,0.983063190078944,NA,NA,"future",0.0169368099210561,-0.983063190078944,0,326,"Q4"
"7674",7674,"LindenwoodSouthern Indiana1-29",2026-01-29,"conf","Southern Indiana","Lindenwood","OVC","OVC","H",NA,NA,0.167812136503116,0.294360678016868,0.87694452176131,0.944700645022092,NA,NA,"future",0.0552993549779085,-0.944700645022092,0,224,"Q4"
"7675",7675,"UNC GreensboroMercer1-29",2026-01-29,"conf","Mercer","UNC Greensboro","SC","SC","H",NA,NA,0.653833270716202,0.170845743130604,0.87694452176131,0.971899187342243,NA,NA,"future",0.0281008126577568,-0.971899187342243,0,295,"Q4"
"7676",7676,"Fairleigh DickinsonStonehill1-29",2026-01-29,"conf","Stonehill","Fairleigh Dickinson","NEC","NEC","H",NA,NA,0.152535767937579,0.105857899301199,0.87694452176131,0.983658574348393,NA,NA,"future",0.0163414256516066,-0.983658574348393,0,339,"Q4"
"7677",7677,"ColoradoIowa St.1-29",2026-01-29,"conf","Iowa St.","Colorado","B12","B12","H",NA,NA,0.963201567205515,0.640434349812151,0.87694452176131,0.800042273749593,NA,NA,"future",0.199957726250407,-0.800042273749593,0,78,"Q3"
"7678",7678,"LipscombJacksonville1-29",2026-01-29,"conf","Jacksonville","Lipscomb","ASun","ASun","H",NA,NA,0.269014167855688,0.400063738169319,0.87694452176131,0.914433271367804,NA,NA,"future",0.0855667286321963,-0.914433271367804,0,160,"Q3"
"7679",7679,"Saint FrancisChicago St.1-29",2026-01-29,"conf","Chicago St.","Saint Francis","NEC","NEC","H",NA,NA,0.131935258890074,0.0661980827384546,0.87694452176131,0.990150353814344,NA,NA,"future",0.00984964618565609,-0.990150353814344,0,354,"Q4"
"7680",7680,"IdahoNorthern Colorado1-29",2026-01-29,"conf","Northern Colorado","Idaho","BSky","BSky","H",NA,NA,0.60052552003834,0.431116462873849,0.87694452176131,0.903880582257921,NA,NA,"future",0.0961194177420787,-0.903880582257921,0,158,"Q3"
"7681",7681,"Utah TechAbilene Christian1-29",2026-01-29,"conf","Abilene Christian","Utah Tech","WAC","WAC","H",NA,NA,0.395357780875213,0.326398450988887,0.87694452176131,0.936334401660849,NA,NA,"future",0.0636655983391512,-0.936334401660849,0,199,"Q4"
"7682",7682,"Oral RobertsSouth Dakota1-29",2026-01-29,"conf","South Dakota","Oral Roberts","Sum","Sum","H",NA,NA,0.342292200243587,0.14650394031066,0.87694452176131,0.976479859681162,NA,NA,"future",0.0235201403188382,-0.976479859681162,0,317,"Q4"
"7683",7683,"Georgia SouthernLouisiana Monroe1-29",2026-01-29,"conf","Louisiana Monroe","Georgia Southern","SB","SB","H",NA,NA,0.110510816070549,0.25951963690932,0.87694452176131,0.953125607727472,NA,NA,"future",0.0468743922725275,-0.953125607727472,0,243,"Q4"
"7684",7684,"HawaiiUC Irvine1-29",2026-01-29,"conf","UC Irvine","Hawaii","BW","BW","H",NA,NA,0.71694009377673,0.653990887306024,0.87694452176131,0.790373812577229,NA,NA,"future",0.209626187422771,-0.790373812577229,0,97,"Q3"
"7685",7685,"Florida AtlanticMemphis1-29",2026-01-29,"conf","Memphis","Florida Atlantic","Amer","Amer","H",NA,NA,0.777847739912943,0.669116075241684,0.87694452176131,0.778960430736667,NA,NA,"future",0.221039569263333,-0.778960430736667,0,91,"Q3"
"7686",7686,"WashingtonIllinois1-29",2026-01-29,"conf","Illinois","Washington","B10","B10","H",NA,NA,0.970104643724092,0.749226742667862,0.87694452176131,0.704603340179548,NA,NA,"future",0.295396659820452,-0.704603340179548,0,62,"Q2"
"7687",7687,"Southern UtahUT Arlington1-29",2026-01-29,"conf","UT Arlington","Southern Utah","WAC","WAC","H",NA,NA,0.58940849732773,0.206808186371712,0.87694452176131,0.964705025156547,NA,NA,"future",0.0352949748434535,-0.964705025156547,0,294,"Q4"
"7688",7688,"Penn St.Northwestern1-29",2026-01-29,"conf","Northwestern","Penn St.","B10","B10","H",NA,NA,0.848307220201776,0.48720277375858,0.87694452176131,0.882363892431686,NA,NA,"future",0.117636107568314,-0.882363892431686,0,131,"Q3"
"7689",7689,"HamptonDrexel1-29",2026-01-29,"conf","Drexel","Hampton","CAA","CAA","H",NA,NA,0.506908140029048,0.224878457335432,0.87694452176131,0.960881974481878,NA,NA,"future",0.0391180255181218,-0.960881974481878,0,238,"Q4"
"7690",7690,"James MadisonTroy1-29",2026-01-29,"conf","Troy","James Madison","SB","SB","H",NA,NA,0.719734730060241,0.248008473110579,0.87694452176131,0.955768164170376,NA,NA,"future",0.0442318358296244,-0.955768164170376,0,244,"Q4"
"7691",7691,"Le MoyneLIU1-29",2026-01-29,"conf","LIU","Le Moyne","NEC","NEC","H",NA,NA,0.478872202881425,0.233859733605385,0.87694452176131,0.958926535914673,NA,NA,"future",0.0410734640853271,-0.958926535914673,0,263,"Q4"
"7692",7692,"Long Beach St.UC Riverside1-29",2026-01-29,"conf","UC Riverside","Long Beach St.","BW","BW","H",NA,NA,0.32462968162574,0.276270766068189,0.87694452176131,0.949157607123227,NA,NA,"future",0.0508423928767727,-0.949157607123227,0,240,"Q4"
"7693",7693,"Little RockTennessee St.1-29",2026-01-29,"conf","Tennessee St.","Little Rock","OVC","OVC","H",NA,NA,0.338648005350723,0.127043860244037,0.87694452176131,0.979987080838008,NA,NA,"future",0.0200129191619924,-0.979987080838008,0,302,"Q4"
"7694",7694,"SamfordFurman1-29",2026-01-29,"conf","Furman","Samford","SC","SC","H",NA,NA,0.548536258475982,0.172321727445834,0.87694452176131,0.971614197909055,NA,NA,"future",0.0283858020909451,-0.971614197909055,0,269,"Q4"
"7695",7695,"Utah ValleyTarleton St.1-29",2026-01-29,"conf","Tarleton St.","Utah Valley","WAC","WAC","H",NA,NA,0.559896594488506,0.65875856803625,0.87694452176131,0.786850012957824,NA,NA,"future",0.213149987042176,-0.786850012957824,0,96,"Q3"
"7696",7696,"UMass LowellNew Hampshire1-29",2026-01-29,"conf","New Hampshire","UMass Lowell","AE","AE","H",NA,NA,0.294034884198752,0.165007692678497,0.87694452176131,0.973018164018987,NA,NA,"future",0.0269818359810133,-0.973018164018987,0,319,"Q4"
"7697",7697,"Eastern WashingtonNorthern Arizona1-29",2026-01-29,"conf","Northern Arizona","Eastern Washington","BSky","BSky","H",NA,NA,0.24304227579025,0.310791476526984,0.87694452176131,0.940488514720462,NA,NA,"future",0.0595114852795378,-0.940488514720462,0,254,"Q4"
"7698",7698,"WoffordChattanooga1-29",2026-01-29,"conf","Chattanooga","Wofford","SC","SC","H",NA,NA,0.31417384513742,0.281320852120458,0.87694452176131,0.947931772553643,NA,NA,"future",0.0520682274463571,-0.947931772553643,0,225,"Q4"
"7699",7699,"Central ConnecticutWagner1-29",2026-01-29,"conf","Wagner","Central Connecticut","NEC","NEC","H",NA,NA,0.231947573900047,0.185254014996825,0.87694452176131,0.969080387831991,NA,NA,"future",0.0309196121680093,-0.969080387831991,0,247,"Q4"
"7700",7700,"MontanaPortland St.1-29",2026-01-29,"conf","Portland St.","Montana","BSky","BSky","H",NA,NA,0.588461091868302,0.47565609222007,0.87694452176131,0.887080556167823,NA,NA,"future",0.112919443832177,-0.887080556167823,0,163,"Q4"
"7701",7701,"PresbyterianHigh Point1-29",2026-01-29,"conf","High Point","Presbyterian","BSth","BSth","H",NA,NA,0.756790844012223,0.211694092348146,0.87694452176131,0.96368565745234,NA,NA,"future",0.03631434254766,-0.96368565745234,0,258,"Q4"
"7702",7702,"CharlestonHofstra1-29",2026-01-29,"conf","Hofstra","Charleston","CAA","CAA","H",NA,NA,0.699970786275648,0.363361259870032,0.87694452176131,0.92584938839268,NA,NA,"future",0.0741506116073203,-0.92584938839268,0,175,"Q4"
"7703",7703,"RadfordCharleston Southern1-29",2026-01-29,"conf","Charleston Southern","Radford","BSth","BSth","H",NA,NA,0.455058138848351,0.229310238486478,0.87694452176131,0.959921770218191,NA,NA,"future",0.0400782297818087,-0.959921770218191,0,260,"Q4"
"7704",7704,"Cal PolyCal St. Bakersfield1-29",2026-01-29,"conf","Cal St. Bakersfield","Cal Poly","BW","BW","H",NA,NA,0.265483872557692,0.22558726115521,0.87694452176131,0.960729012486904,NA,NA,"future",0.0392709875130959,-0.960729012486904,0,257,"Q4"
"7705",7705,"UC Santa BarbaraUC San Diego1-29",2026-01-29,"conf","UC San Diego","UC Santa Barbara","BW","BW","H",NA,NA,0.734201130187246,0.483931703427263,0.87694452176131,0.883716358848983,NA,NA,"future",0.116283641151017,-0.883716358848983,0,145,"Q3"
"7706",7706,"Appalachian St.Southern Miss1-29",2026-01-29,"conf","Southern Miss","Appalachian St.","SB","SB","H",NA,NA,0.436163066612626,0.322413113123934,0.87694452176131,0.937409842186305,NA,NA,"future",0.0625901578136946,-0.937409842186305,0,212,"Q4"
"7707",7707,"North DakotaSt. Thomas1-29",2026-01-29,"conf","St. Thomas","North Dakota","Sum","Sum","H",NA,NA,0.711266776860035,0.215415619860043,0.87694452176131,0.962902167938933,NA,NA,"future",0.0370978320610666,-0.962902167938933,0,282,"Q4"
"7708",7708,"VMIThe Citadel1-29",2026-01-29,"conf","The Citadel","VMI","SC","SC","H",NA,NA,0.140154923802397,0.081180331096308,0.87694452176131,0.987753891098385,NA,NA,"future",0.0122461089016148,-0.987753891098385,0,353,"Q4"
"7709",7709,"Stony BrookCampbell1-29",2026-01-29,"conf","Campbell","Stony Brook","CAA","CAA","H",NA,NA,0.480657896699851,0.309545341676412,0.87694452176131,0.940813650809901,NA,NA,"future",0.0591863491900992,-0.940813650809901,0,234,"Q4"
"7710",7710,"Gardner WebbUNC Asheville1-29",2026-01-29,"conf","UNC Asheville","Gardner Webb","BSth","BSth","H",NA,NA,0.418702865698982,0.031054600359691,0.87694452176131,0.995522798064527,NA,NA,"future",0.00447720193547285,-0.995522798064527,0,363,"Q4"
"7711",7711,"Tennessee MartinEastern Illinois1-29",2026-01-29,"conf","Eastern Illinois","Tennessee Martin","OVC","OVC","H",NA,NA,0.254464105144106,0.237188051713002,0.87694452176131,0.958192248853182,NA,NA,"future",0.041807751146818,-0.958192248853182,0,187,"Q4"
"7712",7712,"UC DavisCal St. Northridge1-29",2026-01-29,"conf","Cal St. Northridge","UC Davis","BW","BW","H",NA,NA,0.543814122124777,0.410152855593226,0.87694452176131,0.911100116157902,NA,NA,"future",0.0888998838420977,-0.911100116157902,0,176,"Q4"
"7713",7713,"LibertyMiddle Tennessee1-29",2026-01-29,"conf","Middle Tennessee","Liberty","CUSA","CUSA","H",NA,NA,0.754494348969183,0.617063960398147,0.87694452176131,0.815583004897484,NA,NA,"future",0.184416995102516,-0.815583004897484,0,84,"Q3"
"7714",7714,"Georgia St.Louisiana1-29",2026-01-29,"conf","Louisiana","Georgia St.","SB","SB","H",NA,NA,0.233108569263396,0.207313157197796,0.87694452176131,0.964600153744441,NA,NA,"future",0.0353998462555593,-0.964600153744441,0,261,"Q4"
"7715",7715,"Western CarolinaEast Tennessee St.1-29",2026-01-29,"conf","East Tennessee St.","Western Carolina","SC","SC","H",NA,NA,0.607991931766003,0.189337564487005,0.87694452176131,0.968266322969144,NA,NA,"future",0.0317336770308555,-0.968266322969144,0,289,"Q4"
"7716",7716,"UNC WilmingtonTowson1-29",2026-01-29,"conf","Towson","UNC Wilmington","CAA","CAA","H",NA,NA,0.507727245638924,0.45266192968586,0.87694452176131,0.896016774005065,NA,NA,"future",0.103983225994935,-0.896016774005065,0,109,"Q3"
"7717",7717,"North AlabamaFlorida Gulf Coast1-29",2026-01-29,"conf","Florida Gulf Coast","North Alabama","ASun","ASun","H",NA,NA,0.459203789369559,0.0884777145660335,0.87694452176131,0.986562452243666,NA,NA,"future",0.013437547756334,-0.986562452243666,0,335,"Q4"
"7718",7718,"UMBCVermont1-29",2026-01-29,"conf","UMBC","Vermont","AE","AE","A",NA,NA,0.209748829553563,0.446282341818913,0.789142831518436,0.822805153276422,NA,NA,"future",0.177194846723578,-0.822805153276422,0,207,"Q3"
"7719",7719,"Coastal CarolinaSouth Alabama1-29",2026-01-29,"conf","Coastal Carolina","South Alabama","SB","SB","A",NA,NA,0.252170326443001,0.456678516291553,0.789142831518436,0.816601206226327,NA,NA,"future",0.183398793773673,-0.816601206226327,0,197,"Q3"
"7720",7720,"LongwoodUSC Upstate1-29",2026-01-29,"conf","Longwood","USC Upstate","BSth","BSth","A",NA,NA,0.192892523448795,0.283031250289585,0.789142831518436,0.904585070554709,NA,NA,"future",0.0954149294452906,-0.904585070554709,0,285,"Q4"
"7721",7721,"NJITAlbany1-29",2026-01-29,"conf","NJIT","Albany","AE","AE","A",NA,NA,0.108362596707915,0.305119018679747,0.789142831518436,0.894994515735722,NA,NA,"future",0.105005484264278,-0.894994515735722,0,309,"Q4"
"7722",7722,"North Carolina A&TMonmouth1-29",2026-01-29,"conf","North Carolina A&T","Monmouth","CAA","CAA","A",NA,NA,0.167266946360123,0.470690741874601,0.789142831518436,0.808011054668748,NA,NA,"future",0.191988945331252,-0.808011054668748,0,204,"Q3"
"7723",7723,"SIU EdwardsvilleMorehead St.1-29",2026-01-29,"conf","SIU Edwardsville","Morehead St.","OVC","OVC","A",NA,NA,0.222517010562244,0.270894090214231,0.789142831518436,0.909690142816319,NA,NA,"future",0.0903098571836806,-0.909690142816319,0,286,"Q4"
"7724",7724,"Montana St.Sacramento St.1-29",2026-01-29,"conf","Montana St.","Sacramento St.","BSky","BSky","A",NA,NA,0.518194021185584,0.304984656110273,0.789142831518436,0.895054064928712,NA,NA,"future",0.104945935071288,-0.895054064928712,0,279,"Q4"
"7725",7725,"William & MaryElon1-29",2026-01-29,"conf","William & Mary","Elon","CAA","CAA","A",NA,NA,0.532570409595156,0.576866467930946,0.789142831518436,0.732989491121582,NA,NA,"future",0.267010508878418,-0.732989491121582,0,168,"Q3"
"7726",7726,"Southeast Missouri St.Western Illinois1-29",2026-01-29,"conf","Southeast Missouri St.","Western Illinois","OVC","OVC","A",NA,NA,0.215113414869716,0.107692571655567,0.789142831518436,0.968759361171826,NA,NA,"future",0.0312406388281743,-0.968759361171826,0,356,"Q4"
"7727",7727,"BryantBinghamton1-29",2026-01-29,"conf","Bryant","Binghamton","AE","AE","A",NA,NA,0.0698036017290083,0.0832959988038982,0.789142831518436,0.976296658657706,NA,NA,"future",0.0237033413422945,-0.976296658657706,0,362,"Q4"
"7728",7728,"StetsonNorth Florida1-29",2026-01-29,"conf","Stetson","North Florida","ASun","ASun","A",NA,NA,0.131178587745499,0.222890542562906,0.789142831518436,0.928817598328057,NA,NA,"future",0.0711824016719433,-0.928817598328057,0,341,"Q4"
"7729",7729,"New HavenMercyhurst1-29",2026-01-29,"conf","New Haven","Mercyhurst","NEC","NEC","A",NA,NA,0.109352159726003,0.319386016835833,0.789142831518436,0.888584293689684,NA,NA,"future",0.111415706310316,-0.888584293689684,0,290,"Q4"
"7730",7730,"LindenwoodSouthern Indiana1-29",2026-01-29,"conf","Lindenwood","Southern Indiana","OVC","OVC","A",NA,NA,0.294360678016868,0.167812136503116,0.789142831518436,0.94887383530995,NA,NA,"future",0.05112616469005,-0.94887383530995,0,338,"Q4"
"7731",7731,"UNC GreensboroMercer1-29",2026-01-29,"conf","UNC Greensboro","Mercer","SC","SC","A",NA,NA,0.170845743130604,0.653833270716202,0.789142831518436,0.664593982193898,NA,NA,"future",0.335406017806102,-0.664593982193898,0,125,"Q2"
"7732",7732,"Fairleigh DickinsonStonehill1-29",2026-01-29,"conf","Fairleigh Dickinson","Stonehill","NEC","NEC","A",NA,NA,0.105857899301199,0.152535767937579,0.789142831518436,0.954113683718504,NA,NA,"future",0.0458863162814964,-0.954113683718504,0,337,"Q4"
"7733",7733,"ColoradoIowa St.1-29",2026-01-29,"conf","Colorado","Iowa St.","B12","B12","A",NA,NA,0.640434349812151,0.963201567205515,0.789142831518436,0.125095084414269,NA,NA,"future",0.874904915585731,-0.125095084414269,0,6,"Q1"
"7734",7734,"LipscombJacksonville1-29",2026-01-29,"conf","Lipscomb","Jacksonville","ASun","ASun","A",NA,NA,0.400063738169319,0.269014167855688,0.789142831518436,0.910470750059058,NA,NA,"future",0.0895292499409418,-0.910470750059058,0,293,"Q4"
"7735",7735,"Saint FrancisChicago St.1-29",2026-01-29,"conf","Saint Francis","Chicago St.","NEC","NEC","A",NA,NA,0.0661980827384546,0.131935258890074,0.789142831518436,0.960974076944283,NA,NA,"future",0.0390259230557167,-0.960974076944283,0,352,"Q4"
"7736",7736,"IdahoNorthern Colorado1-29",2026-01-29,"conf","Idaho","Northern Colorado","BSky","BSky","A",NA,NA,0.431116462873849,0.60052552003834,0.789142831518436,0.713431964782188,NA,NA,"future",0.286568035217812,-0.713431964782188,0,164,"Q3"
"7737",7737,"Utah TechAbilene Christian1-29",2026-01-29,"conf","Utah Tech","Abilene Christian","WAC","WAC","A",NA,NA,0.326398450988887,0.395357780875213,0.789142831518436,0.851271945390759,NA,NA,"future",0.148728054609241,-0.851271945390759,0,241,"Q4"
"7738",7738,"Oral RobertsSouth Dakota1-29",2026-01-29,"conf","Oral Roberts","South Dakota","Sum","Sum","A",NA,NA,0.14650394031066,0.342292200243587,0.789142831518436,0.877918226219965,NA,NA,"future",0.122081773780035,-0.877918226219965,0,272,"Q4"
"7739",7739,"Georgia SouthernLouisiana Monroe1-29",2026-01-29,"conf","Georgia Southern","Louisiana Monroe","SB","SB","A",NA,NA,0.25951963690932,0.110510816070549,0.789142831518436,0.967869772859297,NA,NA,"future",0.0321302271407032,-0.967869772859297,0,359,"Q4"
"7740",7740,"HawaiiUC Irvine1-29",2026-01-29,"conf","Hawaii","UC Irvine","BW","BW","A",NA,NA,0.653990887306024,0.71694009377673,0.789142831518436,0.596386841218079,NA,NA,"future",0.403613158781921,-0.596386841218079,0,128,"Q2"
"7741",7741,"Florida AtlanticMemphis1-29",2026-01-29,"conf","Florida Atlantic","Memphis","Amer","Amer","A",NA,NA,0.669116075241684,0.777847739912943,0.789142831518436,0.516643488894951,NA,NA,"future",0.483356511105049,-0.516643488894951,0,112,"Q2"
"7742",7742,"WashingtonIllinois1-29",2026-01-29,"conf","Washington","Illinois","B10","B10","A",NA,NA,0.749226742667862,0.970104643724092,0.789142831518436,0.103406530476857,NA,NA,"future",0.896593469523143,-0.103406530476857,0,9,"Q1"
"7743",7743,"Southern UtahUT Arlington1-29",2026-01-29,"conf","Southern Utah","UT Arlington","WAC","WAC","A",NA,NA,0.206808186371712,0.58940849732773,0.789142831518436,0.722770423127821,NA,NA,"future",0.277229576872179,-0.722770423127821,0,123,"Q2"
"7744",7744,"Penn St.Northwestern1-29",2026-01-29,"conf","Penn St.","Northwestern","B10","B10","A",NA,NA,0.48720277375858,0.848307220201776,0.789142831518436,0.400923368847485,NA,NA,"future",0.599076631152515,-0.400923368847485,0,69,"Q1"
"7745",7745,"HamptonDrexel1-29",2026-01-29,"conf","Hampton","Drexel","CAA","CAA","A",NA,NA,0.224878457335432,0.506908140029048,0.789142831518436,0.78450783990208,NA,NA,"future",0.21549216009792,-0.78450783990208,0,211,"Q3"
"7746",7746,"James MadisonTroy1-29",2026-01-29,"conf","James Madison","Troy","SB","SB","A",NA,NA,0.248008473110579,0.719734730060241,0.789142831518436,0.593057675690047,NA,NA,"future",0.406942324309953,-0.593057675690047,0,103,"Q2"
"7747",7747,"Le MoyneLIU1-29",2026-01-29,"conf","Le Moyne","LIU","NEC","NEC","A",NA,NA,0.233859733605385,0.478872202881425,0.789142831518436,0.802869762385744,NA,NA,"future",0.197130237614256,-0.802869762385744,0,201,"Q3"
"7748",7748,"Long Beach St.UC Riverside1-29",2026-01-29,"conf","Long Beach St.","UC Riverside","BW","BW","A",NA,NA,0.276270766068189,0.32462968162574,0.789142831518436,0.886184093747293,NA,NA,"future",0.113815906252707,-0.886184093747293,0,283,"Q4"
"7749",7749,"Little RockTennessee St.1-29",2026-01-29,"conf","Little Rock","Tennessee St.","OVC","OVC","A",NA,NA,0.127043860244037,0.338648005350723,0.789142831518436,0.87964697213628,NA,NA,"future",0.120353027863719,-0.87964697213628,0,229,"Q3"
"7750",7750,"SamfordFurman1-29",2026-01-29,"conf","Samford","Furman","SC","SC","A",NA,NA,0.172321727445834,0.548536258475982,0.789142831518436,0.754916473669213,NA,NA,"future",0.245083526330787,-0.754916473669213,0,189,"Q3"
"7751",7751,"Utah ValleyTarleton St.1-29",2026-01-29,"conf","Utah Valley","Tarleton St.","WAC","WAC","A",NA,NA,0.65875856803625,0.559896594488506,0.789142831518436,0.746309231111213,NA,NA,"future",0.253690768888787,-0.746309231111213,0,185,"Q3"
"7752",7752,"UMass LowellNew Hampshire1-29",2026-01-29,"conf","UMass Lowell","New Hampshire","AE","AE","A",NA,NA,0.165007692678497,0.294034884198752,0.789142831518436,0.899856735898056,NA,NA,"future",0.100143264101944,-0.899856735898056,0,323,"Q4"
"7753",7753,"Eastern WashingtonNorthern Arizona1-29",2026-01-29,"conf","Eastern Washington","Northern Arizona","BSky","BSky","A",NA,NA,0.310791476526984,0.24304227579025,0.789142831518436,0.920987351691882,NA,NA,"future",0.079012648308118,-0.920987351691882,0,318,"Q4"
"7754",7754,"WoffordChattanooga1-29",2026-01-29,"conf","Wofford","Chattanooga","SC","SC","A",NA,NA,0.281320852120458,0.31417384513742,0.789142831518436,0.890946330891946,NA,NA,"future",0.109053669108054,-0.890946330891946,0,280,"Q4"
"7755",7755,"Central ConnecticutWagner1-29",2026-01-29,"conf","Central Connecticut","Wagner","NEC","NEC","A",NA,NA,0.185254014996825,0.231947573900047,0.789142831518436,0.925332829516718,NA,NA,"future",0.0746671704832819,-0.925332829516718,0,324,"Q4"
"7756",7756,"MontanaPortland St.1-29",2026-01-29,"conf","Montana","Portland St.","BSky","BSky","A",NA,NA,0.47565609222007,0.588461091868302,0.789142831518436,0.723553887104282,NA,NA,"future",0.276446112895718,-0.723553887104282,0,137,"Q3"
"7757",7757,"PresbyterianHigh Point1-29",2026-01-29,"conf","Presbyterian","High Point","BSth","BSth","A",NA,NA,0.211694092348146,0.756790844012223,0.789142831518436,0.546019695713936,NA,NA,"future",0.453980304286064,-0.546019695713936,0,90,"Q2"
"7758",7758,"CharlestonHofstra1-29",2026-01-29,"conf","Charleston","Hofstra","CAA","CAA","A",NA,NA,0.363361259870032,0.699970786275648,0.789142831518436,0.616000755318418,NA,NA,"future",0.383999244681582,-0.616000755318418,0,106,"Q2"
"7759",7759,"RadfordCharleston Southern1-29",2026-01-29,"conf","Radford","Charleston Southern","BSth","BSth","A",NA,NA,0.229310238486478,0.455058138848351,0.789142831518436,0.817577500727398,NA,NA,"future",0.182422499272602,-0.817577500727398,0,219,"Q3"
"7760",7760,"Cal PolyCal St. Bakersfield1-29",2026-01-29,"conf","Cal Poly","Cal St. Bakersfield","BW","BW","A",NA,NA,0.22558726115521,0.265483872557692,0.789142831518436,0.911929432395944,NA,NA,"future",0.0880705676040564,-0.911929432395944,0,301,"Q4"
"7761",7761,"UC Santa BarbaraUC San Diego1-29",2026-01-29,"conf","UC Santa Barbara","UC San Diego","BW","BW","A",NA,NA,0.483931703427263,0.734201130187246,0.789142831518436,0.575352440331897,NA,NA,"future",0.424647559668103,-0.575352440331897,0,98,"Q2"
"7762",7762,"Appalachian St.Southern Miss1-29",2026-01-29,"conf","Appalachian St.","Southern Miss","SB","SB","A",NA,NA,0.322413113123934,0.436163066612626,0.789142831518436,0.828710427563868,NA,NA,"future",0.171289572436132,-0.828710427563868,0,236,"Q3"
"7763",7763,"North DakotaSt. Thomas1-29",2026-01-29,"conf","North Dakota","St. Thomas","Sum","Sum","A",NA,NA,0.215415619860043,0.711266776860035,0.789142831518436,0.603057697731894,NA,NA,"future",0.396942302268106,-0.603057697731894,0,116,"Q2"
"7764",7764,"VMIThe Citadel1-29",2026-01-29,"conf","VMI","The Citadel","SC","SC","A",NA,NA,0.081180331096308,0.140154923802397,0.789142831518436,0.958264437000095,NA,NA,"future",0.0417355629999049,-0.958264437000095,0,350,"Q4"
"7765",7765,"Stony BrookCampbell1-29",2026-01-29,"conf","Stony Brook","Campbell","CAA","CAA","A",NA,NA,0.309545341676412,0.480657896699851,0.789142831518436,0.801734966102244,NA,NA,"future",0.198265033897756,-0.801734966102244,0,203,"Q3"
"7766",7766,"Gardner WebbUNC Asheville1-29",2026-01-29,"conf","Gardner Webb","UNC Asheville","BSth","BSth","A",NA,NA,0.031054600359691,0.418702865698982,0.789142831518436,0.838602545116366,NA,NA,"future",0.161397454883634,-0.838602545116366,0,232,"Q3"
"7767",7767,"Tennessee MartinEastern Illinois1-29",2026-01-29,"conf","Tennessee Martin","Eastern Illinois","OVC","OVC","A",NA,NA,0.237188051713002,0.254464105144106,0.789142831518436,0.916423012707536,NA,NA,"future",0.0835769872924635,-0.916423012707536,0,305,"Q4"
"7768",7768,"UC DavisCal St. Northridge1-29",2026-01-29,"conf","UC Davis","Cal St. Northridge","BW","BW","A",NA,NA,0.410152855593226,0.543814122124777,0.789142831518436,0.758424134649901,NA,NA,"future",0.241575865350099,-0.758424134649901,0,209,"Q3"
"7769",7769,"LibertyMiddle Tennessee1-29",2026-01-29,"conf","Liberty","Middle Tennessee","CUSA","CUSA","A",NA,NA,0.617063960398147,0.754494348969183,0.789142831518436,0.54910087733936,NA,NA,"future",0.45089912266064,-0.54910087733936,0,111,"Q2"
"7770",7770,"Georgia St.Louisiana1-29",2026-01-29,"conf","Georgia St.","Louisiana","SB","SB","A",NA,NA,0.207313157197796,0.233108569263396,0.789142831518436,0.924882092909863,NA,NA,"future",0.0751179070901371,-0.924882092909863,0,334,"Q4"
"7771",7771,"Western CarolinaEast Tennessee St.1-29",2026-01-29,"conf","Western Carolina","East Tennessee St.","SC","SC","A",NA,NA,0.189337564487005,0.607991931766003,0.789142831518436,0.707006029827842,NA,NA,"future",0.292993970172158,-0.707006029827842,0,129,"Q2"
"7772",7772,"UNC WilmingtonTowson1-29",2026-01-29,"conf","UNC Wilmington","Towson","CAA","CAA","A",NA,NA,0.45266192968586,0.507727245638924,0.789142831518436,0.783953308037154,NA,NA,"future",0.216046691962846,-0.783953308037154,0,162,"Q3"
"7773",7773,"North AlabamaFlorida Gulf Coast1-29",2026-01-29,"conf","North Alabama","Florida Gulf Coast","ASun","ASun","A",NA,NA,0.0884777145660335,0.459203789369559,0.789142831518436,0.81507273605116,NA,NA,"future",0.18492726394884,-0.81507273605116,0,237,"Q3"
"7774",7774,"DartmouthYale1-30",2026-01-30,"conf","Yale","Dartmouth","Ivy","Ivy","H",NA,NA,0.814418788081781,0.313883565357004,0.87694452176131,0.939677619552002,NA,NA,"future",0.060322380447998,-0.939677619552002,0,222,"Q4"
"7775",7775,"Loyola ChicagoVCU1-30",2026-01-30,"conf","VCU","Loyola Chicago","A10","A10","H",NA,NA,0.832009910410597,0.1760796726165,0.87694452176131,0.970884750422331,NA,NA,"future",0.0291152495776692,-0.970884750422331,0,315,"Q4"
"7776",7776,"HarvardBrown1-30",2026-01-30,"conf","Brown","Harvard","Ivy","Ivy","H",NA,NA,0.361296853591693,0.3540000459956,0.87694452176131,0.928595399712616,NA,NA,"future",0.0714046002873839,-0.928595399712616,0,182,"Q4"
"7777",7777,"UNLVNevada1-30",2026-01-30,"conf","Nevada","UNLV","MWC","MWC","H",NA,NA,0.843851415463164,0.560876007034628,0.87694452176131,0.848011636054,NA,NA,"future",0.151988363946,-0.848011636054,0,127,"Q3"
"7778",7778,"MichiganMichigan St.1-30",2026-01-30,"conf","Michigan St.","Michigan","B10","B10","H",NA,NA,0.96316998011938,0.976564220412699,0.87694452176131,0.146044441707653,NA,NA,"future",0.853955558292347,-0.146044441707653,0,1,"Q1"
"7779",7779,"Wright St.Milwaukee1-30",2026-01-30,"conf","Milwaukee","Wright St.","Horz","Horz","H",NA,NA,0.384994055716157,0.571577739895169,0.87694452176131,0.84231002581507,NA,NA,"future",0.15768997418493,-0.84231002581507,0,136,"Q3"
"7780",7780,"PrincetonCornell1-30",2026-01-30,"conf","Cornell","Princeton","Ivy","Ivy","H",NA,NA,0.536163309604943,0.302269000525834,0.87694452176131,0.942693369093223,NA,NA,"future",0.0573066309067766,-0.942693369093223,0,239,"Q4"
"7781",7781,"FairfieldIona1-30",2026-01-30,"conf","Iona","Fairfield","MAAC","MAAC","H",NA,NA,0.437173937533644,0.22489171654641,0.87694452176131,0.960879115225298,NA,NA,"future",0.0391208847747024,-0.960879115225298,0,248,"Q4"
"7782",7782,"Kent St.Akron1-30",2026-01-30,"conf","Akron","Kent St.","MAC","MAC","H",NA,NA,0.848029041448943,0.481287807626764,0.87694452176131,0.884800030107753,NA,NA,"future",0.115199969892247,-0.884800030107753,0,148,"Q3"
"7783",7783,"Cleveland St.Green Bay1-30",2026-01-30,"conf","Green Bay","Cleveland St.","Horz","Horz","H",NA,NA,0.503482144436143,0.170841144385821,0.87694452176131,0.971900073963006,NA,NA,"future",0.0280999260369942,-0.971900073963006,0,321,"Q4"
"7784",7784,"RiderManhattan1-30",2026-01-30,"conf","Manhattan","Rider","MAAC","MAAC","H",NA,NA,0.199140354213253,0.0692807104895986,0.87694452176131,0.989662640329338,NA,NA,"future",0.010337359670662,-0.989662640329338,0,357,"Q4"
"7785",7785,"MaristCanisius1-30",2026-01-30,"conf","Canisius","Marist","MAAC","MAAC","H",NA,NA,0.168655818164591,0.444102896546951,0.87694452176131,0.899197121104733,NA,NA,"future",0.100802878895267,-0.899197121104733,0,150,"Q3"
"7786",7786,"ProvidenceVillanova1-30",2026-01-30,"conf","Villanova","Providence","BE","BE","H",NA,NA,0.914034335117992,0.682260447232124,0.87694452176131,0.768458776904752,NA,NA,"future",0.231541223095248,-0.768458776904752,0,89,"Q3"
"7787",7787,"SienaNiagara1-30",2026-01-30,"conf","Niagara","Siena","MAAC","MAAC","H",NA,NA,0.127205292330729,0.390387146522654,0.87694452176131,0.917548378669134,NA,NA,"future",0.0824516213308657,-0.917548378669134,0,172,"Q4"
"7788",7788,"PennColumbia1-30",2026-01-30,"conf","Columbia","Penn","Ivy","Ivy","H",NA,NA,0.567588970085062,0.395413064060764,0.87694452176131,0.915940225457352,NA,NA,"future",0.0840597745426485,-0.915940225457352,0,178,"Q4"
"7789",7789,"DaytonSaint Louis1-30",2026-01-30,"conf","Saint Louis","Dayton","A10","A10","H",NA,NA,0.934398970437872,0.686412835074481,0.87694452176131,0.765020894183328,NA,NA,"future",0.234979105816672,-0.765020894183328,0,80,"Q3"
"7790",7790,"IU IndyYoungstown St.1-30",2026-01-30,"conf","Youngstown St.","IU Indy","Horz","Horz","H",NA,NA,0.546812666972655,0.178820401046325,0.87694452176131,0.970349240873804,NA,NA,"future",0.0296507591261961,-0.970349240873804,0,310,"Q4"
"7791",7791,"Northern KentuckyDetroit Mercy1-30",2026-01-30,"conf","Detroit Mercy","Northern Kentucky","Horz","Horz","H",NA,NA,0.41087180318306,0.406379079596688,0.87694452176131,0.91235726676444,NA,NA,"future",0.0876427332355595,-0.91235726676444,0,177,"Q4"
"7792",7792,"Sacred HeartQuinnipiac1-30",2026-01-30,"conf","Quinnipiac","Sacred Heart","MAAC","MAAC","H",NA,NA,0.56676972583644,0.185258742802667,0.87694452176131,0.969079449264048,NA,NA,"future",0.0309205507359519,-0.969079449264048,0,287,"Q4"
"7793",7793,"Boise St.Grand Canyon1-30",2026-01-30,"conf","Grand Canyon","Boise St.","MWC","MWC","H",NA,NA,0.843748589646882,0.719435859842334,0.87694452176131,0.735389901479989,NA,NA,"future",0.264610098520011,-0.735389901479989,0,71,"Q2"
"7794",7794,"Mount St. Mary'sSaint Peter's1-30",2026-01-30,"conf","Saint Peter's","Mount St. Mary's","MAAC","MAAC","H",NA,NA,0.464125461254959,0.171353269912124,0.87694452176131,0.97180128755884,NA,NA,"future",0.0281987124411597,-0.97180128755884,0,304,"Q4"
"7795",7795,"DartmouthYale1-30",2026-01-30,"conf","Dartmouth","Yale","Ivy","Ivy","A",NA,NA,0.313883565357004,0.814418788081781,0.789142831518436,0.460279928688857,NA,NA,"future",0.539720071311143,-0.460279928688857,0,61,"Q1"
"7796",7796,"Loyola ChicagoVCU1-30",2026-01-30,"conf","Loyola Chicago","VCU","A10","A10","A",NA,NA,0.1760796726165,0.832009910410597,0.789142831518436,0.430411360912575,NA,NA,"future",0.569588639087425,-0.430411360912575,0,55,"Q1"
"7797",7797,"HarvardBrown1-30",2026-01-30,"conf","Harvard","Brown","Ivy","Ivy","A",NA,NA,0.3540000459956,0.361296853591693,0.789142831518436,0.868699218992873,NA,NA,"future",0.131300781007127,-0.868699218992873,0,275,"Q4"
"7798",7798,"UNLVNevada1-30",2026-01-30,"conf","UNLV","Nevada","MWC","MWC","A",NA,NA,0.560876007034628,0.843851415463164,0.789142831518436,0.409168925081937,NA,NA,"future",0.590831074918063,-0.409168925081937,0,65,"Q1"
"7799",7799,"MichiganMichigan St.1-30",2026-01-30,"conf","Michigan","Michigan St.","B10","B10","A",NA,NA,0.976564220412699,0.96316998011938,0.789142831518436,0.125192612565118,NA,NA,"future",0.874807387434882,-0.125192612565118,0,11,"Q1"
"7800",7800,"Wright St.Milwaukee1-30",2026-01-30,"conf","Wright St.","Milwaukee","Horz","Horz","A",NA,NA,0.571577739895169,0.384994055716157,0.789142831518436,0.856702814984429,NA,NA,"future",0.143297185015571,-0.856702814984429,0,233,"Q3"
"7801",7801,"PrincetonCornell1-30",2026-01-30,"conf","Princeton","Cornell","Ivy","Ivy","A",NA,NA,0.302269000525834,0.536163309604943,0.789142831518436,0.764022375784147,NA,NA,"future",0.235977624215853,-0.764022375784147,0,188,"Q3"
"7802",7802,"FairfieldIona1-30",2026-01-30,"conf","Fairfield","Iona","MAAC","MAAC","A",NA,NA,0.22489171654641,0.437173937533644,0.789142831518436,0.828126310189698,NA,NA,"future",0.171873689810302,-0.828126310189698,0,218,"Q3"
"7803",7803,"Kent St.Akron1-30",2026-01-30,"conf","Kent St.","Akron","MAC","MAC","A",NA,NA,0.481287807626764,0.848029041448943,0.789142831518436,0.401442307127826,NA,NA,"future",0.598557692872174,-0.401442307127826,0,54,"Q1"
"7804",7804,"Cleveland St.Green Bay1-30",2026-01-30,"conf","Cleveland St.","Green Bay","Horz","Horz","A",NA,NA,0.170841144385821,0.503482144436143,0.789142831518436,0.786815794214538,NA,NA,"future",0.213184205785462,-0.786815794214538,0,230,"Q3"
"7805",7805,"RiderManhattan1-30",2026-01-30,"conf","Rider","Manhattan","MAAC","MAAC","A",NA,NA,0.0692807104895986,0.199140354213253,0.789142831518436,0.937698454634616,NA,NA,"future",0.0623015453653843,-0.937698454634616,0,330,"Q4"
"7806",7806,"MaristCanisius1-30",2026-01-30,"conf","Marist","Canisius","MAAC","MAAC","A",NA,NA,0.444102896546951,0.168655818164591,0.789142831518436,0.948580548987064,NA,NA,"future",0.051419451012936,-0.948580548987064,0,342,"Q4"
"7807",7807,"ProvidenceVillanova1-30",2026-01-30,"conf","Providence","Villanova","BE","BE","A",NA,NA,0.682260447232124,0.914034335117992,0.789142831518436,0.260349308981246,NA,NA,"future",0.739650691018754,-0.260349308981246,0,33,"Q1"
"7808",7808,"SienaNiagara1-30",2026-01-30,"conf","Siena","Niagara","MAAC","MAAC","A",NA,NA,0.390387146522654,0.127205292330729,0.789142831518436,0.962517008599123,NA,NA,"future",0.0374829914008765,-0.962517008599123,0,355,"Q4"
"7809",7809,"PennColumbia1-30",2026-01-30,"conf","Penn","Columbia","Ivy","Ivy","A",NA,NA,0.395413064060764,0.567588970085062,0.789142831518436,0.740341726214311,NA,NA,"future",0.259658273785689,-0.740341726214311,0,151,"Q3"
"7810",7810,"DaytonSaint Louis1-30",2026-01-30,"conf","Dayton","Saint Louis","A10","A10","A",NA,NA,0.686412835074481,0.934398970437872,0.789142831518436,0.20807868025584,NA,NA,"future",0.79192131974416,-0.20807868025584,0,22,"Q1"
"7811",7811,"IU IndyYoungstown St.1-30",2026-01-30,"conf","IU Indy","Youngstown St.","Horz","Horz","A",NA,NA,0.178820401046325,0.546812666972655,0.789142831518436,0.756201472941003,NA,NA,"future",0.243798527058997,-0.756201472941003,0,221,"Q3"
"7812",7812,"Northern KentuckyDetroit Mercy1-30",2026-01-30,"conf","Northern Kentucky","Detroit Mercy","Horz","Horz","A",NA,NA,0.406379079596688,0.41087180318306,0.789142831518436,0.842921600902124,NA,NA,"future",0.157078399097876,-0.842921600902124,0,273,"Q4"
"7813",7813,"Sacred HeartQuinnipiac1-30",2026-01-30,"conf","Sacred Heart","Quinnipiac","MAAC","MAAC","A",NA,NA,0.185258742802667,0.56676972583644,0.789142831518436,0.740982745235832,NA,NA,"future",0.259017254764168,-0.740982745235832,0,184,"Q3"
"7814",7814,"Boise St.Grand Canyon1-30",2026-01-30,"conf","Boise St.","Grand Canyon","MWC","MWC","A",NA,NA,0.719435859842334,0.843748589646882,0.789142831518436,0.409357541008259,NA,NA,"future",0.590642458991741,-0.409357541008259,0,86,"Q2"
"7815",7815,"Mount St. Mary'sSaint Peter's1-30",2026-01-30,"conf","Mount St. Mary's","Saint Peter's","MAAC","MAAC","A",NA,NA,0.171353269912124,0.464125461254959,0.789142831518436,0.812069164133623,NA,NA,"future",0.187930835866377,-0.812069164133623,0,223,"Q3"
"7816",7816,"MarquetteSeton Hall1-31",2026-01-31,"conf","Seton Hall","Marquette","BE","BE","H",NA,NA,0.873855128810157,0.526647022481542,0.87694452176131,0.864960820902639,NA,NA,"future",0.135039179097361,-0.864960820902639,0,142,"Q3"
"7817",7817,"SMULouisville1-31",2026-01-31,"conf","Louisville","SMU","ACC","ACC","H",NA,NA,0.960766906153242,0.852332367434774,0.87694452176131,0.55250469969308,NA,NA,"future",0.44749530030692,-0.55250469969308,0,30,"Q1"
"7818",7818,"TexasOklahoma1-31",2026-01-31,"conf","Oklahoma","Texas","SEC","SEC","H",NA,NA,0.795763730228384,0.805200835828333,0.87694452176131,0.632901780263016,NA,NA,"future",0.367098219736984,-0.632901780263016,0,43,"Q2"
"7819",7819,"Holy CrossArmy1-31",2026-01-31,"conf","Army","Holy Cross","Pat","Pat","H",NA,NA,0.208126264319721,0.118107022625567,0.87694452176131,0.981553972347959,NA,NA,"future",0.0184460276520411,-0.981553972347959,0,314,"Q4"
"7820",7820,"Coastal CarolinaLouisiana Monroe1-31",2026-01-31,"conf","Louisiana Monroe","Coastal Carolina","SB","SB","H",NA,NA,0.110510816070549,0.252170326443001,0.87694452176131,0.954820456841901,NA,NA,"future",0.0451795431580991,-0.954820456841901,0,235,"Q4"
"7821",7821,"Austin PeayWest Georgia1-31",2026-01-31,"conf","West Georgia","Austin Peay","ASun","ASun","H",NA,NA,0.213011210585839,0.467994966707812,0.87694452176131,0.890123562109543,NA,NA,"future",0.109876437890457,-0.890123562109543,0,149,"Q3"
"7822",7822,"UT Rio Grande ValleyIncarnate Word1-31",2026-01-31,"conf","Incarnate Word","UT Rio Grande Valley","Slnd","Slnd","H",NA,NA,0.403222433818588,0.397957356960562,0.87694452176131,0.915118069533995,NA,NA,"future",0.0848819304660049,-0.915118069533995,0,194,"Q4"
"7823",7823,"ColgateLehigh1-31",2026-01-31,"conf","Lehigh","Colgate","Pat","Pat","H",NA,NA,0.26032083125622,0.363069644263239,0.87694452176131,0.925935900293245,NA,NA,"future",0.074064099706755,-0.925935900293245,0,196,"Q4"
"7824",7824,"NJITVermont1-31",2026-01-31,"conf","Vermont","NJIT","AE","AE","H",NA,NA,0.446282341818913,0.108362596707915,0.87694452176131,0.983232201292529,NA,NA,"future",0.0167677987074712,-0.983232201292529,0,332,"Q4"
"7825",7825,"Texas SouthernPrairie View A&M1-31",2026-01-31,"conf","Prairie View A&M","Texas Southern","SWAC","SWAC","H",NA,NA,0.284102058387528,0.127997519309955,0.87694452176131,0.979818278787393,NA,NA,"future",0.0201817212126065,-0.979818278787393,0,348,"Q4"
"7826",7826,"Saint Mary'sGonzaga1-31",2026-01-31,"conf","Gonzaga","Saint Mary's","WCC","WCC","H",NA,NA,0.966086351861385,0.839624194120796,0.87694452176131,0.576488293922997,NA,NA,"future",0.423511706077003,-0.576488293922997,0,28,"Q1"
"7827",7827,"VanderbiltMississippi1-31",2026-01-31,"conf","Mississippi","Vanderbilt","SEC","SEC","H",NA,NA,0.782795445947566,0.928124167770446,0.87694452176131,0.355622029564161,NA,NA,"future",0.644377970435839,-0.355622029564161,0,16,"Q1"
"7828",7828,"PennCornell1-31",2026-01-31,"conf","Cornell","Penn","Ivy","Ivy","H",NA,NA,0.536163309604943,0.395413064060764,0.87694452176131,0.915940225457352,NA,NA,"future",0.0840597745426485,-0.915940225457352,0,178,"Q4"
"7829",7829,"Oral RobertsSouth Dakota St.1-31",2026-01-31,"conf","South Dakota St.","Oral Roberts","Sum","Sum","H",NA,NA,0.53567472683946,0.14650394031066,0.87694452176131,0.976479859681162,NA,NA,"future",0.0235201403188382,-0.976479859681162,0,317,"Q4"
"7830",7830,"Florida A&MAlabama A&M1-31",2026-01-31,"conf","Alabama A&M","Florida A&M","SWAC","SWAC","H",NA,NA,0.264840745295219,0.193160437433708,0.87694452176131,0.967498013170315,NA,NA,"future",0.0325019868296846,-0.967498013170315,0,307,"Q4"
"7831",7831,"Eastern KentuckyCentral Arkansas1-31",2026-01-31,"conf","Central Arkansas","Eastern Kentucky","ASun","ASun","H",NA,NA,0.578184355364173,0.223192376556858,0.87694452176131,0.961244908789494,NA,NA,"future",0.0387550912105064,-0.961244908789494,0,262,"Q4"
"7832",7832,"WashingtonNorthwestern1-31",2026-01-31,"conf","Northwestern","Washington","B10","B10","H",NA,NA,0.848307220201776,0.749226742667862,0.87694452176131,0.704603340179548,NA,NA,"future",0.295396659820452,-0.704603340179548,0,62,"Q2"
"7833",7833,"AuburnTennessee1-31",2026-01-31,"conf","Tennessee","Auburn","SEC","SEC","H",NA,NA,0.951108153148531,0.84883999378349,0.87694452176131,0.559288913239661,NA,NA,"future",0.440711086760339,-0.559288913239661,0,34,"Q2"
"7834",7834,"PittsburghClemson1-31",2026-01-31,"conf","Clemson","Pittsburgh","ACC","ACC","H",NA,NA,0.937538780726441,0.587700127965515,0.87694452176131,0.83332008576474,NA,NA,"future",0.16667991423526,-0.83332008576474,0,121,"Q3"
"7835",7835,"Northern IllinoisMiami OH1-31",2026-01-31,"conf","Miami OH","Northern Illinois","MAC","MAC","H",NA,NA,0.813854927875804,0.136539414444762,0.87694452176131,0.978292340323179,NA,NA,"future",0.0217076596768214,-0.978292340323179,0,312,"Q4"
"7836",7836,"BradleyDrake1-31",2026-01-31,"conf","Drake","Bradley","MVC","MVC","H",NA,NA,0.53888123509143,0.472493714824135,0.87694452176131,0.888344836283847,NA,NA,"future",0.111655163716153,-0.888344836283847,0,124,"Q3"
"7837",7837,"Bowling GreenCentral Michigan1-31",2026-01-31,"conf","Central Michigan","Bowling Green","MAC","MAC","H",NA,NA,0.241994330286212,0.571728621824331,0.87694452176131,0.842228164877759,NA,NA,"future",0.157771835122241,-0.842228164877759,0,101,"Q3"
"7838",7838,"CincinnatiHouston1-31",2026-01-31,"conf","Houston","Cincinnati","B12","B12","H",NA,NA,0.978859960512281,0.78379278013368,0.87694452176131,0.662823243260027,NA,NA,"future",0.337176756739973,-0.662823243260027,0,72,"Q2"
"7839",7839,"Mississippi St.Missouri1-31",2026-01-31,"conf","Missouri","Mississippi St.","SEC","SEC","H",NA,NA,0.837628198528992,0.637216067206247,0.87694452176131,0.802264340981144,NA,NA,"future",0.197735659018856,-0.802264340981144,0,99,"Q3"
"7840",7840,"QueensBellarmine1-31",2026-01-31,"conf","Bellarmine","Queens","ASun","ASun","H",NA,NA,0.246363301451693,0.358618140773719,0.87694452176131,0.927248717001686,NA,NA,"future",0.0727512829983142,-0.927248717001686,0,183,"Q4"
"7841",7841,"CampbellWilliam & Mary1-31",2026-01-31,"conf","William & Mary","Campbell","CAA","CAA","H",NA,NA,0.684495357208954,0.327073956545687,0.87694452176131,0.936151100895773,NA,NA,"future",0.0638488991042273,-0.936151100895773,0,203,"Q4"
"7842",7842,"UMass LowellMaine1-31",2026-01-31,"conf","Maine","UMass Lowell","AE","AE","H",NA,NA,0.117473612685145,0.165007692678497,0.87694452176131,0.973018164018987,NA,NA,"future",0.0269818359810133,-0.973018164018987,0,319,"Q4"
"7843",7843,"Fresno St.Air Force1-31",2026-01-31,"conf","Air Force","Fresno St.","MWC","MWC","H",NA,NA,0.183685442633759,0.481922792123584,0.87694452176131,0.884540532188665,NA,NA,"future",0.115459467811335,-0.884540532188665,0,139,"Q3"
"7844",7844,"ArizonaArizona St.1-31",2026-01-31,"conf","Arizona St.","Arizona","B12","B12","H",NA,NA,0.764484530115745,0.958472429946254,0.87694452176131,0.235920885661496,NA,NA,"future",0.764079114338504,-0.235920885661496,0,3,"Q1"
"7845",7845,"KentuckyArkansas1-31",2026-01-31,"conf","Arkansas","Kentucky","SEC","SEC","H",NA,NA,0.944779447184236,0.817212751797622,0.87694452176131,0.614491502801326,NA,NA,"future",0.385508497198674,-0.614491502801326,0,31,"Q2"
"7846",7846,"Morgan St.Coppin St.1-31",2026-01-31,"conf","Coppin St.","Morgan St.","MEAC","MEAC","H",NA,NA,0.0483363016192594,0.0419653130687214,0.87694452176131,0.99389090633261,NA,NA,"future",0.00610909366739021,-0.99389090633261,0,361,"Q4"
"7847",7847,"Ball St.Toledo1-31",2026-01-31,"conf","Toledo","Ball St.","MAC","MAC","H",NA,NA,0.565070766531367,0.175570369203068,0.87694452176131,0.970983935499258,NA,NA,"future",0.0290160645007421,-0.970983935499258,0,316,"Q4"
"7848",7848,"East Tennessee St.Wofford1-31",2026-01-31,"conf","Wofford","East Tennessee St.","SC","SC","H",NA,NA,0.427054957226168,0.448888433472161,0.87694452176131,0.897428314939119,NA,NA,"future",0.102571685060881,-0.897428314939119,0,129,"Q3"
"7849",7849,"New HavenSaint Francis1-31",2026-01-31,"conf","Saint Francis","New Haven","NEC","NEC","H",NA,NA,0.11893327333037,0.109352159726003,0.87694452176131,0.983063190078944,NA,NA,"future",0.0169368099210561,-0.983063190078944,0,326,"Q4"
"7850",7850,"DePaulXavier1-31",2026-01-31,"conf","Xavier","DePaul","BE","BE","H",NA,NA,0.780139218822579,0.57837139577554,0.87694452176131,0.838582265959197,NA,NA,"future",0.161417734040803,-0.838582265959197,0,113,"Q3"
"7851",7851,"ValparaisoIndiana St.1-31",2026-01-31,"conf","Indiana St.","Valparaiso","MVC","MVC","H",NA,NA,0.52112194682298,0.458749949196083,0.87694452176131,0.893707567155318,NA,NA,"future",0.106292432844682,-0.893707567155318,0,171,"Q4"
"7852",7852,"CharlestonNortheastern1-31",2026-01-31,"conf","Northeastern","Charleston","CAA","CAA","H",NA,NA,0.389208555122323,0.363361259870032,0.87694452176131,0.92584938839268,NA,NA,"future",0.0741506116073203,-0.92584938839268,0,175,"Q4"
"7853",7853,"Grambling St.Jackson St.1-31",2026-01-31,"conf","Jackson St.","Grambling St.","SWAC","SWAC","H",NA,NA,0.203615154509213,0.233559697555641,0.87694452176131,0.958992470941088,NA,NA,"future",0.0410075290589117,-0.958992470941088,0,266,"Q4"
"7854",7854,"UNC GreensboroThe Citadel1-31",2026-01-31,"conf","The Citadel","UNC Greensboro","SC","SC","H",NA,NA,0.140154923802397,0.170845743130604,0.87694452176131,0.971899187342243,NA,NA,"future",0.0281008126577568,-0.971899187342243,0,295,"Q4"
"7855",7855,"StonehillLe Moyne1-31",2026-01-31,"conf","Le Moyne","Stonehill","NEC","NEC","H",NA,NA,0.367582572503491,0.0863616106872418,0.87694452176131,0.986909609419067,NA,NA,"future",0.0130903905809331,-0.986909609419067,0,337,"Q4"
"7856",7856,"North Carolina CentralSouth Carolina St.1-31",2026-01-31,"conf","South Carolina St.","North Carolina Central","MEAC","MEAC","H",NA,NA,0.0923660430113964,0.082756424692227,0.87694452176131,0.987497925961696,NA,NA,"future",0.0125020740383036,-0.987497925961696,0,344,"Q4"
"7857",7857,"Texas TechUCF1-31",2026-01-31,"conf","UCF","Texas Tech","B12","B12","H",NA,NA,0.866736847529921,0.914150403527372,0.87694452176131,0.400930435453587,NA,NA,"future",0.599069564546413,-0.400930435453587,0,17,"Q1"
"7858",7858,"DukeVirginia Tech1-31",2026-01-31,"conf","Virginia Tech","Duke","ACC","ACC","H",NA,NA,0.853893151640768,0.939287290689777,0.87694452176131,0.315363975570193,NA,NA,"future",0.684636024429807,-0.315363975570193,0,2,"Q1"
"7859",7859,"UMBCAlbany1-31",2026-01-31,"conf","Albany","UMBC","AE","AE","H",NA,NA,0.305119018679747,0.209748829553563,0.87694452176131,0.96409275773184,NA,NA,"future",0.0359072422681594,-0.96409275773184,0,274,"Q4"
"7860",7860,"MercyhurstChicago St.1-31",2026-01-31,"conf","Chicago St.","Mercyhurst","NEC","NEC","H",NA,NA,0.131935258890074,0.197715059489074,0.87694452176131,0.966574696119011,NA,NA,"future",0.0334253038809886,-0.966574696119011,0,290,"Q4"
"7861",7861,"Murray St.Belmont1-31",2026-01-31,"conf","Belmont","Murray St.","MVC","MVC","H",NA,NA,0.80633083929574,0.635707651012394,0.87694452176131,0.803296496851395,NA,NA,"future",0.196703503148605,-0.803296496851395,0,74,"Q2"
"7862",7862,"UC DavisCal St. Bakersfield1-31",2026-01-31,"conf","Cal St. Bakersfield","UC Davis","BW","BW","H",NA,NA,0.265483872557692,0.410152855593226,0.87694452176131,0.911100116157902,NA,NA,"future",0.0888998838420977,-0.911100116157902,0,176,"Q4"
"7863",7863,"FordhamGeorge Washington1-31",2026-01-31,"conf","George Washington","Fordham","A10","A10","H",NA,NA,0.805846857394486,0.363206300265358,0.87694452176131,0.925895367207,NA,NA,"future",0.0741046327929997,-0.925895367207,0,226,"Q4"
"7864",7864,"DavidsonRichmond1-31",2026-01-31,"conf","Richmond","Davidson","A10","A10","H",NA,NA,0.660447080764919,0.541996731296271,0.87694452176131,0.857591084116218,NA,NA,"future",0.142408915883782,-0.857591084116218,0,119,"Q3"
"7865",7865,"Cal PolyUC Riverside1-31",2026-01-31,"conf","UC Riverside","Cal Poly","BW","BW","H",NA,NA,0.32462968162574,0.22558726115521,0.87694452176131,0.960729012486904,NA,NA,"future",0.0392709875130959,-0.960729012486904,0,257,"Q4"
"7866",7866,"Southern UtahAbilene Christian1-31",2026-01-31,"conf","Abilene Christian","Southern Utah","WAC","WAC","H",NA,NA,0.395357780875213,0.206808186371712,0.87694452176131,0.964705025156547,NA,NA,"future",0.0352949748434535,-0.964705025156547,0,294,"Q4"
"7867",7867,"Arkansas Pine BluffMississippi Valley St.1-31",2026-01-31,"conf","Mississippi Valley St.","Arkansas Pine Bluff","SWAC","SWAC","H",NA,NA,0.0374143704241414,0.210499397365107,0.87694452176131,0.963935877536827,NA,NA,"future",0.0360641224631731,-0.963935877536827,0,311,"Q4"
"7868",7868,"VirginiaBoston College1-31",2026-01-31,"conf","Boston College","Virginia","ACC","ACC","H",NA,NA,0.611273164360049,0.941543118572919,0.87694452176131,0.306736242269756,NA,NA,"future",0.693263757730244,-0.306736242269756,0,13,"Q1"
"7869",7869,"James MadisonSouthern Miss1-31",2026-01-31,"conf","Southern Miss","James Madison","SB","SB","H",NA,NA,0.436163066612626,0.248008473110579,0.87694452176131,0.955768164170376,NA,NA,"future",0.0442318358296244,-0.955768164170376,0,244,"Q4"
"7870",7870,"Oregon St.San Diego1-31",2026-01-31,"conf","San Diego","Oregon St.","WCC","WCC","H",NA,NA,0.545701106777343,0.33310428152549,0.87694452176131,0.934501532774554,NA,NA,"future",0.0654984672254456,-0.934501532774554,0,213,"Q4"
"7871",7871,"Georgia SouthernLouisiana1-31",2026-01-31,"conf","Louisiana","Georgia Southern","SB","SB","H",NA,NA,0.233108569263396,0.25951963690932,0.87694452176131,0.953125607727472,NA,NA,"future",0.0468743922725275,-0.953125607727472,0,243,"Q4"
"7872",7872,"HamptonTowson1-31",2026-01-31,"conf","Towson","Hampton","CAA","CAA","H",NA,NA,0.507727245638924,0.224878457335432,0.87694452176131,0.960881974481878,NA,NA,"future",0.0391180255181218,-0.960881974481878,0,238,"Q4"
"7873",7873,"SouthernAlcorn St.1-31",2026-01-31,"conf","Alcorn St.","Southern","SWAC","SWAC","H",NA,NA,0.174056746218553,0.265907681407748,0.87694452176131,0.951629886177392,NA,NA,"future",0.0483701138226084,-0.951629886177392,0,278,"Q4"
"7874",7874,"New Mexico St.Kennesaw St.1-31",2026-01-31,"conf","Kennesaw St.","New Mexico St.","CUSA","CUSA","H",NA,NA,0.57740333990607,0.516577137332239,0.87694452176131,0.869605543564459,NA,NA,"future",0.130394456435541,-0.869605543564459,0,140,"Q3"
"7875",7875,"RutgersUSC1-31",2026-01-31,"conf","USC","Rutgers","B10","B10","H",NA,NA,0.850928400566256,0.434313559219032,0.87694452176131,0.902743058079771,NA,NA,"future",0.0972569419202294,-0.902743058079771,0,153,"Q3"
"7876",7876,"N.C. StateWake Forest1-31",2026-01-31,"conf","Wake Forest","N.C. State","ACC","ACC","H",NA,NA,0.830188381602287,0.872129903528318,0.87694452176131,0.510969471437763,NA,NA,"future",0.489030528562237,-0.510969471437763,0,29,"Q1"
"7877",7877,"ConnecticutCreighton1-31",2026-01-31,"conf","Creighton","Connecticut","BE","BE","H",NA,NA,0.853766094479856,0.948353630627273,0.87694452176131,0.279589420810512,NA,NA,"future",0.720410579189488,-0.279589420810512,0,8,"Q1"
"7878",7878,"Texas A&MGeorgia1-31",2026-01-31,"conf","Georgia","Texas A&M","SEC","SEC","H",NA,NA,0.91600808149171,0.85060177721884,0.87694452176131,0.555885454080178,NA,NA,"future",0.444114545919822,-0.555885454080178,0,41,"Q2"
"7879",7879,"LafayetteAmerican1-31",2026-01-31,"conf","American","Lafayette","Pat","Pat","H",NA,NA,0.508095570002426,0.147463233359836,0.87694452176131,0.976303494184094,NA,NA,"future",0.023696505815906,-0.976303494184094,0,328,"Q4"
"7880",7880,"Loyola MDNavy1-31",2026-01-31,"conf","Navy","Loyola MD","Pat","Pat","H",NA,NA,0.465453988539404,0.0922603677365822,0.87694452176131,0.985938471534303,NA,NA,"future",0.0140615284656967,-0.985938471534303,0,340,"Q4"
"7881",7881,"McNeese St.Lamar1-31",2026-01-31,"conf","Lamar","McNeese St.","Slnd","Slnd","H",NA,NA,0.437571853477538,0.683026270437139,0.87694452176131,0.767829201135309,NA,NA,"future",0.232170798864691,-0.767829201135309,0,57,"Q2"
"7882",7882,"HawaiiLong Beach St.1-31",2026-01-31,"conf","Long Beach St.","Hawaii","BW","BW","H",NA,NA,0.420920977464503,0.653990887306024,0.87694452176131,0.790373812577229,NA,NA,"future",0.209626187422771,-0.790373812577229,0,97,"Q3"
"7883",7883,"BYUKansas1-31",2026-01-31,"conf","Kansas","BYU","B12","B12","H",NA,NA,0.958273819187545,0.897211603893705,0.87694452176131,0.44947037290437,NA,NA,"future",0.550529627095631,-0.44947037290437,0,12,"Q1"
"7884",7884,"North Dakota St.South Dakota1-31",2026-01-31,"conf","South Dakota","North Dakota St.","Sum","Sum","H",NA,NA,0.342292200243587,0.525202618458169,0.87694452176131,0.865636057338206,NA,NA,"future",0.134363942661794,-0.865636057338206,0,132,"Q3"
"7885",7885,"HarvardYale1-31",2026-01-31,"conf","Yale","Harvard","Ivy","Ivy","H",NA,NA,0.814418788081781,0.3540000459956,0.87694452176131,0.928595399712616,NA,NA,"future",0.0714046002873839,-0.928595399712616,0,182,"Q4"
"7886",7886,"MarshallArkansas St.1-31",2026-01-31,"conf","Arkansas St.","Marshall","SB","SB","H",NA,NA,0.643792601240604,0.405108655210775,0.87694452176131,0.912777664866289,NA,NA,"future",0.087222335133711,-0.912777664866289,0,138,"Q3"
"7887",7887,"Little RockTennessee Tech1-31",2026-01-31,"conf","Tennessee Tech","Little Rock","OVC","OVC","H",NA,NA,0.15372993043803,0.127043860244037,0.87694452176131,0.979987080838008,NA,NA,"future",0.0200129191619924,-0.979987080838008,0,302,"Q4"
"7888",7888,"Cal BaptistUT Arlington1-31",2026-01-31,"conf","UT Arlington","Cal Baptist","WAC","WAC","H",NA,NA,0.58940849732773,0.540609234029639,0.87694452176131,0.858272191250011,NA,NA,"future",0.141727808749989,-0.858272191250011,0,120,"Q3"
"7889",7889,"New MexicoSan Jose St.1-31",2026-01-31,"conf","San Jose St.","New Mexico","MWC","MWC","H",NA,NA,0.426462166380668,0.808195778802625,0.87694452176131,0.628428109075613,NA,NA,"future",0.371571890924387,-0.628428109075613,0,42,"Q2"
"7890",7890,"Southeast Missouri St.Eastern Illinois1-31",2026-01-31,"conf","Eastern Illinois","Southeast Missouri St.","OVC","OVC","H",NA,NA,0.254464105144106,0.215113414869716,0.87694452176131,0.962966020309848,NA,NA,"future",0.0370339796901523,-0.962966020309848,0,242,"Q4"
"7891",7891,"SamfordWestern Carolina1-31",2026-01-31,"conf","Western Carolina","Samford","SC","SC","H",NA,NA,0.307831220822344,0.172321727445834,0.87694452176131,0.971614197909055,NA,NA,"future",0.0283858020909451,-0.971614197909055,0,269,"Q4"
"7892",7892,"Northwestern St.New Orleans1-31",2026-01-31,"conf","New Orleans","Northwestern St.","Slnd","Slnd","H",NA,NA,0.48536423289852,0.172988629015108,0.87694452176131,0.971485151015013,NA,NA,"future",0.028514848984987,-0.971485151015013,0,306,"Q4"
"7893",7893,"IndianaUCLA1-31",2026-01-31,"conf","UCLA","Indiana","B10","B10","H",NA,NA,0.883383237146971,0.873086517947804,0.87694452176131,0.508818932948501,NA,NA,"future",0.491181067051499,-0.508818932948501,0,38,"Q2"
"7894",7894,"Eastern MichiganMassachusetts1-31",2026-01-31,"conf","Massachusetts","Eastern Michigan","MAC","MAC","H",NA,NA,0.572880082018046,0.375757933331981,0.87694452176131,0.922112482630347,NA,NA,"future",0.0778875173696529,-0.922112482630347,0,179,"Q4"
"7895",7895,"Robert MorrisPurdue Fort Wayne1-31",2026-01-31,"conf","Purdue Fort Wayne","Robert Morris","Horz","Horz","H",NA,NA,0.440919826703015,0.360345110834765,0.87694452176131,0.926741135334995,NA,NA,"future",0.0732588646650051,-0.926741135334995,0,186,"Q4"
"7896",7896,"San Diego St.Utah St.1-31",2026-01-31,"conf","Utah St.","San Diego St.","MWC","MWC","H",NA,NA,0.914720101774999,0.806407529368549,0.87694452176131,0.631108325214088,NA,NA,"future",0.368891674785912,-0.631108325214088,0,52,"Q2"
"7897",7897,"Ohio St.Wisconsin1-31",2026-01-31,"conf","Wisconsin","Ohio St.","B10","B10","H",NA,NA,0.913235229454143,0.817900794713915,0.87694452176131,0.613398179056679,NA,NA,"future",0.386601820943321,-0.613398179056679,0,35,"Q2"
"7898",7898,"Louisiana TechSam Houston St.1-31",2026-01-31,"conf","Sam Houston St.","Louisiana Tech","CUSA","CUSA","H",NA,NA,0.710010982697554,0.208034428147825,0.87694452176131,0.964450169222807,NA,NA,"future",0.0355498307771926,-0.964450169222807,0,264,"Q4"
"7899",7899,"Bethune CookmanAlabama St.1-31",2026-01-31,"conf","Alabama St.","Bethune Cookman","SWAC","SWAC","H",NA,NA,0.268009882386887,0.251758726760507,0.87694452176131,0.954914569002642,NA,NA,"future",0.0450854309973584,-0.954914569002642,0,268,"Q4"
"7900",7900,"Fairleigh DickinsonWagner1-31",2026-01-31,"conf","Wagner","Fairleigh Dickinson","NEC","NEC","H",NA,NA,0.231947573900047,0.105857899301199,0.87694452176131,0.983658574348393,NA,NA,"future",0.0163414256516066,-0.983658574348393,0,339,"Q4"
"7901",7901,"OhioBuffalo1-31",2026-01-31,"conf","Buffalo","Ohio","MAC","MAC","H",NA,NA,0.546556873185776,0.300680871365136,0.87694452176131,0.943099418758103,NA,NA,"future",0.0569005812418973,-0.943099418758103,0,216,"Q4"
"7902",7902,"StanfordFlorida St.1-31",2026-01-31,"conf","Florida St.","Stanford","ACC","ACC","H",NA,NA,0.714263605095652,0.712676563861534,0.87694452176131,0.741808445428602,NA,NA,"future",0.258191554571398,-0.741808445428602,0,68,"Q2"
"7903",7903,"LipscombNorth Florida1-31",2026-01-31,"conf","North Florida","Lipscomb","ASun","ASun","H",NA,NA,0.222890542562906,0.400063738169319,0.87694452176131,0.914433271367804,NA,NA,"future",0.0855667286321963,-0.914433271367804,0,160,"Q3"
"7904",7904,"IdahoNorthern Arizona1-31",2026-01-31,"conf","Northern Arizona","Idaho","BSky","BSky","H",NA,NA,0.24304227579025,0.431116462873849,0.87694452176131,0.903880582257921,NA,NA,"future",0.0961194177420787,-0.903880582257921,0,158,"Q3"
"7905",7905,"PacificSan Francisco1-31",2026-01-31,"conf","San Francisco","Pacific","WCC","WCC","H",NA,NA,0.739588765971914,0.522643024911776,0.87694452176131,0.866825148339616,NA,NA,"future",0.133174851660384,-0.866825148339616,0,110,"Q3"
"7906",7906,"Colorado St.Wyoming1-31",2026-01-31,"conf","Wyoming","Colorado St.","MWC","MWC","H",NA,NA,0.76314542480965,0.62699617671433,0.87694452176131,0.809143842490246,NA,NA,"future",0.190856157509754,-0.809143842490246,0,92,"Q3"
"7907",7907,"PrincetonColumbia1-31",2026-01-31,"conf","Columbia","Princeton","Ivy","Ivy","H",NA,NA,0.567588970085062,0.302269000525834,0.87694452176131,0.942693369093223,NA,NA,"future",0.0573066309067766,-0.942693369093223,0,239,"Q4"
"7908",7908,"Houston ChristianTexas A&M Corpus Chris1-31",2026-01-31,"conf","Texas A&M Corpus Chris","Houston Christian","Slnd","Slnd","H",NA,NA,0.574962601011334,0.166904500846973,0.87694452176131,0.972656041762217,NA,NA,"future",0.0273439582377828,-0.972656041762217,0,297,"Q4"
"7909",7909,"Western KentuckyMiddle Tennessee1-31",2026-01-31,"conf","Middle Tennessee","Western Kentucky","CUSA","CUSA","H",NA,NA,0.754494348969183,0.381373069076346,0.87694452176131,0.920380838248542,NA,NA,"future",0.0796191617514583,-0.920380838248542,0,167,"Q4"
"7910",7910,"DelawareUTEP1-31",2026-01-31,"conf","UTEP","Delaware","CUSA","CUSA","H",NA,NA,0.346704940492434,0.176954731417496,0.87694452176131,0.970714096550497,NA,NA,"future",0.0292859034495031,-0.970714096550497,0,300,"Q4"
"7911",7911,"Idaho St.Weber St.1-31",2026-01-31,"conf","Weber St.","Idaho St.","BSky","BSky","H",NA,NA,0.519652525465715,0.328595781865349,0.87694452176131,0.935737061162961,NA,NA,"future",0.0642629388370387,-0.935737061162961,0,174,"Q4"
"7912",7912,"LIUCentral Connecticut1-31",2026-01-31,"conf","Central Connecticut","LIU","NEC","NEC","H",NA,NA,0.302144565079282,0.325501227881235,0.87694452176131,0.936577409173886,NA,NA,"future",0.0634225908261143,-0.936577409173886,0,201,"Q4"
"7913",7913,"Jacksonville St.Missouri St.1-31",2026-01-31,"conf","Missouri St.","Jacksonville St.","CUSA","CUSA","H",NA,NA,0.618345928322213,0.295930609897491,0.87694452176131,0.944305079945083,NA,NA,"future",0.0556949200549175,-0.944305079945083,0,245,"Q4"
"7914",7914,"RiceCharlotte1-31",2026-01-31,"conf","Charlotte","Rice","Amer","Amer","H",NA,NA,0.567723178537992,0.305946467034478,0.87694452176131,0.941747346673167,NA,NA,"future",0.0582526533268328,-0.941747346673167,0,253,"Q4"
"7915",7915,"BaylorWest Virginia1-31",2026-01-31,"conf","West Virginia","Baylor","B12","B12","H",NA,NA,0.87123425331909,0.740905781509242,0.87694452176131,0.713639564464455,NA,NA,"future",0.286360435535545,-0.713639564464455,0,53,"Q2"
"7916",7916,"LindenwoodMorehead St.1-31",2026-01-31,"conf","Morehead St.","Lindenwood","OVC","OVC","H",NA,NA,0.270894090214231,0.294360678016868,0.87694452176131,0.944700645022092,NA,NA,"future",0.0552993549779085,-0.944700645022092,0,224,"Q4"
"7917",7917,"Montana St.Portland St.1-31",2026-01-31,"conf","Portland St.","Montana St.","BSky","BSky","H",NA,NA,0.588461091868302,0.518194021185584,0.87694452176131,0.868869531125587,NA,NA,"future",0.131130468874413,-0.868869531125587,0,134,"Q3"
"7918",7918,"Notre DameSyracuse1-31",2026-01-31,"conf","Syracuse","Notre Dame","ACC","ACC","H",NA,NA,0.839475742553748,0.645182423439833,0.87694452176131,0.796713547399044,NA,NA,"future",0.203286452600956,-0.796713547399044,0,81,"Q3"
"7919",7919,"Old DominionTexas St.1-31",2026-01-31,"conf","Texas St.","Old Dominion","SB","SB","H",NA,NA,0.382567816926111,0.270343466440864,0.87694452176131,0.950578683851748,NA,NA,"future",0.0494213161482524,-0.950578683851748,0,250,"Q4"
"7920",7920,"Utah TechTarleton St.1-31",2026-01-31,"conf","Tarleton St.","Utah Tech","WAC","WAC","H",NA,NA,0.559896594488506,0.326398450988887,0.87694452176131,0.936334401660849,NA,NA,"future",0.0636655983391512,-0.936334401660849,0,199,"Q4"
"7921",7921,"EvansvilleNorthern Iowa1-31",2026-01-31,"conf","Northern Iowa","Evansville","MVC","MVC","H",NA,NA,0.757436564872932,0.195465563513328,0.87694452176131,0.967031802152611,NA,NA,"future",0.0329681978473889,-0.967031802152611,0,284,"Q4"
"7922",7922,"DartmouthBrown1-31",2026-01-31,"conf","Brown","Dartmouth","Ivy","Ivy","H",NA,NA,0.361296853591693,0.313883565357004,0.87694452176131,0.939677619552002,NA,NA,"future",0.060322380447998,-0.939677619552002,0,222,"Q4"
"7923",7923,"MontanaSacramento St.1-31",2026-01-31,"conf","Sacramento St.","Montana","BSky","BSky","H",NA,NA,0.304984656110273,0.47565609222007,0.87694452176131,0.887080556167823,NA,NA,"future",0.112919443832177,-0.887080556167823,0,163,"Q4"
"7924",7924,"High PointLongwood1-31",2026-01-31,"conf","Longwood","High Point","BSth","BSth","H",NA,NA,0.312752660506419,0.620370956724355,0.87694452176131,0.813465209380118,NA,NA,"future",0.186534790619882,-0.813465209380118,0,90,"Q3"
"7925",7925,"Eastern WashingtonNorthern Colorado1-31",2026-01-31,"conf","Northern Colorado","Eastern Washington","BSky","BSky","H",NA,NA,0.60052552003834,0.310791476526984,0.87694452176131,0.940488514720462,NA,NA,"future",0.0595114852795378,-0.940488514720462,0,254,"Q4"
"7926",7926,"UABNorth Texas1-31",2026-01-31,"conf","North Texas","UAB","Amer","Amer","H",NA,NA,0.61394540023339,0.524998488358512,0.87694452176131,0.865731238499826,NA,NA,"future",0.134268761500174,-0.865731238499826,0,122,"Q3"
"7927",7927,"HofstraMonmouth1-31",2026-01-31,"conf","Monmouth","Hofstra","CAA","CAA","H",NA,NA,0.470690741874601,0.550605304781333,0.87694452176131,0.853296277500354,NA,NA,"future",0.146703722499646,-0.853296277500354,0,106,"Q3"
"7928",7928,"RadfordPresbyterian1-31",2026-01-31,"conf","Presbyterian","Radford","BSth","BSth","H",NA,NA,0.33833969804482,0.229310238486478,0.87694452176131,0.959921770218191,NA,NA,"future",0.0400782297818087,-0.959921770218191,0,260,"Q4"
"7929",7929,"North AlabamaStetson1-31",2026-01-31,"conf","Stetson","North Alabama","ASun","ASun","H",NA,NA,0.223300374896591,0.0884777145660335,0.87694452176131,0.986562452243666,NA,NA,"future",0.013437547756334,-0.986562452243666,0,335,"Q4"
"7930",7930,"Saint Joseph'sLa Salle1-31",2026-01-31,"conf","La Salle","Saint Joseph's","A10","A10","H",NA,NA,0.503258861337018,0.441375051805727,0.87694452176131,0.90019487903602,NA,NA,"future",0.0998051209639798,-0.90019487903602,0,192,"Q4"
"7931",7931,"Norfolk St.Howard1-31",2026-01-31,"conf","Howard","Norfolk St.","MEAC","MEAC","H",NA,NA,0.366972280657132,0.12516166540671,0.87694452176131,0.980319327860556,NA,NA,"future",0.019680672139444,-0.980319327860556,0,303,"Q4"
"7932",7932,"Illinois ChicagoSouthern Illinois1-31",2026-01-31,"conf","Southern Illinois","Illinois Chicago","MVC","MVC","H",NA,NA,0.58926743721773,0.500741447619587,0.87694452176131,0.876624116731868,NA,NA,"future",0.123375883268132,-0.876624116731868,0,161,"Q4"
"7933",7933,"North CarolinaGeorgia Tech1-31",2026-01-31,"conf","Georgia Tech","North Carolina","ACC","ACC","H",NA,NA,0.649662104684215,0.849603281638803,0.87694452176131,0.557819068404126,NA,NA,"future",0.442180931595874,-0.557819068404126,0,27,"Q1"
"7934",7934,"Boston UniversityBucknell1-31",2026-01-31,"conf","Bucknell","Boston University","Pat","Pat","H",NA,NA,0.217206619977822,0.173160301084916,0.87694452176131,0.97145190396275,NA,NA,"future",0.0285480960372501,-0.97145190396275,0,292,"Q4"
"7935",7935,"North Carolina A&TDrexel1-31",2026-01-31,"conf","Drexel","North Carolina A&T","CAA","CAA","H",NA,NA,0.506908140029048,0.167266946360123,0.87694452176131,0.97258668982768,NA,NA,"future",0.0274133101723195,-0.97258668982768,0,270,"Q4"
"7936",7936,"Cal St. FullertonUC Santa Barbara1-31",2026-01-31,"conf","UC Santa Barbara","Cal St. Fullerton","BW","BW","H",NA,NA,0.641009132198243,0.331925225797259,0.87694452176131,0.934825940311833,NA,NA,"future",0.0651740596881669,-0.934825940311833,0,200,"Q4"
"7937",7937,"South FloridaTemple1-31",2026-01-31,"conf","Temple","South Florida","Amer","Amer","H",NA,NA,0.639379701297134,0.716094166023229,0.87694452176131,0.738587386794364,NA,NA,"future",0.261412613205636,-0.738587386794364,0,66,"Q2"
"7938",7938,"CaliforniaMiami FL1-31",2026-01-31,"conf","Miami FL","California","ACC","ACC","H",NA,NA,0.882624997146115,0.717957478164634,0.87694452176131,0.736810404185855,NA,NA,"future",0.263189595814145,-0.736810404185855,0,60,"Q2"
"7939",7939,"PortlandWashington St.1-31",2026-01-31,"conf","Washington St.","Portland","WCC","WCC","H",NA,NA,0.640213899600399,0.394760979258516,0.87694452176131,0.916150061931773,NA,NA,"future",0.0838499380682269,-0.916150061931773,0,215,"Q4"
"7940",7940,"GeorgetownButler1-31",2026-01-31,"conf","Butler","Georgetown","BE","BE","H",NA,NA,0.858613464070704,0.594254951891872,0.87694452176131,0.829519401147896,NA,NA,"future",0.170480598852104,-0.829519401147896,0,118,"Q3"
"7941",7941,"VMIMercer1-31",2026-01-31,"conf","Mercer","VMI","SC","SC","H",NA,NA,0.653833270716202,0.081180331096308,0.87694452176131,0.987753891098385,NA,NA,"future",0.0122461089016148,-0.987753891098385,0,353,"Q4"
"7942",7942,"George MasonSt. Bonaventure1-31",2026-01-31,"conf","St. Bonaventure","George Mason","A10","A10","H",NA,NA,0.588463345654528,0.622989999921908,0.87694452176131,0.811769579931046,NA,NA,"future",0.188230420068954,-0.811769579931046,0,63,"Q2"
"7943",7943,"LSUSouth Carolina1-31",2026-01-31,"conf","South Carolina","LSU","SEC","SEC","H",NA,NA,0.817726977948728,0.778358211737825,0.87694452176131,0.669889229359921,NA,NA,"future",0.330110770640079,-0.669889229359921,0,50,"Q2"
"7944",7944,"New HampshireBryant1-31",2026-01-31,"conf","Bryant","New Hampshire","AE","AE","H",NA,NA,0.125026481328206,0.179474847733072,0.87694452176131,0.970220927546977,NA,NA,"future",0.0297790724530229,-0.970220927546977,0,323,"Q4"
"7945",7945,"Stony BrookElon1-31",2026-01-31,"conf","Elon","Stony Brook","CAA","CAA","H",NA,NA,0.576866467930946,0.309545341676412,0.87694452176131,0.940813650809901,NA,NA,"future",0.0591863491900992,-0.940813650809901,0,234,"Q4"
"7946",7946,"Nicholls St.East Texas A&M1-31",2026-01-31,"conf","East Texas A&M","Nicholls St.","Slnd","Slnd","H",NA,NA,0.343115860118082,0.298838774145833,0.87694452176131,0.943568533420601,NA,NA,"future",0.0564314665793993,-0.943568533420601,0,214,"Q4"
"7947",7947,"UNC AshevilleWinthrop1-31",2026-01-31,"conf","Winthrop","UNC Asheville","BSth","BSth","H",NA,NA,0.589293391463423,0.274453641199316,0.87694452176131,0.949595279565646,NA,NA,"future",0.0504047204343535,-0.949595279565646,0,232,"Q4"
"7948",7948,"Southeastern LouisianaStephen F. Austin1-31",2026-01-31,"conf","Stephen F. Austin","Southeastern Louisiana","Slnd","Slnd","H",NA,NA,0.815047683515057,0.210763265088124,0.87694452176131,0.963880666391084,NA,NA,"future",0.0361193336089162,-0.963880666391084,0,288,"Q4"
"7949",7949,"Tennessee MartinWestern Illinois1-31",2026-01-31,"conf","Western Illinois","Tennessee Martin","OVC","OVC","H",NA,NA,0.107692571655567,0.237188051713002,0.87694452176131,0.958192248853182,NA,NA,"future",0.041807751146818,-0.958192248853182,0,187,"Q4"
"7950",7950,"UC San DiegoCal St. Northridge1-31",2026-01-31,"conf","Cal St. Northridge","UC San Diego","BW","BW","H",NA,NA,0.543814122124777,0.591942410772934,0.87694452176131,0.830870239432055,NA,NA,"future",0.169129760567945,-0.830870239432055,0,98,"Q3"
"7951",7951,"Georgia St.South Alabama1-31",2026-01-31,"conf","South Alabama","Georgia St.","SB","SB","H",NA,NA,0.456678516291553,0.207313157197796,0.87694452176131,0.964600153744441,NA,NA,"future",0.0353998462555593,-0.964600153744441,0,261,"Q4"
"7952",7952,"Appalachian St.Troy1-31",2026-01-31,"conf","Troy","Appalachian St.","SB","SB","H",NA,NA,0.719734730060241,0.322413113123934,0.87694452176131,0.937409842186305,NA,NA,"future",0.0625901578136946,-0.937409842186305,0,212,"Q4"
"7953",7953,"Florida Gulf CoastJacksonville1-31",2026-01-31,"conf","Jacksonville","Florida Gulf Coast","ASun","ASun","H",NA,NA,0.269014167855688,0.308404183016962,0.87694452176131,0.941110565442255,NA,NA,"future",0.0588894345577446,-0.941110565442255,0,237,"Q4"
"7954",7954,"SIU EdwardsvilleSouthern Indiana1-31",2026-01-31,"conf","Southern Indiana","SIU Edwardsville","OVC","OVC","H",NA,NA,0.167812136503116,0.222517010562244,0.87694452176131,0.961389918559662,NA,NA,"future",0.0386100814403375,-0.961389918559662,0,255,"Q4"
"7955",7955,"Nebraska OmahaDenver1-31",2026-01-31,"conf","Denver","Nebraska Omaha","Sum","Sum","H",NA,NA,0.405627761111882,0.245482919288472,0.87694452176131,0.956339074498325,NA,NA,"future",0.0436609255016746,-0.956339074498325,0,281,"Q4"
"7956",7956,"Santa ClaraLoyola Marymount1-31",2026-01-31,"conf","Loyola Marymount","Santa Clara","WCC","WCC","H",NA,NA,0.569167328627858,0.832662968850565,0.87694452176131,0.588844197277155,NA,NA,"future",0.411155802722845,-0.588844197277155,0,44,"Q2"
"7957",7957,"Maryland Eastern ShoreDelaware St.1-31",2026-01-31,"conf","Delaware St.","Maryland Eastern Shore","MEAC","MEAC","H",NA,NA,0.090666985933371,0.112768939573491,0.87694452176131,0.98247717744524,NA,NA,"future",0.0175228225547599,-0.98247717744524,0,325,"Q4"
"7958",7958,"Oklahoma St.Utah1-31",2026-01-31,"conf","Utah","Oklahoma St.","B12","B12","H",NA,NA,0.735923022179889,0.704302099365832,0.87694452176131,0.749498494736875,NA,NA,"future",0.250501505263125,-0.749498494736875,0,73,"Q2"
"7959",7959,"Gardner WebbCharleston Southern1-31",2026-01-31,"conf","Charleston Southern","Gardner Webb","BSth","BSth","H",NA,NA,0.455058138848351,0.031054600359691,0.87694452176131,0.995522798064527,NA,NA,"future",0.00447720193547285,-0.995522798064527,0,363,"Q4"
"7960",7960,"MarquetteSeton Hall1-31",2026-01-31,"conf","Marquette","Seton Hall","BE","BE","A",NA,NA,0.526647022481542,0.873855128810157,0.789142831518436,0.350756125662828,NA,NA,"future",0.649243874337172,-0.350756125662828,0,45,"Q1"
"7961",7961,"SMULouisville1-31",2026-01-31,"conf","SMU","Louisville","ACC","ACC","A",NA,NA,0.852332367434774,0.960766906153242,0.789142831518436,0.132567603493666,NA,NA,"future",0.867432396506334,-0.132567603493666,0,15,"Q1"
"7962",7962,"TexasOklahoma1-31",2026-01-31,"conf","Texas","Oklahoma","SEC","SEC","A",NA,NA,0.805200835828333,0.795763730228384,0.789142831518436,0.489936745058446,NA,NA,"future",0.510063254941554,-0.489936745058446,0,76,"Q2"
"7963",7963,"Holy CrossArmy1-31",2026-01-31,"conf","Holy Cross","Army","Pat","Pat","A",NA,NA,0.118107022625567,0.208126264319721,0.789142831518436,0.934381268827168,NA,NA,"future",0.0656187311728325,-0.934381268827168,0,320,"Q4"
"7964",7964,"Coastal CarolinaLouisiana Monroe1-31",2026-01-31,"conf","Coastal Carolina","Louisiana Monroe","SB","SB","A",NA,NA,0.252170326443001,0.110510816070549,0.789142831518436,0.967869772859297,NA,NA,"future",0.0321302271407032,-0.967869772859297,0,359,"Q4"
"7965",7965,"Austin PeayWest Georgia1-31",2026-01-31,"conf","Austin Peay","West Georgia","ASun","ASun","A",NA,NA,0.467994966707812,0.213011210585839,0.789142831518436,0.932556250535378,NA,NA,"future",0.0674437494646216,-0.932556250535378,0,322,"Q4"
"7966",7966,"UT Rio Grande ValleyIncarnate Word1-31",2026-01-31,"conf","UT Rio Grande Valley","Incarnate Word","Slnd","Slnd","A",NA,NA,0.397957356960562,0.403222433818588,0.789142831518436,0.847072516115336,NA,NA,"future",0.152927483884664,-0.847072516115336,0,246,"Q4"
"7967",7967,"ColgateLehigh1-31",2026-01-31,"conf","Colgate","Lehigh","Pat","Pat","A",NA,NA,0.363069644263239,0.26032083125622,0.789142831518436,0.914045954914765,NA,NA,"future",0.0859540450852349,-0.914045954914765,0,298,"Q4"
"7968",7968,"NJITVermont1-31",2026-01-31,"conf","NJIT","Vermont","AE","AE","A",NA,NA,0.108362596707915,0.446282341818913,0.789142831518436,0.822805153276422,NA,NA,"future",0.177194846723578,-0.822805153276422,0,207,"Q3"
"7969",7969,"Texas SouthernPrairie View A&M1-31",2026-01-31,"conf","Texas Southern","Prairie View A&M","SWAC","SWAC","A",NA,NA,0.127997519309955,0.284102058387528,0.789142831518436,0.904129167023034,NA,NA,"future",0.0958708329769656,-0.904129167023034,0,296,"Q4"
"7970",7970,"Saint Mary'sGonzaga1-31",2026-01-31,"conf","Saint Mary's","Gonzaga","WCC","WCC","A",NA,NA,0.839624194120796,0.966086351861385,0.789142831518436,0.116122856905454,NA,NA,"future",0.883877143094546,-0.116122856905454,0,4,"Q1"
"7971",7971,"VanderbiltMississippi1-31",2026-01-31,"conf","Vanderbilt","Mississippi","SEC","SEC","A",NA,NA,0.928124167770446,0.782795445947566,0.789142831518436,0.509432503898883,NA,NA,"future",0.490567496101117,-0.509432503898883,0,87,"Q2"
"7972",7972,"PennCornell1-31",2026-01-31,"conf","Penn","Cornell","Ivy","Ivy","A",NA,NA,0.395413064060764,0.536163309604943,0.789142831518436,0.764022375784147,NA,NA,"future",0.235977624215853,-0.764022375784147,0,188,"Q3"
"7973",7973,"Oral RobertsSouth Dakota St.1-31",2026-01-31,"conf","Oral Roberts","South Dakota St.","Sum","Sum","A",NA,NA,0.14650394031066,0.53567472683946,0.789142831518436,0.764376370522328,NA,NA,"future",0.235623629477672,-0.764376370522328,0,180,"Q3"
"7974",7974,"Florida A&MAlabama A&M1-31",2026-01-31,"conf","Florida A&M","Alabama A&M","SWAC","SWAC","A",NA,NA,0.193160437433708,0.264840745295219,0.789142831518436,0.91219415768358,NA,NA,"future",0.0878058423164204,-0.91219415768358,0,308,"Q4"
"7975",7975,"Eastern KentuckyCentral Arkansas1-31",2026-01-31,"conf","Eastern Kentucky","Central Arkansas","ASun","ASun","A",NA,NA,0.223192376556858,0.578184355364173,0.789142831518436,0.73193102040683,NA,NA,"future",0.26806897959317,-0.73193102040683,0,206,"Q3"
"7976",7976,"WashingtonNorthwestern1-31",2026-01-31,"conf","Washington","Northwestern","B10","B10","A",NA,NA,0.749226742667862,0.848307220201776,0.789142831518436,0.400923368847485,NA,NA,"future",0.599076631152515,-0.400923368847485,0,69,"Q1"
"7977",7977,"AuburnTennessee1-31",2026-01-31,"conf","Auburn","Tennessee","SEC","SEC","A",NA,NA,0.84883999378349,0.951108153148531,0.789142831518436,0.161345502513521,NA,NA,"future",0.838654497486479,-0.161345502513521,0,26,"Q1"
"7978",7978,"PittsburghClemson1-31",2026-01-31,"conf","Pittsburgh","Clemson","ACC","ACC","A",NA,NA,0.587700127965515,0.937538780726441,0.789142831518436,0.199576091999099,NA,NA,"future",0.800423908000901,-0.199576091999099,0,32,"Q1"
"7979",7979,"Northern IllinoisMiami OH1-31",2026-01-31,"conf","Northern Illinois","Miami OH","MAC","MAC","A",NA,NA,0.136539414444762,0.813854927875804,0.789142831518436,0.461205767573537,NA,NA,"future",0.538794232426463,-0.461205767573537,0,49,"Q1"
"7980",7980,"BradleyDrake1-31",2026-01-31,"conf","Bradley","Drake","MVC","MVC","A",NA,NA,0.472493714824135,0.53888123509143,0.789142831518436,0.762045499978807,NA,NA,"future",0.237954500021193,-0.762045499978807,0,166,"Q3"
"7981",7981,"Bowling GreenCentral Michigan1-31",2026-01-31,"conf","Bowling Green","Central Michigan","MAC","MAC","A",NA,NA,0.571728621824331,0.241994330286212,0.789142831518436,0.921401475256222,NA,NA,"future",0.0785985247437777,-0.921401475256222,0,329,"Q4"
"7982",7982,"CincinnatiHouston1-31",2026-01-31,"conf","Cincinnati","Houston","B12","B12","A",NA,NA,0.78379278013368,0.978859960512281,0.789142831518436,0.0747819159995559,NA,NA,"future",0.925218084000444,-0.0747819159995559,0,10,"Q1"
"7983",7983,"Mississippi St.Missouri1-31",2026-01-31,"conf","Mississippi St.","Missouri","SEC","SEC","A",NA,NA,0.637216067206247,0.837628198528992,0.789142831518436,0.42045174979891,NA,NA,"future",0.57954825020109,-0.42045174979891,0,70,"Q1"
"7984",7984,"QueensBellarmine1-31",2026-01-31,"conf","Queens","Bellarmine","ASun","ASun","A",NA,NA,0.358618140773719,0.246363301451693,0.789142831518436,0.919669832563784,NA,NA,"future",0.080330167436216,-0.919669832563784,0,291,"Q4"
"7985",7985,"CampbellWilliam & Mary1-31",2026-01-31,"conf","Campbell","William & Mary","CAA","CAA","A",NA,NA,0.327073956545687,0.684495357208954,0.789142831518436,0.633034687260019,NA,NA,"future",0.366965312739981,-0.633034687260019,0,108,"Q2"
"7986",7986,"UMass LowellMaine1-31",2026-01-31,"conf","UMass Lowell","Maine","AE","AE","A",NA,NA,0.165007692678497,0.117473612685145,0.789142831518436,0.965654705788423,NA,NA,"future",0.0343452942115771,-0.965654705788423,0,343,"Q4"
"7987",7987,"Fresno St.Air Force1-31",2026-01-31,"conf","Fresno St.","Air Force","MWC","MWC","A",NA,NA,0.481922792123584,0.183685442633759,0.789142831518436,0.943285622791657,NA,NA,"future",0.0567143772083434,-0.943285622791657,0,336,"Q4"
"7988",7988,"ArizonaArizona St.1-31",2026-01-31,"conf","Arizona","Arizona St.","B12","B12","A",NA,NA,0.958472429946254,0.764484530115745,0.789142831518436,0.535525330246126,NA,NA,"future",0.464474669753874,-0.535525330246126,0,93,"Q2"
"7989",7989,"KentuckyArkansas1-31",2026-01-31,"conf","Kentucky","Arkansas","SEC","SEC","A",NA,NA,0.817212751797622,0.944779447184236,0.789142831518436,0.17948361785422,NA,NA,"future",0.82051638214578,-0.17948361785422,0,20,"Q1"
"7990",7990,"Morgan St.Coppin St.1-31",2026-01-31,"conf","Morgan St.","Coppin St.","MEAC","MEAC","A",NA,NA,0.0419653130687214,0.0483363016192594,0.789142831518436,0.986610377031088,NA,NA,"future",0.0133896229689121,-0.986610377031088,0,364,"Q4"
"7991",7991,"Ball St.Toledo1-31",2026-01-31,"conf","Ball St.","Toledo","MAC","MAC","A",NA,NA,0.175570369203068,0.565070766531367,0.789142831518436,0.742307911949207,NA,NA,"future",0.257692088050793,-0.742307911949207,0,169,"Q3"
"7992",7992,"East Tennessee St.Wofford1-31",2026-01-31,"conf","East Tennessee St.","Wofford","SC","SC","A",NA,NA,0.448888433472161,0.427054957226168,0.789142831518436,0.833916616644165,NA,NA,"future",0.166083383355835,-0.833916616644165,0,225,"Q3"
"7993",7993,"New HavenSaint Francis1-31",2026-01-31,"conf","New Haven","Saint Francis","NEC","NEC","A",NA,NA,0.109352159726003,0.11893327333037,0.789142831518436,0.965187205836041,NA,NA,"future",0.0348127941639589,-0.965187205836041,0,354,"Q4"
"7994",7994,"DePaulXavier1-31",2026-01-31,"conf","DePaul","Xavier","BE","BE","A",NA,NA,0.57837139577554,0.780139218822579,0.789142831518436,0.513318973154326,NA,NA,"future",0.486681026845674,-0.513318973154326,0,94,"Q2"
"7995",7995,"ValparaisoIndiana St.1-31",2026-01-31,"conf","Valparaiso","Indiana St.","MVC","MVC","A",NA,NA,0.458749949196083,0.52112194682298,0.789142831518436,0.774732331268569,NA,NA,"future",0.225267668731431,-0.774732331268569,0,205,"Q3"
"7996",7996,"CharlestonNortheastern1-31",2026-01-31,"conf","Charleston","Northeastern","CAA","CAA","A",NA,NA,0.363361259870032,0.389208555122323,0.789142831518436,0.854508227313528,NA,NA,"future",0.145491772686472,-0.854508227313528,0,249,"Q4"
"7997",7997,"Grambling St.Jackson St.1-31",2026-01-31,"conf","Grambling St.","Jackson St.","SWAC","SWAC","A",NA,NA,0.233559697555641,0.203615154509213,0.789142831518436,0.936052982067883,NA,NA,"future",0.0639470179321173,-0.936052982067883,0,347,"Q4"
"7998",7998,"UNC GreensboroThe Citadel1-31",2026-01-31,"conf","UNC Greensboro","The Citadel","SC","SC","A",NA,NA,0.170845743130604,0.140154923802397,0.789142831518436,0.958264437000095,NA,NA,"future",0.0417355629999049,-0.958264437000095,0,350,"Q4"
"7999",7999,"StonehillLe Moyne1-31",2026-01-31,"conf","Stonehill","Le Moyne","NEC","NEC","A",NA,NA,0.0863616106872418,0.367582572503491,0.789142831518436,0.865572723413798,NA,NA,"future",0.134427276586202,-0.865572723413798,0,263,"Q4"
"8000",8000,"North Carolina CentralSouth Carolina St.1-31",2026-01-31,"conf","North Carolina Central","South Carolina St.","MEAC","MEAC","A",NA,NA,0.082756424692227,0.0923660430113964,0.789142831518436,0.973528234373433,NA,NA,"future",0.0264717656265669,-0.973528234373433,0,360,"Q4"
"8001",8001,"Texas TechUCF1-31",2026-01-31,"conf","Texas Tech","UCF","B12","B12","A",NA,NA,0.914150403527372,0.866736847529921,0.789142831518436,0.365251362941497,NA,NA,"future",0.634748637058503,-0.365251362941497,0,39,"Q1"
"8002",8002,"DukeVirginia Tech1-31",2026-01-31,"conf","Duke","Virginia Tech","ACC","ACC","A",NA,NA,0.939287290689777,0.853893151640768,0.789142831518436,0.39038325210195,NA,NA,"future",0.609616747898049,-0.39038325210195,0,51,"Q1"
"8003",8003,"UMBCAlbany1-31",2026-01-31,"conf","UMBC","Albany","AE","AE","A",NA,NA,0.209748829553563,0.305119018679747,0.789142831518436,0.894994515735722,NA,NA,"future",0.105005484264278,-0.894994515735722,0,309,"Q4"
"8004",8004,"MercyhurstChicago St.1-31",2026-01-31,"conf","Mercyhurst","Chicago St.","NEC","NEC","A",NA,NA,0.197715059489074,0.131935258890074,0.789142831518436,0.960974076944283,NA,NA,"future",0.0390259230557167,-0.960974076944283,0,352,"Q4"
"8005",8005,"Murray St.Belmont1-31",2026-01-31,"conf","Murray St.","Belmont","MVC","MVC","A",NA,NA,0.635707651012394,0.80633083929574,0.789142831518436,0.473381084368494,NA,NA,"future",0.526618915631506,-0.473381084368494,0,64,"Q1"
"8006",8006,"UC DavisCal St. Bakersfield1-31",2026-01-31,"conf","UC Davis","Cal St. Bakersfield","BW","BW","A",NA,NA,0.410152855593226,0.265483872557692,0.789142831518436,0.911929432395944,NA,NA,"future",0.0880705676040564,-0.911929432395944,0,301,"Q4"
"8007",8007,"FordhamGeorge Washington1-31",2026-01-31,"conf","Fordham","George Washington","A10","A10","A",NA,NA,0.363206300265358,0.805846857394486,0.789142831518436,0.474153029460988,NA,NA,"future",0.525846970539012,-0.474153029460988,0,75,"Q1"
"8008",8008,"DavidsonRichmond1-31",2026-01-31,"conf","Davidson","Richmond","A10","A10","A",NA,NA,0.541996731296271,0.660447080764919,0.789142831518436,0.658019120873694,NA,NA,"future",0.341980879126306,-0.658019120873694,0,126,"Q2"
"8009",8009,"Cal PolyUC Riverside1-31",2026-01-31,"conf","Cal Poly","UC Riverside","BW","BW","A",NA,NA,0.22558726115521,0.32462968162574,0.789142831518436,0.886184093747293,NA,NA,"future",0.113815906252707,-0.886184093747293,0,283,"Q4"
"8010",8010,"Southern UtahAbilene Christian1-31",2026-01-31,"conf","Southern Utah","Abilene Christian","WAC","WAC","A",NA,NA,0.206808186371712,0.395357780875213,0.789142831518436,0.851271945390759,NA,NA,"future",0.148728054609241,-0.851271945390759,0,241,"Q4"
"8011",8011,"Arkansas Pine BluffMississippi Valley St.1-31",2026-01-31,"conf","Arkansas Pine Bluff","Mississippi Valley St.","SWAC","SWAC","A",NA,NA,0.210499397365107,0.0374143704241414,0.789142831518436,0.989721146603053,NA,NA,"future",0.0102788533969466,-0.989721146603053,0,365,"Q4"
"8012",8012,"VirginiaBoston College1-31",2026-01-31,"conf","Virginia","Boston College","ACC","ACC","A",NA,NA,0.941543118572919,0.611273164360049,0.789142831518436,0.704141763062635,NA,NA,"future",0.295858236937365,-0.704141763062635,0,157,"Q3"
"8013",8013,"James MadisonSouthern Miss1-31",2026-01-31,"conf","James Madison","Southern Miss","SB","SB","A",NA,NA,0.248008473110579,0.436163066612626,0.789142831518436,0.828710427563868,NA,NA,"future",0.171289572436132,-0.828710427563868,0,236,"Q3"
"8014",8014,"Oregon St.San Diego1-31",2026-01-31,"conf","Oregon St.","San Diego","WCC","WCC","A",NA,NA,0.33310428152549,0.545701106777343,0.789142831518436,0.75702731189978,NA,NA,"future",0.24297268810022,-0.75702731189978,0,208,"Q3"
"8015",8015,"Georgia SouthernLouisiana1-31",2026-01-31,"conf","Georgia Southern","Louisiana","SB","SB","A",NA,NA,0.25951963690932,0.233108569263396,0.789142831518436,0.924882092909863,NA,NA,"future",0.0751179070901371,-0.924882092909863,0,334,"Q4"
"8016",8016,"HamptonTowson1-31",2026-01-31,"conf","Hampton","Towson","CAA","CAA","A",NA,NA,0.224878457335432,0.507727245638924,0.789142831518436,0.783953308037154,NA,NA,"future",0.216046691962846,-0.783953308037154,0,162,"Q3"
"8017",8017,"SouthernAlcorn St.1-31",2026-01-31,"conf","Southern","Alcorn St.","SWAC","SWAC","A",NA,NA,0.265907681407748,0.174056746218553,0.789142831518436,0.946693194210632,NA,NA,"future",0.053306805789368,-0.946693194210632,0,351,"Q4"
"8018",8018,"New Mexico St.Kennesaw St.1-31",2026-01-31,"conf","New Mexico St.","Kennesaw St.","CUSA","CUSA","A",NA,NA,0.516577137332239,0.57740333990607,0.789142831518436,0.732558726349593,NA,NA,"future",0.267441273650407,-0.732558726349593,0,159,"Q3"
"8019",8019,"RutgersUSC1-31",2026-01-31,"conf","Rutgers","USC","B10","B10","A",NA,NA,0.434313559219032,0.850928400566256,0.789142831518436,0.396005997866024,NA,NA,"future",0.603994002133976,-0.396005997866024,0,56,"Q1"
"8020",8020,"N.C. StateWake Forest1-31",2026-01-31,"conf","N.C. State","Wake Forest","ACC","ACC","A",NA,NA,0.872129903528318,0.830188381602287,0.789142831518436,0.433595457149497,NA,NA,"future",0.566404542850503,-0.433595457149497,0,67,"Q1"
"8021",8021,"ConnecticutCreighton1-31",2026-01-31,"conf","Connecticut","Creighton","BE","BE","A",NA,NA,0.948353630627273,0.853766094479856,0.789142831518436,0.390625558612227,NA,NA,"future",0.609374441387773,-0.390625558612227,0,58,"Q1"
"8022",8022,"Texas A&MGeorgia1-31",2026-01-31,"conf","Texas A&M","Georgia","SEC","SEC","A",NA,NA,0.85060177721884,0.91600808149171,0.789142831518436,0.255490906957154,NA,NA,"future",0.744509093042846,-0.255490906957154,0,24,"Q1"
"8023",8023,"LafayetteAmerican1-31",2026-01-31,"conf","Lafayette","American","Pat","Pat","A",NA,NA,0.147463233359836,0.508095570002426,0.789142831518436,0.783703607940069,NA,NA,"future",0.216296392059931,-0.783703607940069,0,228,"Q3"
"8024",8024,"Loyola MDNavy1-31",2026-01-31,"conf","Loyola MD","Navy","Pat","Pat","A",NA,NA,0.0922603677365822,0.465453988539404,0.789142831518436,0.811252761824176,NA,NA,"future",0.188747238175824,-0.811252761824176,0,193,"Q3"
"8025",8025,"McNeese St.Lamar1-31",2026-01-31,"conf","McNeese St.","Lamar","Slnd","Slnd","A",NA,NA,0.683026270437139,0.437571853477538,0.789142831518436,0.827896030713947,NA,NA,"future",0.172103969286053,-0.827896030713947,0,220,"Q3"
"8026",8026,"HawaiiLong Beach St.1-31",2026-01-31,"conf","Hawaii","Long Beach St.","BW","BW","A",NA,NA,0.653990887306024,0.420920977464503,0.789142831518436,0.837366165744844,NA,NA,"future",0.162633834255156,-0.837366165744844,0,240,"Q3"
"8027",8027,"BYUKansas1-31",2026-01-31,"conf","BYU","Kansas","B12","B12","A",NA,NA,0.897211603893705,0.958273819187545,0.789142831518436,0.140126652159027,NA,NA,"future",0.859873347840973,-0.140126652159027,0,18,"Q1"
"8028",8028,"North Dakota St.South Dakota1-31",2026-01-31,"conf","North Dakota St.","South Dakota","Sum","Sum","A",NA,NA,0.525202618458169,0.342292200243587,0.789142831518436,0.877918226219965,NA,NA,"future",0.122081773780035,-0.877918226219965,0,272,"Q4"
"8029",8029,"HarvardYale1-31",2026-01-31,"conf","Harvard","Yale","Ivy","Ivy","A",NA,NA,0.3540000459956,0.814418788081781,0.789142831518436,0.460279928688857,NA,NA,"future",0.539720071311143,-0.460279928688857,0,61,"Q1"
"8030",8030,"MarshallArkansas St.1-31",2026-01-31,"conf","Marshall","Arkansas St.","SB","SB","A",NA,NA,0.405108655210775,0.643792601240604,0.789142831518436,0.674344903439392,NA,NA,"future",0.325655096560608,-0.674344903439392,0,141,"Q3"
"8031",8031,"Little RockTennessee Tech1-31",2026-01-31,"conf","Little Rock","Tennessee Tech","OVC","OVC","A",NA,NA,0.127043860244037,0.15372993043803,0.789142831518436,0.953708845262442,NA,NA,"future",0.0462911547375577,-0.953708845262442,0,331,"Q4"
"8032",8032,"Cal BaptistUT Arlington1-31",2026-01-31,"conf","Cal Baptist","UT Arlington","WAC","WAC","A",NA,NA,0.540609234029639,0.58940849732773,0.789142831518436,0.722770423127821,NA,NA,"future",0.277229576872179,-0.722770423127821,0,123,"Q2"
"8033",8033,"New MexicoSan Jose St.1-31",2026-01-31,"conf","New Mexico","San Jose St.","MWC","MWC","A",NA,NA,0.808195778802625,0.426462166380668,0.789142831518436,0.834251951782731,NA,NA,"future",0.165748048217269,-0.834251951782731,0,259,"Q4"
"8034",8034,"Southeast Missouri St.Eastern Illinois1-31",2026-01-31,"conf","Southeast Missouri St.","Eastern Illinois","OVC","OVC","A",NA,NA,0.215113414869716,0.254464105144106,0.789142831518436,0.916423012707536,NA,NA,"future",0.0835769872924635,-0.916423012707536,0,305,"Q4"
"8035",8035,"SamfordWestern Carolina1-31",2026-01-31,"conf","Samford","Western Carolina","SC","SC","A",NA,NA,0.172321727445834,0.307831220822344,0.789142831518436,0.89378923595296,NA,NA,"future",0.10621076404704,-0.89378923595296,0,289,"Q4"
"8036",8036,"Northwestern St.New Orleans1-31",2026-01-31,"conf","Northwestern St.","New Orleans","Slnd","Slnd","A",NA,NA,0.172988629015108,0.48536423289852,0.789142831518436,0.798722038499175,NA,NA,"future",0.201277961500825,-0.798722038499175,0,231,"Q3"
"8037",8037,"IndianaUCLA1-31",2026-01-31,"conf","Indiana","UCLA","B10","B10","A",NA,NA,0.873086517947804,0.883383237146971,0.789142831518436,0.330682521038581,NA,NA,"future",0.669317478961419,-0.330682521038581,0,40,"Q1"
"8038",8038,"Eastern MichiganMassachusetts1-31",2026-01-31,"conf","Eastern Michigan","Massachusetts","MAC","MAC","A",NA,NA,0.375757933331981,0.572880082018046,0.789142831518436,0.736169735795053,NA,NA,"future",0.263830264204947,-0.736169735795053,0,195,"Q3"
"8039",8039,"Robert MorrisPurdue Fort Wayne1-31",2026-01-31,"conf","Robert Morris","Purdue Fort Wayne","Horz","Horz","A",NA,NA,0.360345110834765,0.440919826703015,0.789142831518436,0.825950654976162,NA,NA,"future",0.174049345023838,-0.825950654976162,0,210,"Q3"
"8040",8040,"San Diego St.Utah St.1-31",2026-01-31,"conf","San Diego St.","Utah St.","MWC","MWC","A",NA,NA,0.806407529368549,0.914720101774999,0.789142831518436,0.25866611800377,NA,NA,"future",0.74133388199623,-0.25866611800377,0,25,"Q1"
"8041",8041,"Ohio St.Wisconsin1-31",2026-01-31,"conf","Ohio St.","Wisconsin","B10","B10","A",NA,NA,0.817900794713915,0.913235229454143,0.789142831518436,0.262304234633571,NA,NA,"future",0.737695765366429,-0.262304234633571,0,36,"Q1"
"8042",8042,"Louisiana TechSam Houston St.1-31",2026-01-31,"conf","Louisiana Tech","Sam Houston St.","CUSA","CUSA","A",NA,NA,0.208034428147825,0.710010982697554,0.789142831518436,0.604518668369394,NA,NA,"future",0.395481331630606,-0.604518668369394,0,105,"Q2"
"8043",8043,"Bethune CookmanAlabama St.1-31",2026-01-31,"conf","Bethune Cookman","Alabama St.","SWAC","SWAC","A",NA,NA,0.251758726760507,0.268009882386887,0.789142831518436,0.910886666510392,NA,NA,"future",0.0891133334896076,-0.910886666510392,0,313,"Q4"
"8044",8044,"Fairleigh DickinsonWagner1-31",2026-01-31,"conf","Fairleigh Dickinson","Wagner","NEC","NEC","A",NA,NA,0.105857899301199,0.231947573900047,0.789142831518436,0.925332829516718,NA,NA,"future",0.0746671704832819,-0.925332829516718,0,324,"Q4"
"8045",8045,"OhioBuffalo1-31",2026-01-31,"conf","Ohio","Buffalo","MAC","MAC","A",NA,NA,0.300680871365136,0.546556873185776,0.789142831518436,0.756391714958197,NA,NA,"future",0.243608285041803,-0.756391714958197,0,165,"Q3"
"8046",8046,"StanfordFlorida St.1-31",2026-01-31,"conf","Stanford","Florida St.","ACC","ACC","A",NA,NA,0.712676563861534,0.714263605095652,0.789142831518436,0.599548438685226,NA,NA,"future",0.400451561314774,-0.599548438685226,0,115,"Q2"
"8047",8047,"LipscombNorth Florida1-31",2026-01-31,"conf","Lipscomb","North Florida","ASun","ASun","A",NA,NA,0.400063738169319,0.222890542562906,0.789142831518436,0.928817598328057,NA,NA,"future",0.0711824016719433,-0.928817598328057,0,341,"Q4"
"8048",8048,"IdahoNorthern Arizona1-31",2026-01-31,"conf","Idaho","Northern Arizona","BSky","BSky","A",NA,NA,0.431116462873849,0.24304227579025,0.789142831518436,0.920987351691882,NA,NA,"future",0.079012648308118,-0.920987351691882,0,318,"Q4"
"8049",8049,"PacificSan Francisco1-31",2026-01-31,"conf","Pacific","San Francisco","WCC","WCC","A",NA,NA,0.522643024911776,0.739588765971914,0.789142831518436,0.568549132866206,NA,NA,"future",0.431450867133794,-0.568549132866206,0,107,"Q2"
"8050",8050,"Colorado St.Wyoming1-31",2026-01-31,"conf","Colorado St.","Wyoming","MWC","MWC","A",NA,NA,0.62699617671433,0.76314542480965,0.789142831518436,0.53737119837597,NA,NA,"future",0.46262880162403,-0.53737119837597,0,100,"Q2"
"8051",8051,"PrincetonColumbia1-31",2026-01-31,"conf","Princeton","Columbia","Ivy","Ivy","A",NA,NA,0.302269000525834,0.567588970085062,0.789142831518436,0.740341726214311,NA,NA,"future",0.259658273785689,-0.740341726214311,0,151,"Q3"
"8052",8052,"Houston ChristianTexas A&M Corpus Chris1-31",2026-01-31,"conf","Houston Christian","Texas A&M Corpus Chris","Slnd","Slnd","A",NA,NA,0.166904500846973,0.574962601011334,0.789142831518436,0.734512356833687,NA,NA,"future",0.265487643166313,-0.734512356833687,0,181,"Q3"
"8053",8053,"Western KentuckyMiddle Tennessee1-31",2026-01-31,"conf","Western Kentucky","Middle Tennessee","CUSA","CUSA","A",NA,NA,0.381373069076346,0.754494348969183,0.789142831518436,0.54910087733936,NA,NA,"future",0.45089912266064,-0.54910087733936,0,111,"Q2"
"8054",8054,"DelawareUTEP1-31",2026-01-31,"conf","Delaware","UTEP","CUSA","CUSA","A",NA,NA,0.176954731417496,0.346704940492434,0.789142831518436,0.87580832614611,NA,NA,"future",0.12419167385389,-0.87580832614611,0,276,"Q4"
"8055",8055,"Idaho St.Weber St.1-31",2026-01-31,"conf","Idaho St.","Weber St.","BSky","BSky","A",NA,NA,0.328595781865349,0.519652525465715,0.789142831518436,0.775758164330446,NA,NA,"future",0.224241835669554,-0.775758164330446,0,190,"Q3"
"8056",8056,"LIUCentral Connecticut1-31",2026-01-31,"conf","LIU","Central Connecticut","NEC","NEC","A",NA,NA,0.325501227881235,0.302144565079282,0.789142831518436,0.896309263138175,NA,NA,"future",0.103690736861825,-0.896309263138175,0,247,"Q4"
"8057",8057,"Jacksonville St.Missouri St.1-31",2026-01-31,"conf","Jacksonville St.","Missouri St.","CUSA","CUSA","A",NA,NA,0.295930609897491,0.618345928322213,0.789142831518436,0.697882118549372,NA,NA,"future",0.302117881450628,-0.697882118549372,0,191,"Q3"
"8058",8058,"RiceCharlotte1-31",2026-01-31,"conf","Rice","Charlotte","Amer","Amer","A",NA,NA,0.305946467034478,0.567723178537992,0.789142831518436,0.740236588946491,NA,NA,"future",0.259763411053509,-0.740236588946491,0,173,"Q3"
"8059",8059,"BaylorWest Virginia1-31",2026-01-31,"conf","Baylor","West Virginia","B12","B12","A",NA,NA,0.740905781509242,0.87123425331909,0.789142831518436,0.356141766264973,NA,NA,"future",0.643858233735027,-0.356141766264973,0,59,"Q1"
"8060",8060,"LindenwoodMorehead St.1-31",2026-01-31,"conf","Lindenwood","Morehead St.","OVC","OVC","A",NA,NA,0.294360678016868,0.270894090214231,0.789142831518436,0.909690142816319,NA,NA,"future",0.0903098571836806,-0.909690142816319,0,286,"Q4"
"8061",8061,"Montana St.Portland St.1-31",2026-01-31,"conf","Montana St.","Portland St.","BSky","BSky","A",NA,NA,0.518194021185584,0.588461091868302,0.789142831518436,0.723553887104282,NA,NA,"future",0.276446112895718,-0.723553887104282,0,137,"Q3"
"8062",8062,"Notre DameSyracuse1-31",2026-01-31,"conf","Notre Dame","Syracuse","ACC","ACC","A",NA,NA,0.645182423439833,0.839475742553748,0.789142831518436,0.417130023189949,NA,NA,"future",0.582869976810051,-0.417130023189949,0,77,"Q2"
"8063",8063,"Old DominionTexas St.1-31",2026-01-31,"conf","Old Dominion","Texas St.","SB","SB","A",NA,NA,0.270343466440864,0.382567816926111,0.789142831518436,0.857957670648498,NA,NA,"future",0.142042329351502,-0.857957670648498,0,265,"Q4"
"8064",8064,"Utah TechTarleton St.1-31",2026-01-31,"conf","Utah Tech","Tarleton St.","WAC","WAC","A",NA,NA,0.326398450988887,0.559896594488506,0.789142831518436,0.746309231111213,NA,NA,"future",0.253690768888787,-0.746309231111213,0,185,"Q3"
"8065",8065,"EvansvilleNorthern Iowa1-31",2026-01-31,"conf","Evansville","Northern Iowa","MVC","MVC","A",NA,NA,0.195465563513328,0.757436564872932,0.789142831518436,0.545149141228804,NA,NA,"future",0.454850858771196,-0.545149141228804,0,102,"Q2"
"8066",8066,"DartmouthBrown1-31",2026-01-31,"conf","Dartmouth","Brown","Ivy","Ivy","A",NA,NA,0.313883565357004,0.361296853591693,0.789142831518436,0.868699218992873,NA,NA,"future",0.131300781007127,-0.868699218992873,0,275,"Q4"
"8067",8067,"MontanaSacramento St.1-31",2026-01-31,"conf","Montana","Sacramento St.","BSky","BSky","A",NA,NA,0.47565609222007,0.304984656110273,0.789142831518436,0.895054064928712,NA,NA,"future",0.104945935071288,-0.895054064928712,0,279,"Q4"
"8068",8068,"High PointLongwood1-31",2026-01-31,"conf","High Point","Longwood","BSth","BSth","A",NA,NA,0.620370956724355,0.312752660506419,0.789142831518436,0.891586317792624,NA,NA,"future",0.108413682207376,-0.891586317792624,0,271,"Q4"
"8069",8069,"Eastern WashingtonNorthern Colorado1-31",2026-01-31,"conf","Eastern Washington","Northern Colorado","BSky","BSky","A",NA,NA,0.310791476526984,0.60052552003834,0.789142831518436,0.713431964782188,NA,NA,"future",0.286568035217812,-0.713431964782188,0,164,"Q3"
"8070",8070,"UABNorth Texas1-31",2026-01-31,"conf","UAB","North Texas","Amer","Amer","A",NA,NA,0.524998488358512,0.61394540023339,0.789142831518436,0.701790604371229,NA,NA,"future",0.298209395628771,-0.701790604371229,0,147,"Q3"
"8071",8071,"HofstraMonmouth1-31",2026-01-31,"conf","Hofstra","Monmouth","CAA","CAA","A",NA,NA,0.550605304781333,0.470690741874601,0.789142831518436,0.808011054668748,NA,NA,"future",0.191988945331252,-0.808011054668748,0,204,"Q3"
"8072",8072,"RadfordPresbyterian1-31",2026-01-31,"conf","Radford","Presbyterian","BSth","BSth","A",NA,NA,0.229310238486478,0.33833969804482,0.789142831518436,0.879792664762907,NA,NA,"future",0.120207335237093,-0.879792664762907,0,258,"Q4"
"8073",8073,"North AlabamaStetson1-31",2026-01-31,"conf","North Alabama","Stetson","ASun","ASun","A",NA,NA,0.0884777145660335,0.223300374896591,0.789142831518436,0.928661106603634,NA,NA,"future",0.0713388933963659,-0.928661106603634,0,327,"Q4"
"8074",8074,"Saint Joseph'sLa Salle1-31",2026-01-31,"conf","Saint Joseph's","La Salle","A10","A10","A",NA,NA,0.441375051805727,0.503258861337018,0.789142831518436,0.786965573726056,NA,NA,"future",0.213034426273944,-0.786965573726056,0,227,"Q3"
"8075",8075,"Norfolk St.Howard1-31",2026-01-31,"conf","Norfolk St.","Howard","MEAC","MEAC","A",NA,NA,0.12516166540671,0.366972280657132,0.789142831518436,0.865878007408998,NA,NA,"future",0.134121992591002,-0.865878007408998,0,252,"Q4"
"8076",8076,"Illinois ChicagoSouthern Illinois1-31",2026-01-31,"conf","Illinois Chicago","Southern Illinois","MVC","MVC","A",NA,NA,0.500741447619587,0.58926743721773,0.789142831518436,0.722887195145564,NA,NA,"future",0.277112804854436,-0.722887195145564,0,143,"Q3"
"8077",8077,"North CarolinaGeorgia Tech1-31",2026-01-31,"conf","North Carolina","Georgia Tech","ACC","ACC","A",NA,NA,0.849603281638803,0.649662104684215,0.789142831518436,0.668678034087465,NA,NA,"future",0.331321965912535,-0.668678034087465,0,146,"Q3"
"8078",8078,"Boston UniversityBucknell1-31",2026-01-31,"conf","Boston University","Bucknell","Pat","Pat","A",NA,NA,0.173160301084916,0.217206619977822,0.789142831518436,0.930976439518599,NA,NA,"future",0.0690235604814007,-0.930976439518599,0,333,"Q4"
"8079",8079,"North Carolina A&TDrexel1-31",2026-01-31,"conf","North Carolina A&T","Drexel","CAA","CAA","A",NA,NA,0.167266946360123,0.506908140029048,0.789142831518436,0.78450783990208,NA,NA,"future",0.21549216009792,-0.78450783990208,0,211,"Q3"
"8080",8080,"Cal St. FullertonUC Santa Barbara1-31",2026-01-31,"conf","Cal St. Fullerton","UC Santa Barbara","BW","BW","A",NA,NA,0.331925225797259,0.641009132198243,0.789142831518436,0.677000142650276,NA,NA,"future",0.322999857349724,-0.677000142650276,0,145,"Q3"
"8081",8081,"South FloridaTemple1-31",2026-01-31,"conf","South Florida","Temple","Amer","Amer","A",NA,NA,0.716094166023229,0.639379701297134,0.789142831518436,0.67854505050098,NA,NA,"future",0.32145494949902,-0.67854505050098,0,154,"Q3"
"8082",8082,"CaliforniaMiami FL1-31",2026-01-31,"conf","California","Miami FL","ACC","ACC","A",NA,NA,0.717957478164634,0.882624997146115,0.789142831518436,0.332309029138053,NA,NA,"future",0.667690970861947,-0.332309029138053,0,37,"Q1"
"8083",8083,"PortlandWashington St.1-31",2026-01-31,"conf","Portland","Washington St.","WCC","WCC","A",NA,NA,0.394760979258516,0.640213899600399,0.789142831518436,0.67775499260287,NA,NA,"future",0.32224500739713,-0.67775499260287,0,156,"Q3"
"8084",8084,"GeorgetownButler1-31",2026-01-31,"conf","Georgetown","Butler","BE","BE","A",NA,NA,0.594254951891872,0.858613464070704,0.789142831518436,0.381295065510961,NA,NA,"future",0.618704934489039,-0.381295065510961,0,48,"Q1"
"8085",8085,"VMIMercer1-31",2026-01-31,"conf","VMI","Mercer","SC","SC","A",NA,NA,0.081180331096308,0.653833270716202,0.789142831518436,0.664593982193898,NA,NA,"future",0.335406017806102,-0.664593982193898,0,125,"Q2"
"8086",8086,"George MasonSt. Bonaventure1-31",2026-01-31,"conf","George Mason","St. Bonaventure","A10","A10","A",NA,NA,0.622989999921908,0.588463345654528,0.789142831518436,0.723552025588615,NA,NA,"future",0.276447974411385,-0.723552025588615,0,144,"Q3"
"8087",8087,"LSUSouth Carolina1-31",2026-01-31,"conf","LSU","South Carolina","SEC","SEC","A",NA,NA,0.778358211737825,0.817726977948728,0.789142831518436,0.454809537531623,NA,NA,"future",0.545190462468377,-0.454809537531623,0,85,"Q2"
"8088",8088,"New HampshireBryant1-31",2026-01-31,"conf","New Hampshire","Bryant","AE","AE","A",NA,NA,0.179474847733072,0.125026481328206,0.789142831518436,0.963223783162156,NA,NA,"future",0.0367762168378437,-0.963223783162156,0,345,"Q4"
"8089",8089,"Stony BrookElon1-31",2026-01-31,"conf","Stony Brook","Elon","CAA","CAA","A",NA,NA,0.309545341676412,0.576866467930946,0.789142831518436,0.732989491121582,NA,NA,"future",0.267010508878418,-0.732989491121582,0,168,"Q3"
"8090",8090,"Nicholls St.East Texas A&M1-31",2026-01-31,"conf","Nicholls St.","East Texas A&M","Slnd","Slnd","A",NA,NA,0.298838774145833,0.343115860118082,0.789142831518436,0.877525786598482,NA,NA,"future",0.122474213401518,-0.877525786598482,0,277,"Q4"
"8091",8091,"UNC AshevilleWinthrop1-31",2026-01-31,"conf","UNC Asheville","Winthrop","BSth","BSth","A",NA,NA,0.274453641199316,0.589293391463423,0.789142831518436,0.72286571295832,NA,NA,"future",0.27713428704168,-0.72286571295832,0,130,"Q2"
"8092",8092,"Southeastern LouisianaStephen F. Austin1-31",2026-01-31,"conf","Southeastern Louisiana","Stephen F. Austin","Slnd","Slnd","A",NA,NA,0.210763265088124,0.815047683515057,0.789142831518436,0.459245063096948,NA,NA,"future",0.540754936903052,-0.459245063096948,0,88,"Q2"
"8093",8093,"Tennessee MartinWestern Illinois1-31",2026-01-31,"conf","Tennessee Martin","Western Illinois","OVC","OVC","A",NA,NA,0.237188051713002,0.107692571655567,0.789142831518436,0.968759361171826,NA,NA,"future",0.0312406388281743,-0.968759361171826,0,356,"Q4"
"8094",8094,"UC San DiegoCal St. Northridge1-31",2026-01-31,"conf","UC San Diego","Cal St. Northridge","BW","BW","A",NA,NA,0.591942410772934,0.543814122124777,0.789142831518436,0.758424134649901,NA,NA,"future",0.241575865350099,-0.758424134649901,0,209,"Q3"
"8095",8095,"Georgia St.South Alabama1-31",2026-01-31,"conf","Georgia St.","South Alabama","SB","SB","A",NA,NA,0.207313157197796,0.456678516291553,0.789142831518436,0.816601206226327,NA,NA,"future",0.183398793773673,-0.816601206226327,0,197,"Q3"
"8096",8096,"Appalachian St.Troy1-31",2026-01-31,"conf","Appalachian St.","Troy","SB","SB","A",NA,NA,0.322413113123934,0.719734730060241,0.789142831518436,0.593057675690047,NA,NA,"future",0.406942324309953,-0.593057675690047,0,103,"Q2"
"8097",8097,"Florida Gulf CoastJacksonville1-31",2026-01-31,"conf","Florida Gulf Coast","Jacksonville","ASun","ASun","A",NA,NA,0.308404183016962,0.269014167855688,0.789142831518436,0.910470750059058,NA,NA,"future",0.0895292499409418,-0.910470750059058,0,293,"Q4"
"8098",8098,"SIU EdwardsvilleSouthern Indiana1-31",2026-01-31,"conf","SIU Edwardsville","Southern Indiana","OVC","OVC","A",NA,NA,0.222517010562244,0.167812136503116,0.789142831518436,0.94887383530995,NA,NA,"future",0.05112616469005,-0.94887383530995,0,338,"Q4"
"8099",8099,"Nebraska OmahaDenver1-31",2026-01-31,"conf","Nebraska Omaha","Denver","Sum","Sum","A",NA,NA,0.245482919288472,0.405627761111882,0.789142831518436,0.845774407421677,NA,NA,"future",0.154225592578323,-0.845774407421677,0,251,"Q4"
"8100",8100,"Santa ClaraLoyola Marymount1-31",2026-01-31,"conf","Santa Clara","Loyola Marymount","WCC","WCC","A",NA,NA,0.832662968850565,0.569167328627858,0.789142831518436,0.739103014549339,NA,NA,"future",0.260896985450661,-0.739103014549339,0,170,"Q3"
"8101",8101,"Maryland Eastern ShoreDelaware St.1-31",2026-01-31,"conf","Maryland Eastern Shore","Delaware St.","MEAC","MEAC","A",NA,NA,0.112768939573491,0.090666985933371,0.789142831518436,0.974049833381381,NA,NA,"future",0.0259501666186186,-0.974049833381381,0,358,"Q4"
"8102",8102,"Oklahoma St.Utah1-31",2026-01-31,"conf","Oklahoma St.","Utah","B12","B12","A",NA,NA,0.704302099365832,0.735923022179889,0.789142831518436,0.573190776567456,NA,NA,"future",0.426809223432544,-0.573190776567456,0,117,"Q2"
"8103",8103,"Gardner WebbCharleston Southern1-31",2026-01-31,"conf","Gardner Webb","Charleston Southern","BSth","BSth","A",NA,NA,0.031054600359691,0.455058138848351,0.789142831518436,0.817577500727398,NA,NA,"future",0.182422499272602,-0.817577500727398,0,219,"Q3"
"8104",8104,"Saint Peter'sRider2-1",2026-02-01,"conf","Rider","Saint Peter's","MAAC","MAAC","H",NA,NA,0.124145130175934,0.312643989802408,0.87694452176131,0.940003404180597,NA,NA,"future",0.0599965958194028,-0.940003404180597,0,223,"Q4"
"8105",8105,"MaristNiagara2-1",2026-02-01,"conf","Niagara","Marist","MAAC","MAAC","H",NA,NA,0.127205292330729,0.444102896546951,0.87694452176131,0.899197121104733,NA,NA,"future",0.100802878895267,-0.899197121104733,0,150,"Q3"
"8106",8106,"AlabamaFlorida2-1",2026-02-01,"conf","Florida","Alabama","SEC","SEC","H",NA,NA,0.967769745662781,0.916668476253729,0.87694452176131,0.393145203996765,NA,NA,"future",0.606854796003235,-0.393145203996765,0,19,"Q1"
"8107",8107,"IllinoisNebraska2-1",2026-02-01,"conf","Nebraska","Illinois","B10","B10","H",NA,NA,0.960111303481749,0.944572611131982,0.87694452176131,0.294869444924917,NA,NA,"future",0.705130555075083,-0.294869444924917,0,9,"Q1"
"8108",8108,"Cleveland St.Milwaukee2-1",2026-02-01,"conf","Milwaukee","Cleveland St.","Horz","Horz","H",NA,NA,0.384994055716157,0.170841144385821,0.87694452176131,0.971900073963006,NA,NA,"future",0.0280999260369942,-0.971900073963006,0,321,"Q4"
"8109",8109,"UMKCSt. Thomas2-1",2026-02-01,"conf","St. Thomas","UMKC","Sum","Sum","H",NA,NA,0.711266776860035,0.0841485058607757,0.87694452176131,0.987271223453189,NA,NA,"future",0.0127287765468107,-0.987271223453189,0,346,"Q4"
"8110",8110,"QuinnipiacFairfield2-1",2026-02-01,"conf","Fairfield","Quinnipiac","MAAC","MAAC","H",NA,NA,0.35586849615359,0.407246884569133,0.87694452176131,0.912069287849074,NA,NA,"future",0.0879307121509264,-0.912069287849074,0,184,"Q4"
"8111",8111,"IowaOregon2-1",2026-02-01,"conf","Oregon","Iowa","B10","B10","H",NA,NA,0.81299290274961,0.910684041262198,0.87694452176131,0.411393574304387,NA,NA,"future",0.588606425695613,-0.411393574304387,0,21,"Q1"
"8112",8112,"PurdueMaryland2-1",2026-02-01,"conf","Maryland","Purdue","B10","B10","H",NA,NA,0.718765491706146,0.942325072165618,0.87694452176131,0.303704422926014,NA,NA,"future",0.696295577073986,-0.303704422926014,0,5,"Q1"
"8113",8113,"MinnesotaPenn St.2-1",2026-02-01,"conf","Penn St.","Minnesota","B10","B10","H",NA,NA,0.644016964773121,0.730929552070615,0.87694452176131,0.724014798467854,NA,NA,"future",0.275985201532146,-0.724014798467854,0,83,"Q3"
"8114",8114,"Iowa St.Kansas St.2-1",2026-02-01,"conf","Kansas St.","Iowa St.","B12","B12","H",NA,NA,0.787642451679584,0.932186105100022,0.87694452176131,0.341423525966652,NA,NA,"future",0.658576474033348,-0.341423525966652,0,6,"Q1"
"8115",8115,"Northern KentuckyOakland2-1",2026-02-01,"conf","Oakland","Northern Kentucky","Horz","Horz","H",NA,NA,0.639939911872445,0.406379079596688,0.87694452176131,0.91235726676444,NA,NA,"future",0.0876427332355595,-0.91235726676444,0,177,"Q4"
"8116",8116,"Rhode IslandDuquesne2-1",2026-02-01,"conf","Duquesne","Rhode Island","A10","A10","H",NA,NA,0.664548733997581,0.501095551708488,0.87694452176131,0.876470842985361,NA,NA,"future",0.123529157014639,-0.876470842985361,0,133,"Q3"
"8117",8117,"Wright St.Green Bay2-1",2026-02-01,"conf","Green Bay","Wright St.","Horz","Horz","H",NA,NA,0.503482144436143,0.571577739895169,0.87694452176131,0.84231002581507,NA,NA,"future",0.15768997418493,-0.84231002581507,0,136,"Q3"
"8118",8118,"East CarolinaFlorida Atlantic2-1",2026-02-01,"conf","Florida Atlantic","East Carolina","Amer","Amer","H",NA,NA,0.793840431015816,0.157608291479868,0.87694452176131,0.974417735158404,NA,NA,"future",0.0255822648415964,-0.974417735158404,0,299,"Q4"
"8119",8119,"TCUColorado2-1",2026-02-01,"conf","Colorado","TCU","B12","B12","H",NA,NA,0.772290823716488,0.771350152968443,0.87694452176131,0.678711743570353,NA,NA,"future",0.321288256429647,-0.678711743570353,0,46,"Q2"
"8120",8120,"ChattanoogaFurman2-1",2026-02-01,"conf","Furman","Chattanooga","SC","SC","H",NA,NA,0.548536258475982,0.193922737600882,0.87694452176131,0.967344083601197,NA,NA,"future",0.0326559163988029,-0.967344083601197,0,280,"Q4"
"8121",8121,"SienaCanisius2-1",2026-02-01,"conf","Canisius","Siena","MAAC","MAAC","H",NA,NA,0.168655818164591,0.390387146522654,0.87694452176131,0.917548378669134,NA,NA,"future",0.0824516213308657,-0.917548378669134,0,172,"Q4"
"8122",8122,"ManhattanMount St. Mary's2-1",2026-02-01,"conf","Mount St. Mary's","Manhattan","MAAC","MAAC","H",NA,NA,0.282514165173045,0.115503480599443,0.87694452176131,0.982005422167543,NA,NA,"future",0.0179945778324567,-0.982005422167543,0,330,"Q4"
"8123",8123,"Wichita St.Tulsa2-1",2026-02-01,"conf","Tulsa","Wichita St.","Amer","Amer","H",NA,NA,0.855650066325967,0.597783953153128,0.87694452176131,0.82743668853645,NA,NA,"future",0.17256331146355,-0.82743668853645,0,95,"Q3"
"8124",8124,"TulaneMemphis2-1",2026-02-01,"conf","Memphis","Tulane","Amer","Amer","H",NA,NA,0.777847739912943,0.343744187026903,0.87694452176131,0.931531828337849,NA,NA,"future",0.0684681716621508,-0.931531828337849,0,202,"Q4"
"8125",8125,"Sacred HeartMerrimack2-1",2026-02-01,"conf","Merrimack","Sacred Heart","MAAC","MAAC","H",NA,NA,0.494941213645724,0.185258742802667,0.87694452176131,0.969079449264048,NA,NA,"future",0.0309205507359519,-0.969079449264048,0,287,"Q4"
"8126",8126,"Saint Peter'sRider2-1",2026-02-01,"conf","Saint Peter's","Rider","MAAC","MAAC","A",NA,NA,0.312643989802408,0.124145130175934,0.789142831518436,0.963508975356504,NA,NA,"future",0.0364910246434962,-0.963508975356504,0,357,"Q4"
"8127",8127,"MaristNiagara2-1",2026-02-01,"conf","Marist","Niagara","MAAC","MAAC","A",NA,NA,0.444102896546951,0.127205292330729,0.789142831518436,0.962517008599123,NA,NA,"future",0.0374829914008765,-0.962517008599123,0,355,"Q4"
"8128",8128,"AlabamaFlorida2-1",2026-02-01,"conf","Alabama","Florida","SEC","SEC","A",NA,NA,0.916668476253729,0.967769745662781,0.789142831518436,0.110826915239594,NA,NA,"future",0.889173084760406,-0.110826915239594,0,14,"Q1"
"8129",8129,"IllinoisNebraska2-1",2026-02-01,"conf","Illinois","Nebraska","B10","B10","A",NA,NA,0.944572611131982,0.960111303481749,0.789142831518436,0.134564422606148,NA,NA,"future",0.865435577393852,-0.134564422606148,0,7,"Q1"
"8130",8130,"Cleveland St.Milwaukee2-1",2026-02-01,"conf","Cleveland St.","Milwaukee","Horz","Horz","A",NA,NA,0.170841144385821,0.384994055716157,0.789142831518436,0.856702814984429,NA,NA,"future",0.143297185015571,-0.856702814984429,0,233,"Q3"
"8131",8131,"UMKCSt. Thomas2-1",2026-02-01,"conf","UMKC","St. Thomas","Sum","Sum","A",NA,NA,0.0841485058607757,0.711266776860035,0.789142831518436,0.603057697731894,NA,NA,"future",0.396942302268106,-0.603057697731894,0,116,"Q2"
"8132",8132,"QuinnipiacFairfield2-1",2026-02-01,"conf","Quinnipiac","Fairfield","MAAC","MAAC","A",NA,NA,0.407246884569133,0.35586849615359,0.789142831518436,0.871367911823899,NA,NA,"future",0.128632088176101,-0.871367911823899,0,248,"Q4"
"8133",8133,"IowaOregon2-1",2026-02-01,"conf","Iowa","Oregon","B10","B10","A",NA,NA,0.910684041262198,0.81299290274961,0.789142831518436,0.462617524270081,NA,NA,"future",0.537382475729919,-0.462617524270081,0,104,"Q2"
"8134",8134,"PurdueMaryland2-1",2026-02-01,"conf","Purdue","Maryland","B10","B10","A",NA,NA,0.942325072165618,0.718765491706146,0.789142831518436,0.594215563299714,NA,NA,"future",0.405784436700286,-0.594215563299714,0,152,"Q3"
"8135",8135,"MinnesotaPenn St.2-1",2026-02-01,"conf","Minnesota","Penn St.","B10","B10","A",NA,NA,0.730929552070615,0.644016964773121,0.789142831518436,0.674129982609513,NA,NA,"future",0.325870017390487,-0.674129982609513,0,131,"Q2"
"8136",8136,"Iowa St.Kansas St.2-1",2026-02-01,"conf","Iowa St.","Kansas St.","B12","B12","A",NA,NA,0.932186105100022,0.787642451679584,0.789142831518436,0.502248363029673,NA,NA,"future",0.497751636970327,-0.502248363029673,0,82,"Q2"
"8137",8137,"Northern KentuckyOakland2-1",2026-02-01,"conf","Northern Kentucky","Oakland","Horz","Horz","A",NA,NA,0.406379079596688,0.639939911872445,0.789142831518436,0.678014683260013,NA,NA,"future",0.321985316739987,-0.678014683260013,0,135,"Q2"
"8138",8138,"Rhode IslandDuquesne2-1",2026-02-01,"conf","Rhode Island","Duquesne","A10","A10","A",NA,NA,0.501095551708488,0.664548733997581,0.789142831518436,0.653879211488026,NA,NA,"future",0.346120788511974,-0.653879211488026,0,155,"Q3"
"8139",8139,"Wright St.Green Bay2-1",2026-02-01,"conf","Wright St.","Green Bay","Horz","Horz","A",NA,NA,0.571577739895169,0.503482144436143,0.789142831518436,0.786815794214538,NA,NA,"future",0.213184205785462,-0.786815794214538,0,230,"Q3"
"8140",8140,"East CarolinaFlorida Atlantic2-1",2026-02-01,"conf","East Carolina","Florida Atlantic","Amer","Amer","A",NA,NA,0.157608291479868,0.793840431015816,0.789142831518436,0.492884070110421,NA,NA,"future",0.507115929889579,-0.492884070110421,0,91,"Q2"
"8141",8141,"TCUColorado2-1",2026-02-01,"conf","TCU","Colorado","B12","B12","A",NA,NA,0.771350152968443,0.772290823716488,0.789142831518436,0.524598733389019,NA,NA,"future",0.475401266610981,-0.524598733389019,0,78,"Q2"
"8142",8142,"ChattanoogaFurman2-1",2026-02-01,"conf","Chattanooga","Furman","SC","SC","A",NA,NA,0.193922737600882,0.548536258475982,0.789142831518436,0.754916473669213,NA,NA,"future",0.245083526330787,-0.754916473669213,0,189,"Q3"
"8143",8143,"SienaCanisius2-1",2026-02-01,"conf","Siena","Canisius","MAAC","MAAC","A",NA,NA,0.390387146522654,0.168655818164591,0.789142831518436,0.948580548987064,NA,NA,"future",0.051419451012936,-0.948580548987064,0,342,"Q4"
"8144",8144,"ManhattanMount St. Mary's2-1",2026-02-01,"conf","Manhattan","Mount St. Mary's","MAAC","MAAC","A",NA,NA,0.115503480599443,0.282514165173045,0.789142831518436,0.904804899863118,NA,NA,"future",0.0951951001368816,-0.904804899863118,0,304,"Q4"
"8145",8145,"Wichita St.Tulsa2-1",2026-02-01,"conf","Wichita St.","Tulsa","Amer","Amer","A",NA,NA,0.597783953153128,0.855650066325967,0.789142831518436,0.387020296107445,NA,NA,"future",0.612979703892555,-0.387020296107445,0,47,"Q1"
"8146",8146,"TulaneMemphis2-1",2026-02-01,"conf","Tulane","Memphis","Amer","Amer","A",NA,NA,0.343744187026903,0.777847739912943,0.789142831518436,0.516643488894951,NA,NA,"future",0.483356511105049,-0.516643488894951,0,112,"Q2"
"8147",8147,"Sacred HeartMerrimack2-1",2026-02-01,"conf","Sacred Heart","Merrimack","MAAC","MAAC","A",NA,NA,0.185258742802667,0.494941213645724,0.789142831518436,0.792490301797105,NA,NA,"future",0.207509698202895,-0.792490301797105,0,217,"Q3"
"8148",8148,"Southeastern LouisianaLamar2-2",2026-02-02,"conf","Lamar","Southeastern Louisiana","Slnd","Slnd","H",NA,NA,0.437571853477538,0.210763265088124,0.87694452176131,0.963880666391084,NA,NA,"future",0.0361193336089162,-0.963880666391084,0,288,"Q4"
"8149",8149,"Grambling St.Alcorn St.2-2",2026-02-02,"conf","Alcorn St.","Grambling St.","SWAC","SWAC","H",NA,NA,0.174056746218553,0.233559697555641,0.87694452176131,0.958992470941088,NA,NA,"future",0.0410075290589117,-0.958992470941088,0,266,"Q4"
"8150",8150,"Bethune CookmanAlabama A&M2-2",2026-02-02,"conf","Alabama A&M","Bethune Cookman","SWAC","SWAC","H",NA,NA,0.264840745295219,0.251758726760507,0.87694452176131,0.954914569002642,NA,NA,"future",0.0450854309973584,-0.954914569002642,0,268,"Q4"
"8151",8151,"Houston ChristianUT Rio Grande Valley2-2",2026-02-02,"conf","UT Rio Grande Valley","Houston Christian","Slnd","Slnd","H",NA,NA,0.55726232666861,0.166904500846973,0.87694452176131,0.972656041762217,NA,NA,"future",0.0273439582377828,-0.972656041762217,0,297,"Q4"
"8152",8152,"McNeese St.Stephen F. Austin2-2",2026-02-02,"conf","Stephen F. Austin","McNeese St.","Slnd","Slnd","H",NA,NA,0.815047683515057,0.683026270437139,0.87694452176131,0.767829201135309,NA,NA,"future",0.232170798864691,-0.767829201135309,0,57,"Q2"
"8153",8153,"SyracuseNorth Carolina2-2",2026-02-02,"conf","North Carolina","Syracuse","ACC","ACC","H",NA,NA,0.914942599410585,0.733076983692956,0.87694452176131,0.721822125891199,NA,NA,"future",0.278177874108801,-0.721822125891199,0,77,"Q3"
"8154",8154,"Boston UniversityHoly Cross2-2",2026-02-02,"conf","Holy Cross","Boston University","Pat","Pat","H",NA,NA,0.203196040881925,0.173160301084916,0.87694452176131,0.97145190396275,NA,NA,"future",0.0285480960372501,-0.97145190396275,0,292,"Q4"
"8155",8155,"Florida A&MAlabama St.2-2",2026-02-02,"conf","Alabama St.","Florida A&M","SWAC","SWAC","H",NA,NA,0.268009882386887,0.193160437433708,0.87694452176131,0.967498013170315,NA,NA,"future",0.0325019868296846,-0.967498013170315,0,307,"Q4"
"8156",8156,"Maryland Eastern ShoreNorth Carolina Central2-2",2026-02-02,"conf","North Carolina Central","Maryland Eastern Shore","MEAC","MEAC","H",NA,NA,0.146611416892688,0.112768939573491,0.87694452176131,0.98247717744524,NA,NA,"future",0.0175228225547599,-0.98247717744524,0,325,"Q4"
"8157",8157,"SouthernJackson St.2-2",2026-02-02,"conf","Jackson St.","Southern","SWAC","SWAC","H",NA,NA,0.203615154509213,0.265907681407748,0.87694452176131,0.951629886177392,NA,NA,"future",0.0483701138226084,-0.951629886177392,0,278,"Q4"
"8158",8158,"Incarnate WordTexas A&M Corpus Chris2-2",2026-02-02,"conf","Texas A&M Corpus Chris","Incarnate Word","Slnd","Slnd","H",NA,NA,0.574962601011334,0.261903553465073,0.87694452176131,0.95256990795582,NA,NA,"future",0.0474300920441801,-0.95256990795582,0,246,"Q4"
"8159",8159,"Weber St.Sacramento St.2-2",2026-02-02,"conf","Sacramento St.","Weber St.","BSky","BSky","H",NA,NA,0.304984656110273,0.362300900236987,0.87694452176131,0.926163657167391,NA,NA,"future",0.073836342832609,-0.926163657167391,0,190,"Q4"
"8160",8160,"KansasTexas Tech2-2",2026-02-02,"conf","Texas Tech","Kansas","B12","B12","H",NA,NA,0.952998790803517,0.923435166348524,0.87694452176131,0.371414287559022,NA,NA,"future",0.628585712440978,-0.371414287559022,0,18,"Q1"
"8161",8161,"New OrleansEast Texas A&M2-2",2026-02-02,"conf","East Texas A&M","New Orleans","Slnd","Slnd","H",NA,NA,0.343115860118082,0.331235610868882,0.87694452176131,0.93501525605322,NA,NA,"future",0.0649847439467803,-0.93501525605322,0,231,"Q4"
"8162",8162,"Idaho St.Portland St.2-2",2026-02-02,"conf","Portland St.","Idaho St.","BSky","BSky","H",NA,NA,0.588461091868302,0.328595781865349,0.87694452176131,0.935737061162961,NA,NA,"future",0.0642629388370387,-0.935737061162961,0,174,"Q4"
"8163",8163,"Nicholls St.Northwestern St.2-2",2026-02-02,"conf","Northwestern St.","Nicholls St.","Slnd","Slnd","H",NA,NA,0.284845739227625,0.298838774145833,0.87694452176131,0.943568533420601,NA,NA,"future",0.0564314665793993,-0.943568533420601,0,214,"Q4"
"8164",8164,"Southeastern LouisianaLamar2-2",2026-02-02,"conf","Southeastern Louisiana","Lamar","Slnd","Slnd","A",NA,NA,0.210763265088124,0.437571853477538,0.789142831518436,0.827896030713947,NA,NA,"future",0.172103969286053,-0.827896030713947,0,220,"Q3"
"8165",8165,"Grambling St.Alcorn St.2-2",2026-02-02,"conf","Grambling St.","Alcorn St.","SWAC","SWAC","A",NA,NA,0.233559697555641,0.174056746218553,0.789142831518436,0.946693194210632,NA,NA,"future",0.053306805789368,-0.946693194210632,0,351,"Q4"
"8166",8166,"Bethune CookmanAlabama A&M2-2",2026-02-02,"conf","Bethune Cookman","Alabama A&M","SWAC","SWAC","A",NA,NA,0.251758726760507,0.264840745295219,0.789142831518436,0.91219415768358,NA,NA,"future",0.0878058423164204,-0.91219415768358,0,308,"Q4"
"8167",8167,"Houston ChristianUT Rio Grande Valley2-2",2026-02-02,"conf","Houston Christian","UT Rio Grande Valley","Slnd","Slnd","A",NA,NA,0.166904500846973,0.55726232666861,0.789142831518436,0.748326675227506,NA,NA,"future",0.251673324772494,-0.748326675227506,0,194,"Q3"
"8168",8168,"McNeese St.Stephen F. Austin2-2",2026-02-02,"conf","McNeese St.","Stephen F. Austin","Slnd","Slnd","A",NA,NA,0.683026270437139,0.815047683515057,0.789142831518436,0.459245063096948,NA,NA,"future",0.540754936903052,-0.459245063096948,0,88,"Q2"
"8169",8169,"SyracuseNorth Carolina2-2",2026-02-02,"conf","Syracuse","North Carolina","ACC","ACC","A",NA,NA,0.733076983692956,0.914942599410585,0.789142831518436,0.258118902076419,NA,NA,"future",0.741881097923581,-0.258118902076419,0,27,"Q1"
"8170",8170,"Boston UniversityHoly Cross2-2",2026-02-02,"conf","Boston University","Holy Cross","Pat","Pat","A",NA,NA,0.173160301084916,0.203196040881925,0.789142831518436,0.936207636608896,NA,NA,"future",0.0637923633911037,-0.936207636608896,0,314,"Q4"
"8171",8171,"Florida A&MAlabama St.2-2",2026-02-02,"conf","Florida A&M","Alabama St.","SWAC","SWAC","A",NA,NA,0.193160437433708,0.268009882386887,0.789142831518436,0.910886666510392,NA,NA,"future",0.0891133334896076,-0.910886666510392,0,313,"Q4"
"8172",8172,"Maryland Eastern ShoreNorth Carolina Central2-2",2026-02-02,"conf","Maryland Eastern Shore","North Carolina Central","MEAC","MEAC","A",NA,NA,0.112768939573491,0.146611416892688,0.789142831518436,0.956110386825677,NA,NA,"future",0.0438896131743233,-0.956110386825677,0,344,"Q4"
"8173",8173,"SouthernJackson St.2-2",2026-02-02,"conf","Southern","Jackson St.","SWAC","SWAC","A",NA,NA,0.265907681407748,0.203615154509213,0.789142831518436,0.936052982067883,NA,NA,"future",0.0639470179321173,-0.936052982067883,0,347,"Q4"
"8174",8174,"Incarnate WordTexas A&M Corpus Chris2-2",2026-02-02,"conf","Incarnate Word","Texas A&M Corpus Chris","Slnd","Slnd","A",NA,NA,0.261903553465073,0.574962601011334,0.789142831518436,0.734512356833687,NA,NA,"future",0.265487643166313,-0.734512356833687,0,181,"Q3"
"8175",8175,"Weber St.Sacramento St.2-2",2026-02-02,"conf","Weber St.","Sacramento St.","BSky","BSky","A",NA,NA,0.362300900236987,0.304984656110273,0.789142831518436,0.895054064928712,NA,NA,"future",0.104945935071288,-0.895054064928712,0,279,"Q4"
"8176",8176,"KansasTexas Tech2-2",2026-02-02,"conf","Kansas","Texas Tech","B12","B12","A",NA,NA,0.923435166348524,0.952998790803517,0.789142831518436,0.155818723619252,NA,NA,"future",0.844181276380748,-0.155818723619252,0,17,"Q1"
"8177",8177,"New OrleansEast Texas A&M2-2",2026-02-02,"conf","New Orleans","East Texas A&M","Slnd","Slnd","A",NA,NA,0.331235610868882,0.343115860118082,0.789142831518436,0.877525786598482,NA,NA,"future",0.122474213401518,-0.877525786598482,0,277,"Q4"
"8178",8178,"Idaho St.Portland St.2-2",2026-02-02,"conf","Idaho St.","Portland St.","BSky","BSky","A",NA,NA,0.328595781865349,0.588461091868302,0.789142831518436,0.723553887104282,NA,NA,"future",0.276446112895718,-0.723553887104282,0,137,"Q3"
"8179",8179,"Nicholls St.Northwestern St.2-2",2026-02-02,"conf","Nicholls St.","Northwestern St.","Slnd","Slnd","A",NA,NA,0.298838774145833,0.284845739227625,0.789142831518436,0.903812007986627,NA,NA,"future",0.0961879920133734,-0.903812007986627,0,306,"Q4"
"8180",8180,"IndianaUSC2-3",2026-02-03,"conf","USC","Indiana","B10","B10","H",NA,NA,0.850928400566256,0.873086517947804,0.87694452176131,0.508818932948501,NA,NA,"future",0.491181067051499,-0.508818932948501,0,38,"Q2"
"8181",8181,"CanisiusNiagara2-3",2026-02-03,"conf","Niagara","Canisius","MAAC","MAAC","H",NA,NA,0.127205292330729,0.0962828763969484,0.87694452176131,0.985270070495874,NA,NA,"future",0.0147299295041264,-0.985270070495874,0,342,"Q4"
"8182",8182,"Loyola MarymountSan Francisco2-3",2026-02-03,"conf","San Francisco","Loyola Marymount","WCC","WCC","H",NA,NA,0.739588765971914,0.409607691238367,0.87694452176131,0.911282503732018,NA,NA,"future",0.0887174962679816,-0.911282503732018,0,170,"Q4"
"8183",8183,"La SalleLoyola Chicago2-3",2026-02-03,"conf","Loyola Chicago","La Salle","A10","A10","H",NA,NA,0.28923647413666,0.347282363436385,0.87694452176131,0.930527128014643,NA,NA,"future",0.0694728719853572,-0.930527128014643,0,227,"Q4"
"8184",8184,"N.C. StateSMU2-3",2026-02-03,"conf","SMU","N.C. State","ACC","ACC","H",NA,NA,0.916602426915101,0.872129903528318,0.87694452176131,0.510969471437763,NA,NA,"future",0.489030528562237,-0.510969471437763,0,29,"Q1"
"8185",8185,"Indiana St.Evansville2-3",2026-02-03,"conf","Evansville","Indiana St.","MVC","MVC","H",NA,NA,0.316297971986588,0.363662236714813,0.87694452176131,0.925760033172288,NA,NA,"future",0.0742399668277122,-0.925760033172288,0,205,"Q4"
"8186",8186,"St. BonaventureDayton2-3",2026-02-03,"conf","Dayton","St. Bonaventure","A10","A10","H",NA,NA,0.806502743818976,0.42887918075561,0.87694452176131,0.904670714557104,NA,NA,"future",0.0953292854428963,-0.904670714557104,0,144,"Q3"
"8187",8187,"Illinois ChicagoMurray St.2-3",2026-02-03,"conf","Murray St.","Illinois Chicago","MVC","MVC","H",NA,NA,0.768671365816874,0.500741447619587,0.87694452176131,0.876624116731868,NA,NA,"future",0.123375883268132,-0.876624116731868,0,161,"Q4"
"8188",8188,"South CarolinaTexas2-3",2026-02-03,"conf","Texas","South Carolina","SEC","SEC","H",NA,NA,0.887271095950039,0.702029460608034,0.87694452176131,0.751537221073831,NA,NA,"future",0.248462778926169,-0.751537221073831,0,85,"Q3"
"8189",8189,"Southern IllinoisIllinois St.2-3",2026-02-03,"conf","Illinois St.","Southern Illinois","MVC","MVC","H",NA,NA,0.816126473444108,0.429692892721203,0.87694452176131,0.904383896749159,NA,NA,"future",0.0956161032508414,-0.904383896749159,0,143,"Q3"
"8190",8190,"ValparaisoBradley2-3",2026-02-03,"conf","Bradley","Valparaiso","MVC","MVC","H",NA,NA,0.630393603174275,0.458749949196083,0.87694452176131,0.893707567155318,NA,NA,"future",0.106292432844682,-0.893707567155318,0,171,"Q4"
"8191",8191,"RutgersUCLA2-3",2026-02-03,"conf","UCLA","Rutgers","B10","B10","H",NA,NA,0.883383237146971,0.434313559219032,0.87694452176131,0.902743058079771,NA,NA,"future",0.0972569419202294,-0.902743058079771,0,153,"Q3"
"8192",8192,"Kent St.Toledo2-3",2026-02-03,"conf","Toledo","Kent St.","MAC","MAC","H",NA,NA,0.565070766531367,0.481287807626764,0.87694452176131,0.884800030107753,NA,NA,"future",0.115199969892247,-0.884800030107753,0,148,"Q3"
"8193",8193,"Little RockTennessee Martin2-3",2026-02-03,"conf","Tennessee Martin","Little Rock","OVC","OVC","H",NA,NA,0.371890241689694,0.127043860244037,0.87694452176131,0.979987080838008,NA,NA,"future",0.0200129191619924,-0.979987080838008,0,302,"Q4"
"8194",8194,"AkronEastern Michigan2-3",2026-02-03,"conf","Eastern Michigan","Akron","MAC","MAC","H",NA,NA,0.534059422473723,0.745581397618812,0.87694452176131,0.708606354394313,NA,NA,"future",0.291393645605687,-0.708606354394313,0,54,"Q2"
"8195",8195,"SIU EdwardsvilleLindenwood2-3",2026-02-03,"conf","Lindenwood","SIU Edwardsville","OVC","OVC","H",NA,NA,0.442688901303207,0.222517010562244,0.87694452176131,0.961389918559662,NA,NA,"future",0.0386100814403375,-0.961389918559662,0,255,"Q4"
"8196",8196,"XavierConnecticut2-3",2026-02-03,"conf","Connecticut","Xavier","BE","BE","H",NA,NA,0.972195245967499,0.650772325033312,0.87694452176131,0.792715583981746,NA,NA,"future",0.207284416018254,-0.792715583981746,0,94,"Q3"
"8197",8197,"Central MichiganMassachusetts2-3",2026-02-03,"conf","Massachusetts","Central Michigan","MAC","MAC","H",NA,NA,0.572880082018046,0.143586134959525,0.87694452176131,0.977014256827904,NA,NA,"future",0.0229857431720957,-0.977014256827904,0,329,"Q4"
"8198",8198,"WyomingSan Diego St.2-3",2026-02-03,"conf","San Diego St.","Wyoming","MWC","MWC","H",NA,NA,0.88804009035819,0.628540397083757,0.87694452176131,0.80812121966831,NA,NA,"future",0.19187878033169,-0.80812121966831,0,100,"Q3"
"8199",8199,"Boston CollegeDuke2-3",2026-02-03,"conf","Duke","Boston College","ACC","ACC","H",NA,NA,0.967169328775528,0.452301733460503,0.87694452176131,0.896152158479263,NA,NA,"future",0.103847841520737,-0.896152158479263,0,157,"Q3"
"8200",8200,"Miami OHBuffalo2-3",2026-02-03,"conf","Buffalo","Miami OH","MAC","MAC","H",NA,NA,0.546556873185776,0.696611503750518,0.87694452176131,0.756317426282864,NA,NA,"future",0.243682573717136,-0.756317426282864,0,49,"Q2"
"8201",8201,"PittsburghVirginia2-3",2026-02-03,"conf","Virginia","Pittsburgh","ACC","ACC","H",NA,NA,0.96842400434267,0.587700127965515,0.87694452176131,0.83332008576474,NA,NA,"future",0.16667991423526,-0.83332008576474,0,121,"Q3"
"8202",8202,"Air ForceGrand Canyon2-3",2026-02-03,"conf","Grand Canyon","Air Force","MWC","MWC","H",NA,NA,0.843748589646882,0.105682919431014,0.87694452176131,0.983688285585496,NA,NA,"future",0.0163117144145042,-0.983688285585496,0,336,"Q4"
"8203",8203,"Texas A&MAlabama2-3",2026-02-03,"conf","Alabama","Texas A&M","SEC","SEC","H",NA,NA,0.954434190116709,0.85060177721884,0.87694452176131,0.555885454080178,NA,NA,"future",0.444114545919822,-0.555885454080178,0,41,"Q2"
"8204",8204,"Saint LouisDavidson2-3",2026-02-03,"conf","Davidson","Saint Louis","A10","A10","H",NA,NA,0.692626171471865,0.882079346144617,0.87694452176131,0.487886969241814,NA,NA,"future",0.512113030758186,-0.487886969241814,0,22,"Q1"
"8205",8205,"Ball St.Bowling Green2-3",2026-02-03,"conf","Bowling Green","Ball St.","MAC","MAC","H",NA,NA,0.717673284740088,0.175570369203068,0.87694452176131,0.970983935499258,NA,NA,"future",0.0290160645007421,-0.970983935499258,0,316,"Q4"
"8206",8206,"MississippiTennessee2-3",2026-02-03,"conf","Tennessee","Mississippi","SEC","SEC","H",NA,NA,0.951108153148531,0.654298907124239,0.87694452176131,0.790148149620637,NA,NA,"future",0.209851850379363,-0.790148149620637,0,87,"Q3"
"8207",8207,"DrakeBelmont2-3",2026-02-03,"conf","Belmont","Drake","MVC","MVC","H",NA,NA,0.80633083929574,0.380317101596354,0.87694452176131,0.920708383048696,NA,NA,"future",0.0792916169513039,-0.920708383048696,0,166,"Q4"
"8208",8208,"Western MichiganOhio2-3",2026-02-03,"conf","Ohio","Western Michigan","MAC","MAC","H",NA,NA,0.450162132915252,0.256976620663072,0.87694452176131,0.953715171476899,NA,NA,"future",0.0462848285231012,-0.953715171476899,0,256,"Q4"
"8209",8209,"VCUFordham2-3",2026-02-03,"conf","Fordham","VCU","A10","A10","H",NA,NA,0.520630114053518,0.722299621864947,0.87694452176131,0.732611158893325,NA,NA,"future",0.267388841106675,-0.732611158893325,0,55,"Q2"
"8210",8210,"St. John'sDePaul2-3",2026-02-03,"conf","DePaul","St. John's","BE","BE","H",NA,NA,0.723148523927946,0.894211859941309,0.87694452176131,0.457429346097337,NA,NA,"future",0.542570653902663,-0.457429346097337,0,23,"Q1"
"8211",8211,"NevadaBoise St.2-3",2026-02-03,"conf","Boise St.","Nevada","MWC","MWC","H",NA,NA,0.83001126375618,0.739452783455418,0.87694452176131,0.715181068389696,NA,NA,"future",0.284818931610304,-0.715181068389696,0,65,"Q2"
"8212",8212,"UNLVFresno St.2-3",2026-02-03,"conf","Fresno St.","UNLV","MWC","MWC","H",NA,NA,0.639155744766348,0.560876007034628,0.87694452176131,0.848011636054,NA,NA,"future",0.151988363946,-0.848011636054,0,127,"Q3"
"8213",8213,"IndianaUSC2-3",2026-02-03,"conf","Indiana","USC","B10","B10","A",NA,NA,0.873086517947804,0.850928400566256,0.789142831518436,0.396005997866024,NA,NA,"future",0.603994002133976,-0.396005997866024,0,56,"Q1"
"8214",8214,"CanisiusNiagara2-3",2026-02-03,"conf","Canisius","Niagara","MAAC","MAAC","A",NA,NA,0.0962828763969484,0.127205292330729,0.789142831518436,0.962517008599123,NA,NA,"future",0.0374829914008765,-0.962517008599123,0,355,"Q4"
"8215",8215,"Loyola MarymountSan Francisco2-3",2026-02-03,"conf","Loyola Marymount","San Francisco","WCC","WCC","A",NA,NA,0.409607691238367,0.739588765971914,0.789142831518436,0.568549132866206,NA,NA,"future",0.431450867133794,-0.568549132866206,0,107,"Q2"
"8216",8216,"La SalleLoyola Chicago2-3",2026-02-03,"conf","La Salle","Loyola Chicago","A10","A10","A",NA,NA,0.347282363436385,0.28923647413666,0.789142831518436,0.901930542270354,NA,NA,"future",0.0980694577296459,-0.901930542270354,0,315,"Q4"
"8217",8217,"N.C. StateSMU2-3",2026-02-03,"conf","N.C. State","SMU","ACC","ACC","A",NA,NA,0.872129903528318,0.916602426915101,0.789142831518436,0.254019532125076,NA,NA,"future",0.745980467874924,-0.254019532125076,0,30,"Q1"
"8218",8218,"Indiana St.Evansville2-3",2026-02-03,"conf","Indiana St.","Evansville","MVC","MVC","A",NA,NA,0.363662236714813,0.316297971986588,0.789142831518436,0.88998656064279,NA,NA,"future",0.110013439357211,-0.88998656064279,0,284,"Q4"
"8219",8219,"St. BonaventureDayton2-3",2026-02-03,"conf","St. Bonaventure","Dayton","A10","A10","A",NA,NA,0.42887918075561,0.806502743818976,0.789142831518436,0.473106576585408,NA,NA,"future",0.526893423414592,-0.473106576585408,0,80,"Q2"
"8220",8220,"Illinois ChicagoMurray St.2-3",2026-02-03,"conf","Illinois Chicago","Murray St.","MVC","MVC","A",NA,NA,0.500741447619587,0.768671365816874,0.789142831518436,0.52970054022595,NA,NA,"future",0.47029945977405,-0.52970054022595,0,74,"Q1"
"8221",8221,"South CarolinaTexas2-3",2026-02-03,"conf","South Carolina","Texas","SEC","SEC","A",NA,NA,0.702029460608034,0.887271095950039,0.789142831518436,0.322261464403328,NA,NA,"future",0.677738535596672,-0.322261464403328,0,43,"Q1"
"8222",8222,"Southern IllinoisIllinois St.2-3",2026-02-03,"conf","Southern Illinois","Illinois St.","MVC","MVC","A",NA,NA,0.429692892721203,0.816126473444108,0.789142831518436,0.457464356306282,NA,NA,"future",0.542535643693718,-0.457464356306282,0,79,"Q2"
"8223",8223,"ValparaisoBradley2-3",2026-02-03,"conf","Valparaiso","Bradley","MVC","MVC","A",NA,NA,0.458749949196083,0.630393603174275,0.789142831518436,0.686941833214128,NA,NA,"future",0.313058166785872,-0.686941833214128,0,124,"Q2"
"8224",8224,"RutgersUCLA2-3",2026-02-03,"conf","Rutgers","UCLA","B10","B10","A",NA,NA,0.434313559219032,0.883383237146971,0.789142831518436,0.330682521038581,NA,NA,"future",0.669317478961419,-0.330682521038581,0,40,"Q1"
"8225",8225,"Kent St.Toledo2-3",2026-02-03,"conf","Kent St.","Toledo","MAC","MAC","A",NA,NA,0.481287807626764,0.565070766531367,0.789142831518436,0.742307911949207,NA,NA,"future",0.257692088050793,-0.742307911949207,0,169,"Q3"
"8226",8226,"Little RockTennessee Martin2-3",2026-02-03,"conf","Little Rock","Tennessee Martin","OVC","OVC","A",NA,NA,0.127043860244037,0.371890241689694,0.789142831518436,0.863407239429369,NA,NA,"future",0.136592760570631,-0.863407239429369,0,187,"Q3"
"8227",8227,"AkronEastern Michigan2-3",2026-02-03,"conf","Akron","Eastern Michigan","MAC","MAC","A",NA,NA,0.745581397618812,0.534059422473723,0.789142831518436,0.765543748596947,NA,NA,"future",0.234456251403053,-0.765543748596947,0,179,"Q3"
"8228",8228,"SIU EdwardsvilleLindenwood2-3",2026-02-03,"conf","SIU Edwardsville","Lindenwood","OVC","OVC","A",NA,NA,0.222517010562244,0.442688901303207,0.789142831518436,0.824917009807152,NA,NA,"future",0.175082990192848,-0.824917009807152,0,224,"Q3"
"8229",8229,"XavierConnecticut2-3",2026-02-03,"conf","Xavier","Connecticut","BE","BE","A",NA,NA,0.650772325033312,0.972195245967499,0.789142831518436,0.0966876003580351,NA,NA,"future",0.903312399641965,-0.0966876003580351,0,8,"Q1"
"8230",8230,"Central MichiganMassachusetts2-3",2026-02-03,"conf","Central Michigan","Massachusetts","MAC","MAC","A",NA,NA,0.143586134959525,0.572880082018046,0.789142831518436,0.736169735795053,NA,NA,"future",0.263830264204947,-0.736169735795053,0,195,"Q3"
"8231",8231,"WyomingSan Diego St.2-3",2026-02-03,"conf","Wyoming","San Diego St.","MWC","MWC","A",NA,NA,0.628540397083757,0.88804009035819,0.789142831518436,0.320579556111625,NA,NA,"future",0.679420443888375,-0.320579556111625,0,52,"Q1"
"8232",8232,"Boston CollegeDuke2-3",2026-02-03,"conf","Boston College","Duke","ACC","ACC","A",NA,NA,0.452301733460503,0.967169328775528,0.789142831518436,0.1127209681814,NA,NA,"future",0.8872790318186,-0.1127209681814,0,2,"Q1"
"8233",8233,"Miami OHBuffalo2-3",2026-02-03,"conf","Miami OH","Buffalo","MAC","MAC","A",NA,NA,0.696611503750518,0.546556873185776,0.789142831518436,0.756391714958197,NA,NA,"future",0.243608285041803,-0.756391714958197,0,165,"Q3"
"8234",8234,"PittsburghVirginia2-3",2026-02-03,"conf","Pittsburgh","Virginia","ACC","ACC","A",NA,NA,0.587700127965515,0.96842400434267,0.789142831518436,0.108756479072216,NA,NA,"future",0.891243520927784,-0.108756479072216,0,13,"Q1"
"8235",8235,"Air ForceGrand Canyon2-3",2026-02-03,"conf","Air Force","Grand Canyon","MWC","MWC","A",NA,NA,0.105682919431014,0.843748589646882,0.789142831518436,0.409357541008259,NA,NA,"future",0.590642458991741,-0.409357541008259,0,86,"Q2"
"8236",8236,"Texas A&MAlabama2-3",2026-02-03,"conf","Texas A&M","Alabama","SEC","SEC","A",NA,NA,0.85060177721884,0.954434190116709,0.789142831518436,0.151588690123373,NA,NA,"future",0.848411309876627,-0.151588690123373,0,19,"Q1"
"8237",8237,"Saint LouisDavidson2-3",2026-02-03,"conf","Saint Louis","Davidson","A10","A10","A",NA,NA,0.882079346144617,0.692626171471865,0.789142831518436,0.624182848539627,NA,NA,"future",0.375817151460373,-0.624182848539627,0,119,"Q2"
"8238",8238,"Ball St.Bowling Green2-3",2026-02-03,"conf","Ball St.","Bowling Green","MAC","MAC","A",NA,NA,0.175570369203068,0.717673284740088,0.789142831518436,0.595516196130015,NA,NA,"future",0.404483803869985,-0.595516196130015,0,101,"Q2"
"8239",8239,"MississippiTennessee2-3",2026-02-03,"conf","Mississippi","Tennessee","SEC","SEC","A",NA,NA,0.654298907124239,0.951108153148531,0.789142831518436,0.161345502513521,NA,NA,"future",0.838654497486479,-0.161345502513521,0,26,"Q1"
"8240",8240,"DrakeBelmont2-3",2026-02-03,"conf","Drake","Belmont","MVC","MVC","A",NA,NA,0.380317101596354,0.80633083929574,0.789142831518436,0.473381084368494,NA,NA,"future",0.526618915631506,-0.473381084368494,0,64,"Q1"
"8241",8241,"Western MichiganOhio2-3",2026-02-03,"conf","Western Michigan","Ohio","MAC","MAC","A",NA,NA,0.256976620663072,0.450162132915252,0.789142831518436,0.820506375236532,NA,NA,"future",0.179493624763468,-0.820506375236532,0,216,"Q3"
"8242",8242,"VCUFordham2-3",2026-02-03,"conf","VCU","Fordham","A10","A10","A",NA,NA,0.722299621864947,0.520630114053518,0.789142831518436,0.775076087478428,NA,NA,"future",0.224923912521572,-0.775076087478428,0,226,"Q3"
"8243",8243,"St. John'sDePaul2-3",2026-02-03,"conf","St. John's","DePaul","BE","BE","A",NA,NA,0.894211859941309,0.723148523927946,0.789142831518436,0.588951567067976,NA,NA,"future",0.411048432932024,-0.588951567067976,0,113,"Q2"
"8244",8244,"NevadaBoise St.2-3",2026-02-03,"conf","Nevada","Boise St.","MWC","MWC","A",NA,NA,0.739452783455418,0.83001126375618,0.789142831518436,0.433903907888668,NA,NA,"future",0.566096092111332,-0.433903907888668,0,71,"Q1"
"8245",8245,"UNLVFresno St.2-3",2026-02-03,"conf","UNLV","Fresno St.","MWC","MWC","A",NA,NA,0.560876007034628,0.639155744766348,0.789142831518436,0.678756847319588,NA,NA,"future",0.321243152680412,-0.678756847319588,0,139,"Q3"
"8246",8246,"Wright St.Robert Morris2-4",2026-02-04,"conf","Robert Morris","Wright St.","Horz","Horz","H",NA,NA,0.517536678288298,0.571577739895169,0.87694452176131,0.84231002581507,NA,NA,"future",0.15768997418493,-0.84231002581507,0,136,"Q3"
"8247",8247,"Arkansas St.Coastal Carolina2-4",2026-02-04,"conf","Coastal Carolina","Arkansas St.","SB","SB","H",NA,NA,0.391019597898515,0.486958310027856,0.87694452176131,0.882465421492392,NA,NA,"future",0.117534578507608,-0.882465421492392,0,141,"Q3"
"8248",8248,"Youngstown St.Purdue Fort Wayne2-4",2026-02-04,"conf","Purdue Fort Wayne","Youngstown St.","Horz","Horz","H",NA,NA,0.440919826703015,0.38787784894262,0.87694452176131,0.918343480785251,NA,NA,"future",0.0816565192147493,-0.918343480785251,0,221,"Q4"
"8249",8249,"CharlotteWichita St.2-4",2026-02-04,"conf","Wichita St.","Charlotte","Amer","Amer","H",NA,NA,0.738904436061514,0.408184823211502,0.87694452176131,0.911757290865428,NA,NA,"future",0.0882427091345716,-0.911757290865428,0,173,"Q4"
"8250",8250,"OklahomaKentucky2-4",2026-02-04,"conf","Kentucky","Oklahoma","SEC","SEC","H",NA,NA,0.894882969930619,0.671721774627647,0.87694452176131,0.776923253027942,NA,NA,"future",0.223076746972058,-0.776923253027942,0,76,"Q3"
"8251",8251,"North TexasRice2-4",2026-02-04,"conf","Rice","North Texas","Amer","Amer","H",NA,NA,0.456337279232508,0.455092616735083,0.87694452176131,0.895099567727526,NA,NA,"future",0.104900432272474,-0.895099567727526,0,147,"Q3"
"8252",8252,"Arizona St.Utah2-4",2026-02-04,"conf","Utah","Arizona St.","B12","B12","H",NA,NA,0.735923022179889,0.630271822278081,0.87694452176131,0.806967577765592,NA,NA,"future",0.193032422234408,-0.806967577765592,0,93,"Q3"
"8253",8253,"Michigan St.Minnesota2-4",2026-02-04,"conf","Minnesota","Michigan St.","B10","B10","H",NA,NA,0.837995134981792,0.932129770868875,0.87694452176131,0.341623855432532,NA,NA,"future",0.658376144567468,-0.341623855432532,0,11,"Q1"
"8254",8254,"Washington St.Oregon St.2-4",2026-02-04,"conf","Oregon St.","Washington St.","WCC","WCC","H",NA,NA,0.48746862199899,0.483069117975872,0.87694452176131,0.884070838462682,NA,NA,"future",0.115929161537318,-0.884070838462682,0,156,"Q3"
"8255",8255,"LibertyDelaware2-4",2026-02-04,"conf","Delaware","Liberty","CUSA","CUSA","H",NA,NA,0.290475626387562,0.617063960398147,0.87694452176131,0.815583004897484,NA,NA,"future",0.184416995102516,-0.815583004897484,0,84,"Q3"
"8256",8256,"South DakotaUMKC2-4",2026-02-04,"conf","UMKC","South Dakota","Sum","Sum","H",NA,NA,0.148903257972366,0.214647067407385,0.87694452176131,0.963064474227078,NA,NA,"future",0.036935525772922,-0.963064474227078,0,272,"Q4"
"8257",8257,"ColoradoBaylor2-4",2026-02-04,"conf","Baylor","Colorado","B12","B12","H",NA,NA,0.844844372317854,0.640434349812151,0.87694452176131,0.800042273749593,NA,NA,"future",0.199957726250407,-0.800042273749593,0,78,"Q3"
"8258",8258,"UCFHouston2-4",2026-02-04,"conf","Houston","UCF","B12","B12","H",NA,NA,0.978859960512281,0.77353273260516,0.87694452176131,0.675998096188303,NA,NA,"future",0.324001903811697,-0.675998096188303,0,39,"Q2"
"8259",8259,"Charleston SouthernHigh Point2-4",2026-02-04,"conf","High Point","Charleston Southern","BSth","BSth","H",NA,NA,0.756790844012223,0.304852499335177,0.87694452176131,0.942029615136421,NA,NA,"future",0.0579703848635789,-0.942029615136421,0,219,"Q4"
"8260",8260,"WinthropRadford2-4",2026-02-04,"conf","Radford","Winthrop","BSth","BSth","H",NA,NA,0.361659659316487,0.429719171865507,0.87694452176131,0.904374623248957,NA,NA,"future",0.095625376751043,-0.904374623248957,0,130,"Q3"
"8261",8261,"Utah St.New Mexico2-4",2026-02-04,"conf","New Mexico","Utah St.","MWC","MWC","H",NA,NA,0.889177912187195,0.849238029418344,0.87694452176131,0.558523317336614,NA,NA,"future",0.441476682663386,-0.558523317336614,0,25,"Q1"
"8262",8262,"LehighLoyola MD2-4",2026-02-04,"conf","Loyola MD","Lehigh","Pat","Pat","H",NA,NA,0.162152229273016,0.155993773443698,0.87694452176131,0.974720382753838,NA,NA,"future",0.0252796172461617,-0.974720382753838,0,298,"Q4"
"8263",8263,"IowaWashington2-4",2026-02-04,"conf","Washington","Iowa","B10","B10","H",NA,NA,0.850500833069505,0.910684041262198,0.87694452176131,0.411393574304387,NA,NA,"future",0.588606425695613,-0.411393574304387,0,21,"Q1"
"8264",8264,"LongwoodGardner Webb2-4",2026-02-04,"conf","Gardner Webb","Longwood","BSth","BSth","H",NA,NA,0.0575179811498203,0.192892523448795,0.87694452176131,0.967552055004814,NA,NA,"future",0.0324479449951863,-0.967552055004814,0,271,"Q4"
"8265",8265,"FIUMiddle Tennessee2-4",2026-02-04,"conf","Middle Tennessee","FIU","CUSA","CUSA","H",NA,NA,0.754494348969183,0.408547275216062,0.87694452176131,0.911636516667524,NA,NA,"future",0.0883634833324762,-0.911636516667524,0,198,"Q4"
"8266",8266,"Louisiana MonroeOld Dominion2-4",2026-02-04,"conf","Old Dominion","Louisiana Monroe","SB","SB","H",NA,NA,0.413664087476716,0.0612505362259951,0.87694452176131,0.990927418635129,NA,NA,"future",0.0090725813648711,-0.990927418635129,0,359,"Q4"
"8267",8267,"San DiegoSaint Mary's2-4",2026-02-04,"conf","Saint Mary's","San Diego","WCC","WCC","H",NA,NA,0.908833684887652,0.386813607349022,0.87694452176131,0.918679146869904,NA,NA,"future",0.081320853130096,-0.918679146869904,0,208,"Q4"
"8268",8268,"PepperdineSeattle2-4",2026-02-04,"conf","Seattle","Pepperdine","WCC","WCC","H",NA,NA,0.74544303723052,0.217599421655683,0.87694452176131,0.962439543198769,NA,NA,"future",0.0375604568012314,-0.962439543198769,0,267,"Q4"
"8269",8269,"LouisianaJames Madison2-4",2026-02-04,"conf","James Madison","Louisiana","SB","SB","H",NA,NA,0.385748212158963,0.137657594317457,0.87694452176131,0.978090705272969,NA,NA,"future",0.021909294727031,-0.978090705272969,0,334,"Q4"
"8270",8270,"TroyGeorgia St.2-4",2026-02-04,"conf","Georgia St.","Troy","SB","SB","H",NA,NA,0.332443152619094,0.574223488770011,0.87694452176131,0.840868495508097,NA,NA,"future",0.159131504491903,-0.840868495508097,0,103,"Q3"
"8271",8271,"ClemsonStanford2-4",2026-02-04,"conf","Stanford","Clemson","ACC","ACC","H",NA,NA,0.825268926203313,0.887421585948118,0.87694452176131,0.474805920858777,NA,NA,"future",0.525194079141223,-0.474805920858777,0,32,"Q2"
"8272",8272,"FurmanEast Tennessee St.2-4",2026-02-04,"conf","East Tennessee St.","Furman","SC","SC","H",NA,NA,0.607991931766003,0.389531071962605,0.87694452176131,0.917820216149874,NA,NA,"future",0.0821797838501265,-0.917820216149874,0,189,"Q4"
"8273",8273,"OaklandCleveland St.2-4",2026-02-04,"conf","Cleveland St.","Oakland","Horz","Horz","H",NA,NA,0.281782786451229,0.482772141388938,0.87694452176131,0.884192673060866,NA,NA,"future",0.115807326939134,-0.884192673060866,0,135,"Q3"
"8274",8274,"South AlabamaAppalachian St.2-4",2026-02-04,"conf","Appalachian St.","South Alabama","SB","SB","H",NA,NA,0.475354481792086,0.306238592181222,0.87694452176131,0.941671849852463,NA,NA,"future",0.0583281501475374,-0.941671849852463,0,197,"Q4"
"8275",8275,"UTEPSam Houston St.2-4",2026-02-04,"conf","Sam Houston St.","UTEP","CUSA","CUSA","H",NA,NA,0.710010982697554,0.217959569432829,0.87694452176131,0.962363042817825,NA,NA,"future",0.0376369571821751,-0.962363042817825,0,276,"Q4"
"8276",8276,"BucknellAmerican2-4",2026-02-04,"conf","American","Bucknell","Pat","Pat","H",NA,NA,0.508095570002426,0.127187121287998,0.87694452176131,0.979961742807954,NA,NA,"future",0.0200382571920457,-0.979961742807954,0,333,"Q4"
"8277",8277,"ArmyColgate2-4",2026-02-04,"conf","Colgate","Army","Pat","Pat","H",NA,NA,0.520482639527122,0.121286957424866,0.87694452176131,0.980999516370392,NA,NA,"future",0.0190004836296076,-0.980999516370392,0,320,"Q4"
"8278",8278,"St. ThomasSouth Dakota St.2-4",2026-02-04,"conf","South Dakota St.","St. Thomas","Sum","Sum","H",NA,NA,0.53567472683946,0.564022211588619,0.87694452176131,0.846356554376,NA,NA,"future",0.153643445624,-0.846356554376,0,116,"Q3"
"8279",8279,"ButlerProvidence2-4",2026-02-04,"conf","Providence","Butler","BE","BE","H",NA,NA,0.803485279294478,0.761292597156938,0.87694452176131,0.690835707123408,NA,NA,"future",0.309164292876592,-0.690835707123408,0,48,"Q2"
"8280",8280,"New Mexico St.Louisiana Tech2-4",2026-02-04,"conf","Louisiana Tech","New Mexico St.","CUSA","CUSA","H",NA,NA,0.333416655235645,0.516577137332239,0.87694452176131,0.869605543564459,NA,NA,"future",0.130394456435541,-0.869605543564459,0,140,"Q3"
"8281",8281,"WoffordVMI2-4",2026-02-04,"conf","VMI","Wofford","SC","SC","H",NA,NA,0.144010141026281,0.281320852120458,0.87694452176131,0.947931772553643,NA,NA,"future",0.0520682274463571,-0.947931772553643,0,225,"Q4"
"8282",8282,"Detroit MercyMilwaukee2-4",2026-02-04,"conf","Milwaukee","Detroit Mercy","Horz","Horz","H",NA,NA,0.384994055716157,0.268076298487336,0.87694452176131,0.951117264043805,NA,NA,"future",0.0488827359561953,-0.951117264043805,0,273,"Q4"
"8283",8283,"UTSASouth Florida2-4",2026-02-04,"conf","South Florida","UTSA","Amer","Amer","H",NA,NA,0.827671121247399,0.0659428297410237,0.87694452176131,0.990190615450233,NA,NA,"future",0.00980938454976721,-0.990190615450233,0,349,"Q4"
"8284",8284,"Texas St.Georgia Southern2-4",2026-02-04,"conf","Georgia Southern","Texas St.","SB","SB","H",NA,NA,0.400249732677704,0.245509808153534,0.87694452176131,0.956333012725181,NA,NA,"future",0.043666987274819,-0.956333012725181,0,265,"Q4"
"8285",8285,"CreightonGeorgetown2-4",2026-02-04,"conf","Georgetown","Creighton","BE","BE","H",NA,NA,0.736066932523059,0.754064342104998,0.87694452176131,0.699180955753172,NA,NA,"future",0.300819044246828,-0.699180955753172,0,58,"Q2"
"8286",8286,"Seton HallVillanova2-4",2026-02-04,"conf","Villanova","Seton Hall","BE","BE","H",NA,NA,0.914034335117992,0.784391079417502,0.87694452176131,0.662032950990562,NA,NA,"future",0.337967049009438,-0.662032950990562,0,45,"Q2"
"8287",8287,"Western CarolinaUNC Greensboro2-4",2026-02-04,"conf","UNC Greensboro","Western Carolina","SC","SC","H",NA,NA,0.281789356639244,0.189337564487005,0.87694452176131,0.968266322969144,NA,NA,"future",0.0317336770308555,-0.968266322969144,0,289,"Q4"
"8288",8288,"NorthwesternIllinois2-4",2026-02-04,"conf","Illinois","Northwestern","B10","B10","H",NA,NA,0.970104643724092,0.745990934106807,0.87694452176131,0.708160123263315,NA,NA,"future",0.291839876736685,-0.708160123263315,0,69,"Q2"
"8289",8289,"North AlabamaCentral Arkansas2-4",2026-02-04,"conf","Central Arkansas","North Alabama","ASun","ASun","H",NA,NA,0.578184355364173,0.0884777145660335,0.87694452176131,0.986562452243666,NA,NA,"future",0.013437547756334,-0.986562452243666,0,335,"Q4"
"8290",8290,"George WashingtonSaint Joseph's2-4",2026-02-04,"conf","Saint Joseph's","George Washington","A10","A10","H",NA,NA,0.600718255311877,0.685508618398289,0.87694452176131,0.765774611648292,NA,NA,"future",0.234225388351708,-0.765774611648292,0,75,"Q2"
"8291",8291,"Notre DameLouisville2-4",2026-02-04,"conf","Louisville","Notre Dame","ACC","ACC","H",NA,NA,0.960766906153242,0.645182423439833,0.87694452176131,0.796713547399044,NA,NA,"future",0.203286452600956,-0.796713547399044,0,81,"Q3"
"8292",8292,"Georgia TechCalifornia2-4",2026-02-04,"conf","California","Georgia Tech","ACC","ACC","H",NA,NA,0.828977030903702,0.493378438439407,0.87694452176131,0.879774473681039,NA,NA,"future",0.120225526318961,-0.879774473681039,0,146,"Q3"
"8293",8293,"GonzagaPortland2-4",2026-02-04,"conf","Portland","Gonzaga","WCC","WCC","H",NA,NA,0.553963766133518,0.937344159237918,0.87694452176131,0.32265760727251,NA,NA,"future",0.67734239272749,-0.32265760727251,0,4,"Q1"
"8294",8294,"DuquesneGeorge Mason2-4",2026-02-04,"conf","George Mason","Duquesne","A10","A10","H",NA,NA,0.758834600748699,0.509896069293123,0.87694452176131,0.872608167411856,NA,NA,"future",0.127391832588144,-0.872608167411856,0,155,"Q3"
"8295",8295,"USC UpstateUNC Asheville2-4",2026-02-04,"conf","UNC Asheville","USC Upstate","BSth","BSth","H",NA,NA,0.418702865698982,0.171715590878374,0.87694452176131,0.97173133605275,NA,NA,"future",0.0282686639472497,-0.97173133605275,0,285,"Q4"
"8296",8296,"NavyLafayette2-4",2026-02-04,"conf","Lafayette","Navy","Pat","Pat","H",NA,NA,0.247759908493423,0.313792818654193,0.87694452176131,0.939701501811385,NA,NA,"future",0.0602984981886153,-0.939701501811385,0,193,"Q4"
"8297",8297,"Southern MissMarshall2-4",2026-02-04,"conf","Marshall","Southern Miss","SB","SB","H",NA,NA,0.564591704093553,0.288887976904287,0.87694452176131,0.946068457441536,NA,NA,"future",0.0539315425584639,-0.946068457441536,0,236,"Q4"
"8298",8298,"TulsaFlorida Atlantic2-4",2026-02-04,"conf","Florida Atlantic","Tulsa","Amer","Amer","H",NA,NA,0.793840431015816,0.756867007275388,0.87694452176131,0.695980430402939,NA,NA,"future",0.304019569597061,-0.695980430402939,0,47,"Q2"
"8299",8299,"Green BayNorthern Kentucky2-4",2026-02-04,"conf","Northern Kentucky","Green Bay","Horz","Horz","H",NA,NA,0.56588651357836,0.347484853107807,0.87694452176131,0.93046936539492,NA,NA,"future",0.0695306346050797,-0.93046936539492,0,230,"Q4"
"8300",8300,"Santa ClaraPacific2-4",2026-02-04,"conf","Pacific","Santa Clara","WCC","WCC","H",NA,NA,0.675830586238256,0.832662968850565,0.87694452176131,0.588844197277155,NA,NA,"future",0.411155802722845,-0.588844197277155,0,44,"Q2"
"8301",8301,"BYUOklahoma St.2-4",2026-02-04,"conf","Oklahoma St.","BYU","B12","B12","H",NA,NA,0.819344264260517,0.897211603893705,0.87694452176131,0.44947037290437,NA,NA,"future",0.550529627095631,-0.44947037290437,0,12,"Q1"
"8302",8302,"Wright St.Robert Morris2-4",2026-02-04,"conf","Wright St.","Robert Morris","Horz","Horz","A",NA,NA,0.571577739895169,0.517536678288298,0.789142831518436,0.777229028620444,NA,NA,"future",0.222770971379556,-0.777229028620444,0,186,"Q3"
"8303",8303,"Arkansas St.Coastal Carolina2-4",2026-02-04,"conf","Arkansas St.","Coastal Carolina","SB","SB","A",NA,NA,0.486958310027856,0.391019597898515,0.789142831518436,0.853559338847739,NA,NA,"future",0.146440661152261,-0.853559338847739,0,235,"Q3"
"8304",8304,"Youngstown St.Purdue Fort Wayne2-4",2026-02-04,"conf","Youngstown St.","Purdue Fort Wayne","Horz","Horz","A",NA,NA,0.38787784894262,0.440919826703015,0.789142831518436,0.825950654976162,NA,NA,"future",0.174049345023838,-0.825950654976162,0,210,"Q3"
"8305",8305,"CharlotteWichita St.2-4",2026-02-04,"conf","Charlotte","Wichita St.","Amer","Amer","A",NA,NA,0.408184823211502,0.738904436061514,0.789142831518436,0.569419774868401,NA,NA,"future",0.430580225131599,-0.569419774868401,0,95,"Q2"
"8306",8306,"OklahomaKentucky2-4",2026-02-04,"conf","Oklahoma","Kentucky","SEC","SEC","A",NA,NA,0.671721774627647,0.894882969930619,0.789142831518436,0.305370611040222,NA,NA,"future",0.694629388959778,-0.305370611040222,0,31,"Q1"
"8307",8307,"North TexasRice2-4",2026-02-04,"conf","North Texas","Rice","Amer","Amer","A",NA,NA,0.455092616735083,0.456337279232508,0.789142831518436,0.816807094698556,NA,NA,"future",0.183192905301444,-0.816807094698556,0,253,"Q4"
"8308",8308,"Arizona St.Utah2-4",2026-02-04,"conf","Arizona St.","Utah","B12","B12","A",NA,NA,0.630271822278081,0.735923022179889,0.789142831518436,0.573190776567456,NA,NA,"future",0.426809223432544,-0.573190776567456,0,117,"Q2"
"8309",8309,"Michigan St.Minnesota2-4",2026-02-04,"conf","Michigan St.","Minnesota","B10","B10","A",NA,NA,0.932129770868875,0.837995134981792,0.789142831518436,0.419793884137052,NA,NA,"future",0.580206115862948,-0.419793884137052,0,83,"Q2"
"8310",8310,"Washington St.Oregon St.2-4",2026-02-04,"conf","Washington St.","Oregon St.","WCC","WCC","A",NA,NA,0.483069117975872,0.48746862199899,0.789142831518436,0.797364378973173,NA,NA,"future",0.202635621026827,-0.797364378973173,0,213,"Q3"
"8311",8311,"LibertyDelaware2-4",2026-02-04,"conf","Liberty","Delaware","CUSA","CUSA","A",NA,NA,0.617063960398147,0.290475626387562,0.789142831518436,0.901396772388435,NA,NA,"future",0.0986032276115646,-0.901396772388435,0,300,"Q4"
"8312",8312,"South DakotaUMKC2-4",2026-02-04,"conf","South Dakota","UMKC","Sum","Sum","A",NA,NA,0.214647067407385,0.148903257972366,0.789142831518436,0.955340268216691,NA,NA,"future",0.0446597317833091,-0.955340268216691,0,346,"Q4"
"8313",8313,"ColoradoBaylor2-4",2026-02-04,"conf","Colorado","Baylor","B12","B12","A",NA,NA,0.640434349812151,0.844844372317854,0.789142831518436,0.407343680053834,NA,NA,"future",0.592656319946166,-0.407343680053834,0,53,"Q1"
"8314",8314,"UCFHouston2-4",2026-02-04,"conf","UCF","Houston","B12","B12","A",NA,NA,0.77353273260516,0.978859960512281,0.789142831518436,0.0747819159995559,NA,NA,"future",0.925218084000444,-0.0747819159995559,0,10,"Q1"
"8315",8315,"Charleston SouthernHigh Point2-4",2026-02-04,"conf","Charleston Southern","High Point","BSth","BSth","A",NA,NA,0.304852499335177,0.756790844012223,0.789142831518436,0.546019695713936,NA,NA,"future",0.453980304286064,-0.546019695713936,0,90,"Q2"
"8316",8316,"WinthropRadford2-4",2026-02-04,"conf","Winthrop","Radford","BSth","BSth","A",NA,NA,0.429719171865507,0.361659659316487,0.789142831518436,0.868519826317415,NA,NA,"future",0.131480173682585,-0.868519826317415,0,260,"Q4"
"8317",8317,"Utah St.New Mexico2-4",2026-02-04,"conf","Utah St.","New Mexico","MWC","MWC","A",NA,NA,0.849238029418344,0.889177912187195,0.789142831518436,0.318080985198017,NA,NA,"future",0.681919014801983,-0.318080985198017,0,42,"Q1"
"8318",8318,"LehighLoyola MD2-4",2026-02-04,"conf","Lehigh","Loyola MD","Pat","Pat","A",NA,NA,0.155993773443698,0.162152229273016,0.789142831518436,0.95083072908287,NA,NA,"future",0.0491692709171297,-0.95083072908287,0,340,"Q4"
"8319",8319,"IowaWashington2-4",2026-02-04,"conf","Iowa","Washington","B10","B10","A",NA,NA,0.910684041262198,0.850500833069505,0.789142831518436,0.396811542881163,NA,NA,"future",0.603188457118837,-0.396811542881163,0,62,"Q1"
"8320",8320,"LongwoodGardner Webb2-4",2026-02-04,"conf","Longwood","Gardner Webb","BSth","BSth","A",NA,NA,0.192892523448795,0.0575179811498203,0.789142831518436,0.983955042501081,NA,NA,"future",0.016044957498919,-0.983955042501081,0,363,"Q4"
"8321",8321,"FIUMiddle Tennessee2-4",2026-02-04,"conf","FIU","Middle Tennessee","CUSA","CUSA","A",NA,NA,0.408547275216062,0.754494348969183,0.789142831518436,0.54910087733936,NA,NA,"future",0.45089912266064,-0.54910087733936,0,111,"Q2"
"8322",8322,"Louisiana MonroeOld Dominion2-4",2026-02-04,"conf","Louisiana Monroe","Old Dominion","SB","SB","A",NA,NA,0.0612505362259951,0.413664087476716,0.789142831518436,0.841389735962245,NA,NA,"future",0.158610264037755,-0.841389735962245,0,250,"Q4"
"8323",8323,"San DiegoSaint Mary's2-4",2026-02-04,"conf","San Diego","Saint Mary's","WCC","WCC","A",NA,NA,0.386813607349022,0.908833684887652,0.789142831518436,0.272949274196153,NA,NA,"future",0.727050725803847,-0.272949274196153,0,28,"Q1"
"8324",8324,"PepperdineSeattle2-4",2026-02-04,"conf","Pepperdine","Seattle","WCC","WCC","A",NA,NA,0.217599421655683,0.74544303723052,0.789142831518436,0.561022355526039,NA,NA,"future",0.438977644473961,-0.561022355526039,0,114,"Q2"
"8325",8325,"LouisianaJames Madison2-4",2026-02-04,"conf","Louisiana","James Madison","SB","SB","A",NA,NA,0.137657594317457,0.385748212158963,0.789142831518436,0.85631149644305,NA,NA,"future",0.14368850355695,-0.85631149644305,0,244,"Q4"
"8326",8326,"TroyGeorgia St.2-4",2026-02-04,"conf","Troy","Georgia St.","SB","SB","A",NA,NA,0.574223488770011,0.332443152619094,0.789142831518436,0.88256236526728,NA,NA,"future",0.11743763473272,-0.88256236526728,0,261,"Q4"
"8327",8327,"ClemsonStanford2-4",2026-02-04,"conf","Clemson","Stanford","ACC","ACC","A",NA,NA,0.887421585948118,0.825268926203313,0.789142831518436,0.442087360782368,NA,NA,"future",0.557912639217632,-0.442087360782368,0,68,"Q1"
"8328",8328,"FurmanEast Tennessee St.2-4",2026-02-04,"conf","Furman","East Tennessee St.","SC","SC","A",NA,NA,0.389531071962605,0.607991931766003,0.789142831518436,0.707006029827842,NA,NA,"future",0.292993970172158,-0.707006029827842,0,129,"Q2"
"8329",8329,"OaklandCleveland St.2-4",2026-02-04,"conf","Oakland","Cleveland St.","Horz","Horz","A",NA,NA,0.482772141388938,0.281782786451229,0.789142831518436,0.905115473700407,NA,NA,"future",0.0948845262995927,-0.905115473700407,0,321,"Q4"
"8330",8330,"South AlabamaAppalachian St.2-4",2026-02-04,"conf","South Alabama","Appalachian St.","SB","SB","A",NA,NA,0.306238592181222,0.475354481792086,0.789142831518436,0.805091918259702,NA,NA,"future",0.194908081740298,-0.805091918259702,0,212,"Q3"
"8331",8331,"UTEPSam Houston St.2-4",2026-02-04,"conf","UTEP","Sam Houston St.","CUSA","CUSA","A",NA,NA,0.217959569432829,0.710010982697554,0.789142831518436,0.604518668369394,NA,NA,"future",0.395481331630606,-0.604518668369394,0,105,"Q2"
"8332",8332,"BucknellAmerican2-4",2026-02-04,"conf","Bucknell","American","Pat","Pat","A",NA,NA,0.127187121287998,0.508095570002426,0.789142831518436,0.783703607940069,NA,NA,"future",0.216296392059931,-0.783703607940069,0,228,"Q3"
"8333",8333,"ArmyColgate2-4",2026-02-04,"conf","Army","Colgate","Pat","Pat","A",NA,NA,0.121286957424866,0.520482639527122,0.789142831518436,0.775179083646094,NA,NA,"future",0.224820916353906,-0.775179083646094,0,196,"Q3"
"8334",8334,"St. ThomasSouth Dakota St.2-4",2026-02-04,"conf","St. Thomas","South Dakota St.","Sum","Sum","A",NA,NA,0.564022211588619,0.53567472683946,0.789142831518436,0.764376370522328,NA,NA,"future",0.235623629477672,-0.764376370522328,0,180,"Q3"
"8335",8335,"ButlerProvidence2-4",2026-02-04,"conf","Butler","Providence","BE","BE","A",NA,NA,0.761292597156938,0.803485279294478,0.789142831518436,0.477900616033965,NA,NA,"future",0.522099383966035,-0.477900616033965,0,89,"Q2"
"8336",8336,"New Mexico St.Louisiana Tech2-4",2026-02-04,"conf","New Mexico St.","Louisiana Tech","CUSA","CUSA","A",NA,NA,0.516577137332239,0.333416655235645,0.789142831518436,0.882107278744537,NA,NA,"future",0.117892721255463,-0.882107278744537,0,264,"Q4"
"8337",8337,"WoffordVMI2-4",2026-02-04,"conf","Wofford","VMI","SC","SC","A",NA,NA,0.281320852120458,0.144010141026281,0.789142831518436,0.956980979604427,NA,NA,"future",0.0430190203955733,-0.956980979604427,0,353,"Q4"
"8338",8338,"Detroit MercyMilwaukee2-4",2026-02-04,"conf","Detroit Mercy","Milwaukee","Horz","Horz","A",NA,NA,0.268076298487336,0.384994055716157,0.789142831518436,0.856702814984429,NA,NA,"future",0.143297185015571,-0.856702814984429,0,233,"Q3"
"8339",8339,"UTSASouth Florida2-4",2026-02-04,"conf","UTSA","South Florida","Amer","Amer","A",NA,NA,0.0659428297410237,0.827671121247399,0.789142831518436,0.437960160751415,NA,NA,"future",0.562039839248585,-0.437960160751415,0,66,"Q1"
"8340",8340,"Texas St.Georgia Southern2-4",2026-02-04,"conf","Texas St.","Georgia Southern","SB","SB","A",NA,NA,0.245509808153534,0.400249732677704,0.789142831518436,0.848667878767697,NA,NA,"future",0.151332121232303,-0.848667878767697,0,243,"Q4"
"8341",8341,"CreightonGeorgetown2-4",2026-02-04,"conf","Creighton","Georgetown","BE","BE","A",NA,NA,0.754064342104998,0.736066932523059,0.789142831518436,0.573009575192196,NA,NA,"future",0.426990424807804,-0.573009575192196,0,118,"Q2"
"8342",8342,"Seton HallVillanova2-4",2026-02-04,"conf","Seton Hall","Villanova","BE","BE","A",NA,NA,0.784391079417502,0.914034335117992,0.789142831518436,0.260349308981246,NA,NA,"future",0.739650691018754,-0.260349308981246,0,33,"Q1"
"8343",8343,"Western CarolinaUNC Greensboro2-4",2026-02-04,"conf","Western Carolina","UNC Greensboro","SC","SC","A",NA,NA,0.189337564487005,0.281789356639244,0.789142831518436,0.9051126855927,NA,NA,"future",0.0948873144073005,-0.9051126855927,0,295,"Q4"
"8344",8344,"NorthwesternIllinois2-4",2026-02-04,"conf","Northwestern","Illinois","B10","B10","A",NA,NA,0.745990934106807,0.970104643724092,0.789142831518436,0.103406530476857,NA,NA,"future",0.896593469523143,-0.103406530476857,0,9,"Q1"
"8345",8345,"North AlabamaCentral Arkansas2-4",2026-02-04,"conf","North Alabama","Central Arkansas","ASun","ASun","A",NA,NA,0.0884777145660335,0.578184355364173,0.789142831518436,0.73193102040683,NA,NA,"future",0.26806897959317,-0.73193102040683,0,206,"Q3"
"8346",8346,"George WashingtonSaint Joseph's2-4",2026-02-04,"conf","George Washington","Saint Joseph's","A10","A10","A",NA,NA,0.685508618398289,0.600718255311877,0.789142831518436,0.713267667429442,NA,NA,"future",0.286732332570558,-0.713267667429442,0,192,"Q3"
"8347",8347,"Notre DameLouisville2-4",2026-02-04,"conf","Notre Dame","Louisville","ACC","ACC","A",NA,NA,0.645182423439833,0.960766906153242,0.789142831518436,0.132567603493666,NA,NA,"future",0.867432396506334,-0.132567603493666,0,15,"Q1"
"8348",8348,"Georgia TechCalifornia2-4",2026-02-04,"conf","Georgia Tech","California","ACC","ACC","A",NA,NA,0.493378438439407,0.828977030903702,0.789142831518436,0.435700951290163,NA,NA,"future",0.564299048709837,-0.435700951290163,0,60,"Q1"
"8349",8349,"GonzagaPortland2-4",2026-02-04,"conf","Gonzaga","Portland","WCC","WCC","A",NA,NA,0.937344159237918,0.553963766133518,0.789142831518436,0.750834377479532,NA,NA,"future",0.249165622520468,-0.750834377479532,0,215,"Q3"
"8350",8350,"DuquesneGeorge Mason2-4",2026-02-04,"conf","Duquesne","George Mason","A10","A10","A",NA,NA,0.509896069293123,0.758834600748699,0.789142831518436,0.543257964252141,NA,NA,"future",0.456742035747859,-0.543257964252141,0,63,"Q1"
"8351",8351,"USC UpstateUNC Asheville2-4",2026-02-04,"conf","USC Upstate","UNC Asheville","BSth","BSth","A",NA,NA,0.171715590878374,0.418702865698982,0.789142831518436,0.838602545116366,NA,NA,"future",0.161397454883634,-0.838602545116366,0,232,"Q3"
"8352",8352,"NavyLafayette2-4",2026-02-04,"conf","Navy","Lafayette","Pat","Pat","A",NA,NA,0.313792818654193,0.247759908493423,0.789142831518436,0.919113429490502,NA,NA,"future",0.0808865705094981,-0.919113429490502,0,328,"Q4"
"8353",8353,"Southern MissMarshall2-4",2026-02-04,"conf","Southern Miss","Marshall","SB","SB","A",NA,NA,0.288887976904287,0.564591704093553,0.789142831518436,0.74268055731084,NA,NA,"future",0.25731944268916,-0.74268055731084,0,138,"Q3"
"8354",8354,"TulsaFlorida Atlantic2-4",2026-02-04,"conf","Tulsa","Florida Atlantic","Amer","Amer","A",NA,NA,0.756867007275388,0.793840431015816,0.789142831518436,0.492884070110421,NA,NA,"future",0.507115929889579,-0.492884070110421,0,91,"Q2"
"8355",8355,"Green BayNorthern Kentucky2-4",2026-02-04,"conf","Green Bay","Northern Kentucky","Horz","Horz","A",NA,NA,0.347484853107807,0.56588651357836,0.789142831518436,0.741672343161317,NA,NA,"future",0.258327656838683,-0.741672343161317,0,177,"Q3"
"8356",8356,"Santa ClaraPacific2-4",2026-02-04,"conf","Santa Clara","Pacific","WCC","WCC","A",NA,NA,0.832662968850565,0.675830586238256,0.789142831518436,0.642237814640784,NA,NA,"future",0.357762185359216,-0.642237814640784,0,110,"Q2"
"8357",8357,"BYUOklahoma St.2-4",2026-02-04,"conf","BYU","Oklahoma St.","B12","B12","A",NA,NA,0.897211603893705,0.819344264260517,0.789142831518436,0.452111051323319,NA,NA,"future",0.547888948676681,-0.452111051323319,0,73,"Q1"
"8358",8358,"North Carolina A&TCharleston2-5",2026-02-05,"conf","Charleston","North Carolina A&T","CAA","CAA","H",NA,NA,0.52079730801882,0.167266946360123,0.87694452176131,0.97258668982768,NA,NA,"future",0.0274133101723195,-0.97258668982768,0,270,"Q4"
"8359",8359,"Saint Peter'sManhattan2-5",2026-02-05,"conf","Manhattan","Saint Peter's","MAAC","MAAC","H",NA,NA,0.199140354213253,0.312643989802408,0.87694452176131,0.940003404180597,NA,NA,"future",0.0599965958194028,-0.940003404180597,0,223,"Q4"
"8360",8360,"LipscombAustin Peay2-5",2026-02-05,"conf","Austin Peay","Lipscomb","ASun","ASun","H",NA,NA,0.626176067152334,0.400063738169319,0.87694452176131,0.914433271367804,NA,NA,"future",0.0855667286321963,-0.914433271367804,0,160,"Q3"
"8361",8361,"UMass LowellNJIT2-5",2026-02-05,"conf","NJIT","UMass Lowell","AE","AE","H",NA,NA,0.187927329168802,0.165007692678497,0.87694452176131,0.973018164018987,NA,NA,"future",0.0269818359810133,-0.973018164018987,0,319,"Q4"
"8362",8362,"CanisiusQuinnipiac2-5",2026-02-05,"conf","Quinnipiac","Canisius","MAAC","MAAC","H",NA,NA,0.56676972583644,0.0962828763969484,0.87694452176131,0.985270070495874,NA,NA,"future",0.0147299295041264,-0.985270070495874,0,342,"Q4"
"8363",8363,"Western IllinoisTennessee Tech2-5",2026-02-05,"conf","Tennessee Tech","Western Illinois","OVC","OVC","H",NA,NA,0.15372993043803,0.0596043465683944,0.87694452176131,0.991184425486864,NA,NA,"future",0.0088155745131363,-0.991184425486864,0,356,"Q4"
"8364",8364,"New HavenLIU2-5",2026-02-05,"conf","LIU","New Haven","NEC","NEC","H",NA,NA,0.478872202881425,0.109352159726003,0.87694452176131,0.983063190078944,NA,NA,"future",0.0169368099210561,-0.983063190078944,0,326,"Q4"
"8365",8365,"Northern ArizonaIdaho St.2-5",2026-02-05,"conf","Idaho St.","Northern Arizona","BSky","BSky","H",NA,NA,0.482382067045718,0.144289047802944,0.87694452176131,0.976885797919125,NA,NA,"future",0.0231142020808752,-0.976885797919125,0,318,"Q4"
"8366",8366,"Florida Gulf CoastEastern Kentucky2-5",2026-02-05,"conf","Eastern Kentucky","Florida Gulf Coast","ASun","ASun","H",NA,NA,0.353630994291055,0.308404183016962,0.87694452176131,0.941110565442255,NA,NA,"future",0.0588894345577446,-0.941110565442255,0,237,"Q4"
"8367",8367,"FairfieldSacred Heart2-5",2026-02-05,"conf","Sacred Heart","Fairfield","MAAC","MAAC","H",NA,NA,0.302151169708424,0.22489171654641,0.87694452176131,0.960879115225298,NA,NA,"future",0.0391208847747024,-0.960879115225298,0,248,"Q4"
"8368",8368,"NortheasternHofstra2-5",2026-02-05,"conf","Hofstra","Northeastern","CAA","CAA","H",NA,NA,0.699970786275648,0.250737593781546,0.87694452176131,0.955147684195681,NA,NA,"future",0.0448523158043189,-0.955147684195681,0,249,"Q4"
"8369",8369,"The CitadelSamford2-5",2026-02-05,"conf","Samford","The Citadel","SC","SC","H",NA,NA,0.283895640638759,0.0788521555269136,0.87694452176131,0.988130636578795,NA,NA,"future",0.0118693634212048,-0.988130636578795,0,350,"Q4"
"8370",8370,"Northern ColoradoWeber St.2-5",2026-02-05,"conf","Weber St.","Northern Colorado","BSky","BSky","H",NA,NA,0.519652525465715,0.441176952284647,0.87694452176131,0.900267043852585,NA,NA,"future",0.0997329561474151,-0.900267043852585,0,164,"Q4"
"8371",8371,"Cal St. BakersfieldUC Irvine2-5",2026-02-05,"conf","UC Irvine","Cal St. Bakersfield","BW","BW","H",NA,NA,0.71694009377673,0.159533932612316,0.87694452176131,0.974055493161456,NA,NA,"future",0.0259445068385435,-0.974055493161456,0,301,"Q4"
"8372",8372,"Eastern WashingtonMontana2-5",2026-02-05,"conf","Montana","Eastern Washington","BSky","BSky","H",NA,NA,0.633343943366853,0.310791476526984,0.87694452176131,0.940488514720462,NA,NA,"future",0.0595114852795378,-0.940488514720462,0,254,"Q4"
"8373",8373,"Abilene ChristianUtah Valley2-5",2026-02-05,"conf","Utah Valley","Abilene Christian","WAC","WAC","H",NA,NA,0.786139268528895,0.25561463996283,0.87694452176131,0.954029569648245,NA,NA,"future",0.045970430351755,-0.954029569648245,0,241,"Q4"
"8374",8374,"Ohio St.Maryland2-5",2026-02-05,"conf","Maryland","Ohio St.","B10","B10","H",NA,NA,0.718765491706146,0.817900794713915,0.87694452176131,0.613398179056679,NA,NA,"future",0.386601820943321,-0.613398179056679,0,35,"Q2"
"8375",8375,"DrexelCampbell2-5",2026-02-05,"conf","Campbell","Drexel","CAA","CAA","H",NA,NA,0.480657896699851,0.350598890322103,0.87694452176131,0.929577423313673,NA,NA,"future",0.0704225766863269,-0.929577423313673,0,211,"Q4"
"8376",8376,"Penn St.Michigan2-5",2026-02-05,"conf","Michigan","Penn St.","B10","B10","H",NA,NA,0.98755383780862,0.48720277375858,0.87694452176131,0.882363892431686,NA,NA,"future",0.117636107568314,-0.882363892431686,0,131,"Q3"
"8377",8377,"ElonHampton2-5",2026-02-05,"conf","Hampton","Elon","CAA","CAA","H",NA,NA,0.35585106001734,0.417238728194965,0.87694452176131,0.908705250541613,NA,NA,"future",0.0912947494583871,-0.908705250541613,0,168,"Q4"
"8378",8378,"Eastern IllinoisTennessee St.2-5",2026-02-05,"conf","Tennessee St.","Eastern Illinois","OVC","OVC","H",NA,NA,0.338648005350723,0.152001874020281,0.87694452176131,0.975464530911887,NA,NA,"future",0.0245354690881132,-0.975464530911887,0,305,"Q4"
"8379",8379,"Cal St. NorthridgeCal Poly2-5",2026-02-05,"conf","Cal Poly","Cal St. Northridge","BW","BW","H",NA,NA,0.356782664805302,0.385010418560885,0.87694452176131,0.91924578431368,NA,NA,"future",0.0807542156863204,-0.91924578431368,0,209,"Q4"
"8380",8380,"Long Beach St.UC San Diego2-5",2026-02-05,"conf","UC San Diego","Long Beach St.","BW","BW","H",NA,NA,0.734201130187246,0.276270766068189,0.87694452176131,0.949157607123227,NA,NA,"future",0.0508423928767727,-0.949157607123227,0,240,"Q4"
"8381",8381,"BinghamtonUMBC2-5",2026-02-05,"conf","UMBC","Binghamton","AE","AE","H",NA,NA,0.335726306960335,0.0455455848513069,0.87694452176131,0.993348470028501,NA,NA,"future",0.00665152997149854,-0.993348470028501,0,362,"Q4"
"8382",8382,"William & MaryUNC Wilmington2-5",2026-02-05,"conf","UNC Wilmington","William & Mary","CAA","CAA","H",NA,NA,0.611618585583143,0.532570409595156,0.87694452176131,0.862159378953457,NA,NA,"future",0.137840621046543,-0.862159378953457,0,108,"Q3"
"8383",8383,"RiderMarist2-5",2026-02-05,"conf","Marist","Rider","MAAC","MAAC","H",NA,NA,0.603367224365608,0.0692807104895986,0.87694452176131,0.989662640329338,NA,NA,"future",0.010337359670662,-0.989662640329338,0,357,"Q4"
"8384",8384,"Le MoyneWagner2-5",2026-02-05,"conf","Wagner","Le Moyne","NEC","NEC","H",NA,NA,0.231947573900047,0.233859733605385,0.87694452176131,0.958926535914673,NA,NA,"future",0.0410734640853271,-0.958926535914673,0,263,"Q4"
"8385",8385,"LindenwoodLittle Rock2-5",2026-02-05,"conf","Little Rock","Lindenwood","OVC","OVC","H",NA,NA,0.216987170533557,0.294360678016868,0.87694452176131,0.944700645022092,NA,NA,"future",0.0552993549779085,-0.944700645022092,0,224,"Q4"
"8386",8386,"MerrimackMount St. Mary's2-5",2026-02-05,"conf","Mount St. Mary's","Merrimack","MAAC","MAAC","H",NA,NA,0.282514165173045,0.339779292896384,0.87694452176131,0.932647440717921,NA,NA,"future",0.0673525592820787,-0.932647440717921,0,217,"Q4"
"8387",8387,"UT ArlingtonUtah Tech2-5",2026-02-05,"conf","Utah Tech","UT Arlington","WAC","WAC","H",NA,NA,0.479891400510013,0.429835729480134,0.87694452176131,0.90433348387365,NA,NA,"future",0.0956665161263495,-0.90433348387365,0,123,"Q3"
"8388",8388,"StetsonBellarmine2-5",2026-02-05,"conf","Bellarmine","Stetson","ASun","ASun","H",NA,NA,0.246363301451693,0.131178587745499,0.87694452176131,0.979252959192397,NA,NA,"future",0.020747040807603,-0.979252959192397,0,327,"Q4"
"8389",8389,"Jacksonville St.Western Kentucky2-5",2026-02-05,"conf","Western Kentucky","Jacksonville St.","CUSA","CUSA","H",NA,NA,0.539993818540962,0.295930609897491,0.87694452176131,0.944305079945083,NA,NA,"future",0.0556949200549175,-0.944305079945083,0,245,"Q4"
"8390",8390,"Chicago St.Central Connecticut2-5",2026-02-05,"conf","Central Connecticut","Chicago St.","NEC","NEC","H",NA,NA,0.302144565079282,0.0739186417080468,0.87694452176131,0.988923656012592,NA,NA,"future",0.011076343987408,-0.988923656012592,0,352,"Q4"
"8391",8391,"Morehead St.Southeast Missouri St.2-5",2026-02-05,"conf","Southeast Missouri St.","Morehead St.","OVC","OVC","H",NA,NA,0.342914782088887,0.163264947729151,0.87694452176131,0.973349662894276,NA,NA,"future",0.0266503371057238,-0.973349662894276,0,286,"Q4"
"8392",8392,"West VirginiaCincinnati2-5",2026-02-05,"conf","Cincinnati","West Virginia","B12","B12","H",NA,NA,0.873465038086542,0.780378589803463,0.87694452176131,0.667285774701098,NA,NA,"future",0.332714225298902,-0.667285774701098,0,59,"Q2"
"8393",8393,"StonehillFairleigh Dickinson2-5",2026-02-05,"conf","Fairleigh Dickinson","Stonehill","NEC","NEC","H",NA,NA,0.183963005479034,0.0863616106872418,0.87694452176131,0.986909609419067,NA,NA,"future",0.0130903905809331,-0.986909609419067,0,337,"Q4"
"8394",8394,"Tarleton St.Cal Baptist2-5",2026-02-05,"conf","Cal Baptist","Tarleton St.","WAC","WAC","H",NA,NA,0.691435207905624,0.400519815714214,0.87694452176131,0.914284499452316,NA,NA,"future",0.0857155005476835,-0.914284499452316,0,185,"Q4"
"8395",8395,"North FloridaWest Georgia2-5",2026-02-05,"conf","West Georgia","North Florida","ASun","ASun","H",NA,NA,0.213011210585839,0.130909333469256,0.87694452176131,0.979300944347944,NA,NA,"future",0.0206990556520561,-0.979300944347944,0,341,"Q4"
"8396",8396,"VermontMaine2-5",2026-02-05,"conf","Maine","Vermont","AE","AE","H",NA,NA,0.117473612685145,0.297392585715157,0.87694452176131,0.943935425917984,NA,NA,"future",0.0560645740820156,-0.943935425917984,0,207,"Q4"
"8397",8397,"IonaSiena2-5",2026-02-05,"conf","Siena","Iona","MAAC","MAAC","H",NA,NA,0.54942727469335,0.289732912826144,0.87694452176131,0.945858398301721,NA,NA,"future",0.054141601698279,-0.945858398301721,0,218,"Q4"
"8398",8398,"MemphisUAB2-5",2026-02-05,"conf","UAB","Memphis","Amer","Amer","H",NA,NA,0.677896014710966,0.647741340141445,0.87694452176131,0.794894141174265,NA,NA,"future",0.205105858825735,-0.794894141174265,0,112,"Q3"
"8399",8399,"MercerChattanooga2-5",2026-02-05,"conf","Chattanooga","Mercer","SC","SC","H",NA,NA,0.31417384513742,0.497972452629038,0.87694452176131,0.877817047848107,NA,NA,"future",0.122182952151893,-0.877817047848107,0,125,"Q3"
"8400",8400,"IdahoMontana St.2-5",2026-02-05,"conf","Montana St.","Idaho","BSky","BSky","H",NA,NA,0.671913057281984,0.431116462873849,0.87694452176131,0.903880582257921,NA,NA,"future",0.0961194177420787,-0.903880582257921,0,158,"Q3"
"8401",8401,"Southern IndianaTennessee Martin2-5",2026-02-05,"conf","Tennessee Martin","Southern Indiana","OVC","OVC","H",NA,NA,0.371890241689694,0.0957595304080808,0.87694452176131,0.985357317458812,NA,NA,"future",0.0146426825411878,-0.985357317458812,0,338,"Q4"
"8402",8402,"UC RiversideCal St. Fullerton2-5",2026-02-05,"conf","Cal St. Fullerton","UC Riverside","BW","BW","H",NA,NA,0.486141474245039,0.201552689174799,0.87694452176131,0.965789939307561,NA,NA,"future",0.0342100606924388,-0.965789939307561,0,283,"Q4"
"8403",8403,"UC Santa BarbaraUC Davis2-5",2026-02-05,"conf","UC Davis","UC Santa Barbara","BW","BW","H",NA,NA,0.569719928859357,0.483931703427263,0.87694452176131,0.883716358848983,NA,NA,"future",0.116283641151017,-0.883716358848983,0,145,"Q3"
"8404",8404,"Nebraska OmahaNorth Dakota2-5",2026-02-05,"conf","North Dakota","Nebraska Omaha","Sum","Sum","H",NA,NA,0.343317996272495,0.245482919288472,0.87694452176131,0.956339074498325,NA,NA,"future",0.0436609255016746,-0.956339074498325,0,281,"Q4"
"8405",8405,"DenverNorth Dakota St.2-5",2026-02-05,"conf","North Dakota St.","Denver","Sum","Sum","H",NA,NA,0.678074728815918,0.263838573314094,0.87694452176131,0.952116681640977,NA,NA,"future",0.0478833183590227,-0.952116681640977,0,251,"Q4"
"8406",8406,"AlbanyBryant2-5",2026-02-05,"conf","Bryant","Albany","AE","AE","H",NA,NA,0.125026481328206,0.187386733437233,0.87694452176131,0.968656075522331,NA,NA,"future",0.0313439244776691,-0.968656075522331,0,309,"Q4"
"8407",8407,"MonmouthStony Brook2-5",2026-02-05,"conf","Stony Brook","Monmouth","CAA","CAA","H",NA,NA,0.460531374139957,0.318339421823734,0.87694452176131,0.938498639231933,NA,NA,"future",0.0615013607680674,-0.938498639231933,0,204,"Q4"
"8408",8408,"JacksonvilleQueens2-5",2026-02-05,"conf","Queens","Jacksonville","ASun","ASun","H",NA,NA,0.515663678728228,0.161966016954007,0.87694452176131,0.973595990398377,NA,NA,"future",0.0264040096016227,-0.973595990398377,0,293,"Q4"
"8409",8409,"Saint FrancisMercyhurst2-5",2026-02-05,"conf","Mercyhurst","Saint Francis","NEC","NEC","H",NA,NA,0.319386016835833,0.0661980827384546,0.87694452176131,0.990150353814344,NA,NA,"future",0.00984964618565609,-0.990150353814344,0,354,"Q4"
"8410",8410,"North Carolina A&TCharleston2-5",2026-02-05,"conf","North Carolina A&T","Charleston","CAA","CAA","A",NA,NA,0.167266946360123,0.52079730801882,0.789142831518436,0.774959275716584,NA,NA,"future",0.225040724283416,-0.774959275716584,0,175,"Q3"
"8411",8411,"Saint Peter'sManhattan2-5",2026-02-05,"conf","Saint Peter's","Manhattan","MAAC","MAAC","A",NA,NA,0.312643989802408,0.199140354213253,0.789142831518436,0.937698454634616,NA,NA,"future",0.0623015453653843,-0.937698454634616,0,330,"Q4"
"8412",8412,"LipscombAustin Peay2-5",2026-02-05,"conf","Lipscomb","Austin Peay","ASun","ASun","A",NA,NA,0.400063738169319,0.626176067152334,0.789142831518436,0.690812314834955,NA,NA,"future",0.309187685165045,-0.690812314834955,0,149,"Q3"
"8413",8413,"UMass LowellNJIT2-5",2026-02-05,"conf","UMass Lowell","NJIT","AE","AE","A",NA,NA,0.165007692678497,0.187927329168802,0.789142831518436,0.941766734177816,NA,NA,"future",0.0582332658221836,-0.941766734177816,0,332,"Q4"
"8414",8414,"CanisiusQuinnipiac2-5",2026-02-05,"conf","Canisius","Quinnipiac","MAAC","MAAC","A",NA,NA,0.0962828763969484,0.56676972583644,0.789142831518436,0.740982745235832,NA,NA,"future",0.259017254764168,-0.740982745235832,0,184,"Q3"
"8415",8415,"Western IllinoisTennessee Tech2-5",2026-02-05,"conf","Western Illinois","Tennessee Tech","OVC","OVC","A",NA,NA,0.0596043465683944,0.15372993043803,0.789142831518436,0.953708845262442,NA,NA,"future",0.0462911547375577,-0.953708845262442,0,331,"Q4"
"8416",8416,"New HavenLIU2-5",2026-02-05,"conf","New Haven","LIU","NEC","NEC","A",NA,NA,0.109352159726003,0.478872202881425,0.789142831518436,0.802869762385744,NA,NA,"future",0.197130237614256,-0.802869762385744,0,201,"Q3"
"8417",8417,"Northern ArizonaIdaho St.2-5",2026-02-05,"conf","Northern Arizona","Idaho St.","BSky","BSky","A",NA,NA,0.144289047802944,0.482382067045718,0.789142831518436,0.800634908501729,NA,NA,"future",0.199365091498271,-0.800634908501729,0,174,"Q3"
"8418",8418,"Florida Gulf CoastEastern Kentucky2-5",2026-02-05,"conf","Florida Gulf Coast","Eastern Kentucky","ASun","ASun","A",NA,NA,0.308404183016962,0.353630994291055,0.789142831518436,0.872459573266937,NA,NA,"future",0.127540426733063,-0.872459573266937,0,262,"Q4"
"8419",8419,"FairfieldSacred Heart2-5",2026-02-05,"conf","Fairfield","Sacred Heart","MAAC","MAAC","A",NA,NA,0.22489171654641,0.302151169708424,0.789142831518436,0.896306351960381,NA,NA,"future",0.103693648039619,-0.896306351960381,0,287,"Q4"
"8420",8420,"NortheasternHofstra2-5",2026-02-05,"conf","Northeastern","Hofstra","CAA","CAA","A",NA,NA,0.250737593781546,0.699970786275648,0.789142831518436,0.616000755318418,NA,NA,"future",0.383999244681582,-0.616000755318418,0,106,"Q2"
"8421",8421,"The CitadelSamford2-5",2026-02-05,"conf","The Citadel","Samford","SC","SC","A",NA,NA,0.0788521555269136,0.283895640638759,0.789142831518436,0.904217121017145,NA,NA,"future",0.0957828789828551,-0.904217121017145,0,269,"Q4"
"8422",8422,"Northern ColoradoWeber St.2-5",2026-02-05,"conf","Northern Colorado","Weber St.","BSky","BSky","A",NA,NA,0.441176952284647,0.519652525465715,0.789142831518436,0.775758164330446,NA,NA,"future",0.224241835669554,-0.775758164330446,0,190,"Q3"
"8423",8423,"Cal St. BakersfieldUC Irvine2-5",2026-02-05,"conf","Cal St. Bakersfield","UC Irvine","BW","BW","A",NA,NA,0.159533932612316,0.71694009377673,0.789142831518436,0.596386841218079,NA,NA,"future",0.403613158781921,-0.596386841218079,0,128,"Q2"
"8424",8424,"Eastern WashingtonMontana2-5",2026-02-05,"conf","Eastern Washington","Montana","BSky","BSky","A",NA,NA,0.310791476526984,0.633343943366853,0.789142831518436,0.68420773286188,NA,NA,"future",0.31579226713812,-0.68420773286188,0,163,"Q3"
"8425",8425,"Abilene ChristianUtah Valley2-5",2026-02-05,"conf","Abilene Christian","Utah Valley","WAC","WAC","A",NA,NA,0.25561463996283,0.786139268528895,0.789142831518436,0.50448923133059,NA,NA,"future",0.49551076866941,-0.50448923133059,0,96,"Q2"
"8426",8426,"Ohio St.Maryland2-5",2026-02-05,"conf","Ohio St.","Maryland","B10","B10","A",NA,NA,0.817900794713915,0.718765491706146,0.789142831518436,0.594215563299714,NA,NA,"future",0.405784436700286,-0.594215563299714,0,152,"Q3"
"8427",8427,"DrexelCampbell2-5",2026-02-05,"conf","Drexel","Campbell","CAA","CAA","A",NA,NA,0.350598890322103,0.480657896699851,0.789142831518436,0.801734966102244,NA,NA,"future",0.198265033897756,-0.801734966102244,0,203,"Q3"
"8428",8428,"Penn St.Michigan2-5",2026-02-05,"conf","Penn St.","Michigan","B10","B10","A",NA,NA,0.48720277375858,0.98755383780862,0.789142831518436,0.0450428444038855,NA,NA,"future",0.954957155596114,-0.0450428444038855,0,1,"Q1"
"8429",8429,"ElonHampton2-5",2026-02-05,"conf","Elon","Hampton","CAA","CAA","A",NA,NA,0.417238728194965,0.35585106001734,0.789142831518436,0.871376437514081,NA,NA,"future",0.128623562485919,-0.871376437514081,0,238,"Q3"
"8430",8430,"Eastern IllinoisTennessee St.2-5",2026-02-05,"conf","Eastern Illinois","Tennessee St.","OVC","OVC","A",NA,NA,0.152001874020281,0.338648005350723,0.789142831518436,0.87964697213628,NA,NA,"future",0.120353027863719,-0.87964697213628,0,229,"Q3"
"8431",8431,"Cal St. NorthridgeCal Poly2-5",2026-02-05,"conf","Cal St. Northridge","Cal Poly","BW","BW","A",NA,NA,0.385010418560885,0.356782664805302,0.789142831518436,0.870920500600285,NA,NA,"future",0.129079499399715,-0.870920500600285,0,257,"Q4"
"8432",8432,"Long Beach St.UC San Diego2-5",2026-02-05,"conf","Long Beach St.","UC San Diego","BW","BW","A",NA,NA,0.276270766068189,0.734201130187246,0.789142831518436,0.575352440331897,NA,NA,"future",0.424647559668103,-0.575352440331897,0,98,"Q2"
"8433",8433,"BinghamtonUMBC2-5",2026-02-05,"conf","Binghamton","UMBC","AE","AE","A",NA,NA,0.0455455848513069,0.335726306960335,0.789142831518436,0.881024132869604,NA,NA,"future",0.118975867130396,-0.881024132869604,0,274,"Q4"
"8434",8434,"William & MaryUNC Wilmington2-5",2026-02-05,"conf","William & Mary","UNC Wilmington","CAA","CAA","A",NA,NA,0.532570409595156,0.611618585583143,0.789142831518436,0.703838784355614,NA,NA,"future",0.296161215644386,-0.703838784355614,0,109,"Q2"
"8435",8435,"RiderMarist2-5",2026-02-05,"conf","Rider","Marist","MAAC","MAAC","A",NA,NA,0.0692807104895986,0.603367224365608,0.789142831518436,0.71100112209817,NA,NA,"future",0.28899887790183,-0.71100112209817,0,150,"Q3"
"8436",8436,"Le MoyneWagner2-5",2026-02-05,"conf","Le Moyne","Wagner","NEC","NEC","A",NA,NA,0.233859733605385,0.231947573900047,0.789142831518436,0.925332829516718,NA,NA,"future",0.0746671704832819,-0.925332829516718,0,324,"Q4"
"8437",8437,"LindenwoodLittle Rock2-5",2026-02-05,"conf","Lindenwood","Little Rock","OVC","OVC","A",NA,NA,0.294360678016868,0.216987170533557,0.789142831518436,0.931059361043289,NA,NA,"future",0.0689406389567112,-0.931059361043289,0,302,"Q4"
"8438",8438,"MerrimackMount St. Mary's2-5",2026-02-05,"conf","Merrimack","Mount St. Mary's","MAAC","MAAC","A",NA,NA,0.339779292896384,0.282514165173045,0.789142831518436,0.904804899863118,NA,NA,"future",0.0951951001368816,-0.904804899863118,0,304,"Q4"
"8439",8439,"UT ArlingtonUtah Tech2-5",2026-02-05,"conf","UT Arlington","Utah Tech","WAC","WAC","A",NA,NA,0.429835729480134,0.479891400510013,0.789142831518436,0.802222630355226,NA,NA,"future",0.197777369644774,-0.802222630355226,0,199,"Q3"
"8440",8440,"StetsonBellarmine2-5",2026-02-05,"conf","Stetson","Bellarmine","ASun","ASun","A",NA,NA,0.131178587745499,0.246363301451693,0.789142831518436,0.919669832563784,NA,NA,"future",0.080330167436216,-0.919669832563784,0,291,"Q4"
"8441",8441,"Jacksonville St.Western Kentucky2-5",2026-02-05,"conf","Jacksonville St.","Western Kentucky","CUSA","CUSA","A",NA,NA,0.295930609897491,0.539993818540962,0.789142831518436,0.761232506402088,NA,NA,"future",0.238767493597912,-0.761232506402088,0,167,"Q3"
"8442",8442,"Chicago St.Central Connecticut2-5",2026-02-05,"conf","Chicago St.","Central Connecticut","NEC","NEC","A",NA,NA,0.0739186417080468,0.302144565079282,0.789142831518436,0.896309263138175,NA,NA,"future",0.103690736861825,-0.896309263138175,0,247,"Q4"
"8443",8443,"Morehead St.Southeast Missouri St.2-5",2026-02-05,"conf","Morehead St.","Southeast Missouri St.","OVC","OVC","A",NA,NA,0.163264947729151,0.342914782088887,0.789142831518436,0.877621650282935,NA,NA,"future",0.122378349717065,-0.877621650282935,0,242,"Q4"
"8444",8444,"West VirginiaCincinnati2-5",2026-02-05,"conf","West Virginia","Cincinnati","B12","B12","A",NA,NA,0.780378589803463,0.873465038086542,0.789142831518436,0.351561364376916,NA,NA,"future",0.648438635623084,-0.351561364376916,0,72,"Q1"
"8445",8445,"StonehillFairleigh Dickinson2-5",2026-02-05,"conf","Stonehill","Fairleigh Dickinson","NEC","NEC","A",NA,NA,0.0863616106872418,0.183963005479034,0.789142831518436,0.943186569817656,NA,NA,"future",0.0568134301823435,-0.943186569817656,0,339,"Q4"
"8446",8446,"Tarleton St.Cal Baptist2-5",2026-02-05,"conf","Tarleton St.","Cal Baptist","WAC","WAC","A",NA,NA,0.400519815714214,0.691435207905624,0.789142831518436,0.625492790676781,NA,NA,"future",0.374507209323219,-0.625492790676781,0,120,"Q2"
"8447",8447,"North FloridaWest Georgia2-5",2026-02-05,"conf","North Florida","West Georgia","ASun","ASun","A",NA,NA,0.130909333469256,0.213011210585839,0.789142831518436,0.932556250535378,NA,NA,"future",0.0674437494646216,-0.932556250535378,0,322,"Q4"
"8448",8448,"VermontMaine2-5",2026-02-05,"conf","Vermont","Maine","AE","AE","A",NA,NA,0.297392585715157,0.117473612685145,0.789142831518436,0.965654705788423,NA,NA,"future",0.0343452942115771,-0.965654705788423,0,343,"Q4"
"8449",8449,"IonaSiena2-5",2026-02-05,"conf","Iona","Siena","MAAC","MAAC","A",NA,NA,0.289732912826144,0.54942727469335,0.789142831518436,0.75425005854782,NA,NA,"future",0.24574994145218,-0.75425005854782,0,172,"Q3"
"8450",8450,"MemphisUAB2-5",2026-02-05,"conf","Memphis","UAB","Amer","Amer","A",NA,NA,0.647741340141445,0.677896014710966,0.789142831518436,0.640065139338454,NA,NA,"future",0.359934860661546,-0.640065139338454,0,122,"Q2"
"8451",8451,"MercerChattanooga2-5",2026-02-05,"conf","Mercer","Chattanooga","SC","SC","A",NA,NA,0.497972452629038,0.31417384513742,0.789142831518436,0.890946330891946,NA,NA,"future",0.109053669108054,-0.890946330891946,0,280,"Q4"
"8452",8452,"IdahoMontana St.2-5",2026-02-05,"conf","Idaho","Montana St.","BSky","BSky","A",NA,NA,0.431116462873849,0.671913057281984,0.789142831518436,0.64632316760184,NA,NA,"future",0.35367683239816,-0.64632316760184,0,134,"Q2"
"8453",8453,"Southern IndianaTennessee Martin2-5",2026-02-05,"conf","Southern Indiana","Tennessee Martin","OVC","OVC","A",NA,NA,0.0957595304080808,0.371890241689694,0.789142831518436,0.863407239429369,NA,NA,"future",0.136592760570631,-0.863407239429369,0,187,"Q3"
"8454",8454,"UC RiversideCal St. Fullerton2-5",2026-02-05,"conf","UC Riverside","Cal St. Fullerton","BW","BW","A",NA,NA,0.201552689174799,0.486141474245039,0.789142831518436,0.798221354022513,NA,NA,"future",0.201778645977487,-0.798221354022513,0,200,"Q3"
"8455",8455,"UC Santa BarbaraUC Davis2-5",2026-02-05,"conf","UC Santa Barbara","UC Davis","BW","BW","A",NA,NA,0.483931703427263,0.569719928859357,0.789142831518436,0.738668165713469,NA,NA,"future",0.261331834286531,-0.738668165713469,0,176,"Q3"
"8456",8456,"Nebraska OmahaNorth Dakota2-5",2026-02-05,"conf","Nebraska Omaha","North Dakota","Sum","Sum","A",NA,NA,0.245482919288472,0.343317996272495,0.789142831518436,0.877429380407867,NA,NA,"future",0.122570619592133,-0.877429380407867,0,282,"Q4"
"8457",8457,"DenverNorth Dakota St.2-5",2026-02-05,"conf","Denver","North Dakota St.","Sum","Sum","A",NA,NA,0.263838573314094,0.678074728815918,0.789142831518436,0.639876531050688,NA,NA,"future",0.360123468949312,-0.639876531050688,0,132,"Q2"
"8458",8458,"AlbanyBryant2-5",2026-02-05,"conf","Albany","Bryant","AE","AE","A",NA,NA,0.187386733437233,0.125026481328206,0.789142831518436,0.963223783162156,NA,NA,"future",0.0367762168378437,-0.963223783162156,0,345,"Q4"
"8459",8459,"MonmouthStony Brook2-5",2026-02-05,"conf","Monmouth","Stony Brook","CAA","CAA","A",NA,NA,0.318339421823734,0.460531374139957,0.789142831518436,0.814265765425597,NA,NA,"future",0.185734234574403,-0.814265765425597,0,234,"Q3"
"8460",8460,"JacksonvilleQueens2-5",2026-02-05,"conf","Jacksonville","Queens","ASun","ASun","A",NA,NA,0.161966016954007,0.515663678728228,0.789142831518436,0.77852495592304,NA,NA,"future",0.22147504407696,-0.77852495592304,0,183,"Q3"
"8461",8461,"Saint FrancisMercyhurst2-5",2026-02-05,"conf","Saint Francis","Mercyhurst","NEC","NEC","A",NA,NA,0.0661980827384546,0.319386016835833,0.789142831518436,0.888584293689684,NA,NA,"future",0.111415706310316,-0.888584293689684,0,290,"Q4"
"8462",8462,"EvansvilleValparaiso2-6",2026-02-06,"conf","Valparaiso","Evansville","MVC","MVC","H",NA,NA,0.617432819487282,0.195465563513328,0.87694452176131,0.967031802152611,NA,NA,"future",0.0329681978473889,-0.967031802152611,0,284,"Q4"
"8463",8463,"ConnecticutSt. John's2-6",2026-02-06,"conf","St. John's","Connecticut","BE","BE","H",NA,NA,0.941505441293299,0.948353630627273,0.87694452176131,0.279589420810512,NA,NA,"future",0.720410579189488,-0.279589420810512,0,8,"Q1"
"8464",8464,"Loyola ChicagoDavidson2-6",2026-02-06,"conf","Davidson","Loyola Chicago","A10","A10","H",NA,NA,0.692626171471865,0.1760796726165,0.87694452176131,0.970884750422331,NA,NA,"future",0.0291152495776692,-0.970884750422331,0,315,"Q4"
"8465",8465,"BelmontIllinois Chicago2-6",2026-02-06,"conf","Illinois Chicago","Belmont","MVC","MVC","H",NA,NA,0.656335877113298,0.686175756192134,0.87694452176131,0.76521878965505,NA,NA,"future",0.23478121034495,-0.76521878965505,0,64,"Q2"
"8466",8466,"BradleyNorthern Iowa2-6",2026-02-06,"conf","Northern Iowa","Bradley","MVC","MVC","H",NA,NA,0.757436564872932,0.472493714824135,0.87694452176131,0.888344836283847,NA,NA,"future",0.111655163716153,-0.888344836283847,0,124,"Q3"
"8467",8467,"Murray St.Southern Illinois2-6",2026-02-06,"conf","Southern Illinois","Murray St.","MVC","MVC","H",NA,NA,0.58926743721773,0.635707651012394,0.87694452176131,0.803296496851395,NA,NA,"future",0.196703503148605,-0.803296496851395,0,74,"Q2"
"8468",8468,"DaytonVCU2-6",2026-02-06,"conf","VCU","Dayton","A10","A10","H",NA,NA,0.832009910410597,0.686412835074481,0.87694452176131,0.765020894183328,NA,NA,"future",0.234979105816672,-0.765020894183328,0,80,"Q3"
"8469",8469,"DrakeIllinois St.2-6",2026-02-06,"conf","Illinois St.","Drake","MVC","MVC","H",NA,NA,0.816126473444108,0.380317101596354,0.87694452176131,0.920708383048696,NA,NA,"future",0.0792916169513039,-0.920708383048696,0,166,"Q4"
"8470",8470,"BrownYale2-6",2026-02-06,"conf","Yale","Brown","Ivy","Ivy","H",NA,NA,0.814418788081781,0.22903256495286,0.87694452176131,0.959982199400525,NA,NA,"future",0.0400178005994747,-0.959982199400525,0,275,"Q4"
"8471",8471,"EvansvilleValparaiso2-6",2026-02-06,"conf","Evansville","Valparaiso","MVC","MVC","A",NA,NA,0.195465563513328,0.617432819487282,0.789142831518436,0.69869691398021,NA,NA,"future",0.30130308601979,-0.69869691398021,0,171,"Q3"
"8472",8472,"ConnecticutSt. John's2-6",2026-02-06,"conf","Connecticut","St. John's","BE","BE","A",NA,NA,0.948353630627273,0.941505441293299,0.789142831518436,0.188653986484811,NA,NA,"future",0.811346013515189,-0.188653986484811,0,23,"Q1"
"8473",8473,"Loyola ChicagoDavidson2-6",2026-02-06,"conf","Loyola Chicago","Davidson","A10","A10","A",NA,NA,0.1760796726165,0.692626171471865,0.789142831518436,0.624182848539627,NA,NA,"future",0.375817151460373,-0.624182848539627,0,119,"Q2"
"8474",8474,"BelmontIllinois Chicago2-6",2026-02-06,"conf","Belmont","Illinois Chicago","MVC","MVC","A",NA,NA,0.686175756192134,0.656335877113298,0.789142831518436,0.662120554275075,NA,NA,"future",0.337879445724925,-0.662120554275075,0,161,"Q3"
"8475",8475,"BradleyNorthern Iowa2-6",2026-02-06,"conf","Bradley","Northern Iowa","MVC","MVC","A",NA,NA,0.472493714824135,0.757436564872932,0.789142831518436,0.545149141228804,NA,NA,"future",0.454850858771196,-0.545149141228804,0,102,"Q2"
"8476",8476,"Murray St.Southern Illinois2-6",2026-02-06,"conf","Murray St.","Southern Illinois","MVC","MVC","A",NA,NA,0.635707651012394,0.58926743721773,0.789142831518436,0.722887195145564,NA,NA,"future",0.277112804854436,-0.722887195145564,0,143,"Q3"
"8477",8477,"DaytonVCU2-6",2026-02-06,"conf","Dayton","VCU","A10","A10","A",NA,NA,0.686412835074481,0.832009910410597,0.789142831518436,0.430411360912575,NA,NA,"future",0.569588639087425,-0.430411360912575,0,55,"Q1"
"8478",8478,"DrakeIllinois St.2-6",2026-02-06,"conf","Drake","Illinois St.","MVC","MVC","A",NA,NA,0.380317101596354,0.816126473444108,0.789142831518436,0.457464356306282,NA,NA,"future",0.542535643693718,-0.457464356306282,0,79,"Q2"
"8479",8479,"BrownYale2-6",2026-02-06,"conf","Brown","Yale","Ivy","Ivy","A",NA,NA,0.22903256495286,0.814418788081781,0.789142831518436,0.460279928688857,NA,NA,"future",0.539720071311143,-0.460279928688857,0,61,"Q1"
"8480",8480,"LamarStephen F. Austin2-7",2026-02-07,"conf","Stephen F. Austin","Lamar","Slnd","Slnd","H",NA,NA,0.815047683515057,0.29006579149575,0.87694452176131,0.945775529853966,NA,NA,"future",0.0542244701460342,-0.945775529853966,0,220,"Q4"
"8481",8481,"East Tennessee St.VMI2-7",2026-02-07,"conf","VMI","East Tennessee St.","SC","SC","H",NA,NA,0.144010141026281,0.448888433472161,0.87694452176131,0.897428314939119,NA,NA,"future",0.102571685060881,-0.897428314939119,0,129,"Q3"
"8482",8482,"TempleEast Carolina2-7",2026-02-07,"conf","East Carolina","Temple","Amer","Amer","H",NA,NA,0.262679066039086,0.482165271889948,0.87694452176131,0.884441310768963,NA,NA,"future",0.115558689231037,-0.884441310768963,0,154,"Q3"
"8483",8483,"SMUPittsburgh2-7",2026-02-07,"conf","Pittsburgh","SMU","ACC","ACC","H",NA,NA,0.730765128903465,0.852332367434774,0.87694452176131,0.55250469969308,NA,NA,"future",0.44749530030692,-0.55250469969308,0,30,"Q1"
"8484",8484,"LehighHoly Cross2-7",2026-02-07,"conf","Holy Cross","Lehigh","Pat","Pat","H",NA,NA,0.203196040881925,0.155993773443698,0.87694452176131,0.974720382753838,NA,NA,"future",0.0252796172461617,-0.974720382753838,0,298,"Q4"
"8485",8485,"UtahKansas2-7",2026-02-07,"conf","Kansas","Utah","B12","B12","H",NA,NA,0.958273819187545,0.594076360174539,0.87694452176131,0.82962411412064,NA,NA,"future",0.17037588587936,-0.82962411412064,0,117,"Q3"
"8486",8486,"San DiegoLoyola Marymount2-7",2026-02-07,"conf","Loyola Marymount","San Diego","WCC","WCC","H",NA,NA,0.569167328627858,0.386813607349022,0.87694452176131,0.918679146869904,NA,NA,"future",0.081320853130096,-0.918679146869904,0,208,"Q4"
"8487",8487,"Northern IllinoisGeorgia St.2-7",2026-02-07,"nc","Georgia St.","Northern Illinois","SB","MAC","H",NA,NA,0.332443152619094,0.136539414444762,0.87694452176131,0.978292340323179,NA,NA,"future",0.0217076596768214,-0.978292340323179,0,312,"Q4"
"8488",8488,"ToledoJames Madison2-7",2026-02-07,"nc","James Madison","Toledo","SB","MAC","H",NA,NA,0.385748212158963,0.405578446649967,0.87694452176131,0.912622369732399,NA,NA,"future",0.0873776302676009,-0.912622369732399,0,169,"Q4"
"8489",8489,"Ball St.Louisiana Monroe2-7",2026-02-07,"nc","Louisiana Monroe","Ball St.","SB","MAC","H",NA,NA,0.110510816070549,0.175570369203068,0.87694452176131,0.970983935499258,NA,NA,"future",0.0290160645007421,-0.970983935499258,0,316,"Q4"
"8490",8490,"Sacred HeartManhattan2-7",2026-02-07,"conf","Manhattan","Sacred Heart","MAAC","MAAC","H",NA,NA,0.199140354213253,0.185258742802667,0.87694452176131,0.969079449264048,NA,NA,"future",0.0309205507359519,-0.969079449264048,0,287,"Q4"
"8491",8491,"George WashingtonDuquesne2-7",2026-02-07,"conf","Duquesne","George Washington","A10","A10","H",NA,NA,0.664548733997581,0.685508618398289,0.87694452176131,0.765774611648292,NA,NA,"future",0.234225388351708,-0.765774611648292,0,75,"Q2"
"8492",8492,"Charleston SouthernUSC Upstate2-7",2026-02-07,"conf","USC Upstate","Charleston Southern","BSth","BSth","H",NA,NA,0.283031250289585,0.304852499335177,0.87694452176131,0.942029615136421,NA,NA,"future",0.0579703848635789,-0.942029615136421,0,219,"Q4"
"8493",8493,"Incarnate WordMcNeese St.2-7",2026-02-07,"conf","McNeese St.","Incarnate Word","Slnd","Slnd","H",NA,NA,0.804042842508263,0.261903553465073,0.87694452176131,0.95256990795582,NA,NA,"future",0.0474300920441801,-0.95256990795582,0,246,"Q4"
"8494",8494,"WisconsinIndiana2-7",2026-02-07,"conf","Indiana","Wisconsin","B10","B10","H",NA,NA,0.929075305570624,0.846803951575671,0.87694452176131,0.563174984065404,NA,NA,"future",0.436825015934596,-0.563174984065404,0,36,"Q2"
"8495",8495,"UTSANorth Texas2-7",2026-02-07,"conf","North Texas","UTSA","Amer","Amer","H",NA,NA,0.61394540023339,0.0659428297410237,0.87694452176131,0.990190615450233,NA,NA,"future",0.00980938454976721,-0.990190615450233,0,349,"Q4"
"8496",8496,"Alcorn St.Arkansas Pine Bluff2-7",2026-02-07,"conf","Arkansas Pine Bluff","Alcorn St.","SWAC","SWAC","H",NA,NA,0.33673558307527,0.0996439667646336,0.87694452176131,0.984707696986526,NA,NA,"future",0.0152923030134736,-0.984707696986526,0,351,"Q4"
"8497",8497,"Maryland Eastern ShoreMorgan St.2-7",2026-02-07,"conf","Morgan St.","Maryland Eastern Shore","MEAC","MEAC","H",NA,NA,0.0769875851717531,0.112768939573491,0.87694452176131,0.98247717744524,NA,NA,"future",0.0175228225547599,-0.98247717744524,0,325,"Q4"
"8498",8498,"SienaSaint Peter's2-7",2026-02-07,"conf","Saint Peter's","Siena","MAAC","MAAC","H",NA,NA,0.464125461254959,0.390387146522654,0.87694452176131,0.917548378669134,NA,NA,"future",0.0824516213308657,-0.917548378669134,0,172,"Q4"
"8499",8499,"MississippiTexas2-7",2026-02-07,"conf","Texas","Mississippi","SEC","SEC","H",NA,NA,0.887271095950039,0.654298907124239,0.87694452176131,0.790148149620637,NA,NA,"future",0.209851850379363,-0.790148149620637,0,87,"Q3"
"8500",8500,"San FranciscoSaint Mary's2-7",2026-02-07,"conf","Saint Mary's","San Francisco","WCC","WCC","H",NA,NA,0.908833684887652,0.598637247467795,0.87694452176131,0.826929190551848,NA,NA,"future",0.173070809448152,-0.826929190551848,0,107,"Q3"
"8501",8501,"DePaulProvidence2-7",2026-02-07,"conf","Providence","DePaul","BE","BE","H",NA,NA,0.803485279294478,0.57837139577554,0.87694452176131,0.838582265959197,NA,NA,"future",0.161417734040803,-0.838582265959197,0,113,"Q3"
"8502",8502,"GeorgiaLSU2-7",2026-02-07,"conf","LSU","Georgia","SEC","SEC","H",NA,NA,0.86991035902452,0.851354270638983,0.87694452176131,0.554420048271428,NA,NA,"future",0.445579951728572,-0.554420048271428,0,24,"Q1"
"8503",8503,"Central ArkansasLipscomb2-7",2026-02-07,"conf","Lipscomb","Central Arkansas","ASun","ASun","H",NA,NA,0.559428391801076,0.418552667589624,0.87694452176131,0.908256159397106,NA,NA,"future",0.0917438406028938,-0.908256159397106,0,206,"Q4"
"8504",8504,"San Jose St.Colorado St.2-7",2026-02-07,"conf","Colorado St.","San Jose St.","MWC","MWC","H",NA,NA,0.761948848530048,0.280831199129306,0.87694452176131,0.9480512429362,NA,NA,"future",0.0519487570637999,-0.9480512429362,0,259,"Q4"
"8505",8505,"TennesseeKentucky2-7",2026-02-07,"conf","Kentucky","Tennessee","SEC","SEC","H",NA,NA,0.894882969930619,0.910843273419277,0.87694452176131,0.410919233587288,NA,NA,"future",0.589080766412712,-0.410919233587288,0,26,"Q1"
"8506",8506,"OklahomaVanderbilt2-7",2026-02-07,"conf","Vanderbilt","Oklahoma","SEC","SEC","H",NA,NA,0.960919519146125,0.671721774627647,0.87694452176131,0.776923253027942,NA,NA,"future",0.223076746972058,-0.776923253027942,0,76,"Q3"
"8507",8507,"Florida Gulf CoastBellarmine2-7",2026-02-07,"conf","Bellarmine","Florida Gulf Coast","ASun","ASun","H",NA,NA,0.246363301451693,0.308404183016962,0.87694452176131,0.941110565442255,NA,NA,"future",0.0588894345577446,-0.941110565442255,0,237,"Q4"
"8508",8508,"LongwoodWinthrop2-7",2026-02-07,"conf","Winthrop","Longwood","BSth","BSth","H",NA,NA,0.589293391463423,0.192892523448795,0.87694452176131,0.967552055004814,NA,NA,"future",0.0324479449951863,-0.967552055004814,0,271,"Q4"
"8509",8509,"Gardner WebbPresbyterian2-7",2026-02-07,"conf","Presbyterian","Gardner Webb","BSth","BSth","H",NA,NA,0.33833969804482,0.031054600359691,0.87694452176131,0.995522798064527,NA,NA,"future",0.00447720193547285,-0.995522798064527,0,363,"Q4"
"8510",8510,"Arizona St.Colorado2-7",2026-02-07,"conf","Colorado","Arizona St.","B12","B12","H",NA,NA,0.772290823716488,0.630271822278081,0.87694452176131,0.806967577765592,NA,NA,"future",0.193032422234408,-0.806967577765592,0,93,"Q3"
"8511",8511,"CornellColumbia2-7",2026-02-07,"conf","Columbia","Cornell","Ivy","Ivy","H",NA,NA,0.567588970085062,0.377743777487108,0.87694452176131,0.921502900364643,NA,NA,"future",0.0784970996353572,-0.921502900364643,0,188,"Q4"
"8512",8512,"ArkansasMississippi St.2-7",2026-02-07,"conf","Mississippi St.","Arkansas","SEC","SEC","H",NA,NA,0.769828564240354,0.899851369198693,0.87694452176131,0.442316531859976,NA,NA,"future",0.557683468140024,-0.442316531859976,0,20,"Q1"
"8513",8513,"StonehillLIU2-7",2026-02-07,"conf","LIU","Stonehill","NEC","NEC","H",NA,NA,0.478872202881425,0.0863616106872418,0.87694452176131,0.986909609419067,NA,NA,"future",0.0130903905809331,-0.986909609419067,0,337,"Q4"
"8514",8514,"RichmondRhode Island2-7",2026-02-07,"conf","Rhode Island","Richmond","A10","A10","H",NA,NA,0.656655293009964,0.505311078308384,0.87694452176131,0.874633481206489,NA,NA,"future",0.125366518793511,-0.874633481206489,0,126,"Q3"
"8515",8515,"Western CarolinaWofford2-7",2026-02-07,"conf","Wofford","Western Carolina","SC","SC","H",NA,NA,0.427054957226168,0.189337564487005,0.87694452176131,0.968266322969144,NA,NA,"future",0.0317336770308555,-0.968266322969144,0,289,"Q4"
"8516",8516,"Western MichiganTexas St.2-7",2026-02-07,"nc","Texas St.","Western Michigan","SB","MAC","H",NA,NA,0.382567816926111,0.256976620663072,0.87694452176131,0.953715171476899,NA,NA,"future",0.0462848285231012,-0.953715171476899,0,256,"Q4"
"8517",8517,"MissouriSouth Carolina2-7",2026-02-07,"conf","South Carolina","Missouri","SEC","SEC","H",NA,NA,0.817726977948728,0.730398132959743,0.87694452176131,0.724554054905934,NA,NA,"future",0.275445945094066,-0.724554054905934,0,70,"Q2"
"8518",8518,"San Diego St.Air Force2-7",2026-02-07,"conf","Air Force","San Diego St.","MWC","MWC","H",NA,NA,0.183685442633759,0.806407529368549,0.87694452176131,0.631108325214088,NA,NA,"future",0.368891674785912,-0.631108325214088,0,52,"Q2"
"8519",8519,"Chicago St.New Haven2-7",2026-02-07,"conf","New Haven","Chicago St.","NEC","NEC","H",NA,NA,0.189489062413694,0.0739186417080468,0.87694452176131,0.988923656012592,NA,NA,"future",0.011076343987408,-0.988923656012592,0,352,"Q4"
"8520",8520,"BuffaloSouth Alabama2-7",2026-02-07,"nc","South Alabama","Buffalo","SB","MAC","H",NA,NA,0.456678516291553,0.387632809783295,0.87694452176131,0.918420848754699,NA,NA,"future",0.0815791512453012,-0.918420848754699,0,165,"Q4"
"8521",8521,"Delaware St.Coppin St.2-7",2026-02-07,"conf","Coppin St.","Delaware St.","MEAC","MEAC","H",NA,NA,0.0483363016192594,0.0497573037483458,0.87694452176131,0.99270589963853,NA,NA,"future",0.00729410036147027,-0.99270589963853,0,358,"Q4"
"8522",8522,"MercerSamford2-7",2026-02-07,"conf","Samford","Mercer","SC","SC","H",NA,NA,0.283895640638759,0.497972452629038,0.87694452176131,0.877817047848107,NA,NA,"future",0.122182952151893,-0.877817047848107,0,125,"Q3"
"8523",8523,"Northern ColoradoIdaho St.2-7",2026-02-07,"conf","Idaho St.","Northern Colorado","BSky","BSky","H",NA,NA,0.482382067045718,0.441176952284647,0.87694452176131,0.900267043852585,NA,NA,"future",0.0997329561474151,-0.900267043852585,0,164,"Q4"
"8524",8524,"WagnerCentral Connecticut2-7",2026-02-07,"conf","Central Connecticut","Wagner","NEC","NEC","H",NA,NA,0.302144565079282,0.136887136003035,0.87694452176131,0.978229684731794,NA,NA,"future",0.0217703152682057,-0.978229684731794,0,324,"Q4"
"8525",8525,"Robert MorrisYoungstown St.2-7",2026-02-07,"conf","Youngstown St.","Robert Morris","Horz","Horz","H",NA,NA,0.546812666972655,0.360345110834765,0.87694452176131,0.926741135334995,NA,NA,"future",0.0732588646650051,-0.926741135334995,0,186,"Q4"
"8526",8526,"FIUWestern Kentucky2-7",2026-02-07,"conf","Western Kentucky","FIU","CUSA","CUSA","H",NA,NA,0.539993818540962,0.408547275216062,0.87694452176131,0.911636516667524,NA,NA,"future",0.0883634833324762,-0.911636516667524,0,198,"Q4"
"8527",8527,"MaristFairfield2-7",2026-02-07,"conf","Fairfield","Marist","MAAC","MAAC","H",NA,NA,0.35586849615359,0.444102896546951,0.87694452176131,0.899197121104733,NA,NA,"future",0.100802878895267,-0.899197121104733,0,150,"Q3"
"8528",8528,"North FloridaQueens2-7",2026-02-07,"conf","Queens","North Florida","ASun","ASun","H",NA,NA,0.515663678728228,0.130909333469256,0.87694452176131,0.979300944347944,NA,NA,"future",0.0206990556520561,-0.979300944347944,0,341,"Q4"
"8529",8529,"TowsonHofstra2-7",2026-02-07,"conf","Hofstra","Towson","CAA","CAA","H",NA,NA,0.699970786275648,0.35134538872408,0.87694452176131,0.929362589848566,NA,NA,"future",0.0706374101514337,-0.929362589848566,0,162,"Q4"
"8530",8530,"Northern ArizonaWeber St.2-7",2026-02-07,"conf","Weber St.","Northern Arizona","BSky","BSky","H",NA,NA,0.519652525465715,0.144289047802944,0.87694452176131,0.976885797919125,NA,NA,"future",0.0231142020808752,-0.976885797919125,0,318,"Q4"
"8531",8531,"RadfordHigh Point2-7",2026-02-07,"conf","High Point","Radford","BSth","BSth","H",NA,NA,0.756790844012223,0.229310238486478,0.87694452176131,0.959921770218191,NA,NA,"future",0.0400782297818087,-0.959921770218191,0,260,"Q4"
"8532",8532,"North Carolina CentralNorfolk St.2-7",2026-02-07,"conf","Norfolk St.","North Carolina Central","MEAC","MEAC","H",NA,NA,0.214099252585284,0.082756424692227,0.87694452176131,0.987497925961696,NA,NA,"future",0.0125020740383036,-0.987497925961696,0,344,"Q4"
"8533",8533,"Houston ChristianSoutheastern Louisiana2-7",2026-02-07,"conf","Southeastern Louisiana","Houston Christian","Slnd","Slnd","H",NA,NA,0.33709012828235,0.166904500846973,0.87694452176131,0.972656041762217,NA,NA,"future",0.0273439582377828,-0.972656041762217,0,297,"Q4"
"8534",8534,"Western IllinoisTennessee St.2-7",2026-02-07,"conf","Tennessee St.","Western Illinois","OVC","OVC","H",NA,NA,0.338648005350723,0.0596043465683944,0.87694452176131,0.991184425486864,NA,NA,"future",0.0088155745131363,-0.991184425486864,0,356,"Q4"
"8535",8535,"South Carolina St.Howard2-7",2026-02-07,"conf","Howard","South Carolina St.","MEAC","MEAC","H",NA,NA,0.366972280657132,0.0507325033248179,0.87694452176131,0.992556422425133,NA,NA,"future",0.00744357757486747,-0.992556422425133,0,360,"Q4"
"8536",8536,"Oral RobertsSt. Thomas2-7",2026-02-07,"conf","St. Thomas","Oral Roberts","Sum","Sum","H",NA,NA,0.711266776860035,0.14650394031066,0.87694452176131,0.976479859681162,NA,NA,"future",0.0235201403188382,-0.976479859681162,0,317,"Q4"
"8537",8537,"Prairie View A&MBethune Cookman2-7",2026-02-07,"conf","Bethune Cookman","Prairie View A&M","SWAC","SWAC","H",NA,NA,0.390499707456399,0.172466558867004,0.87694452176131,0.971586187483802,NA,NA,"future",0.0284138125161976,-0.971586187483802,0,296,"Q4"
"8538",8538,"UC San DiegoHawaii2-7",2026-02-07,"conf","Hawaii","UC San Diego","BW","BW","H",NA,NA,0.782563869210565,0.591942410772934,0.87694452176131,0.830870239432055,NA,NA,"future",0.169129760567945,-0.830870239432055,0,98,"Q3"
"8539",8539,"NortheasternStony Brook2-7",2026-02-07,"conf","Stony Brook","Northeastern","CAA","CAA","H",NA,NA,0.460531374139957,0.250737593781546,0.87694452176131,0.955147684195681,NA,NA,"future",0.0448523158043189,-0.955147684195681,0,249,"Q4"
"8540",8540,"AkronTroy2-7",2026-02-07,"nc","Troy","Akron","SB","MAC","H",NA,NA,0.719734730060241,0.745581397618812,0.87694452176131,0.708606354394313,NA,NA,"future",0.291393645605687,-0.708606354394313,0,54,"Q2"
"8541",8541,"Tarleton St.Southern Utah2-7",2026-02-07,"conf","Southern Utah","Tarleton St.","WAC","WAC","H",NA,NA,0.331760954622987,0.400519815714214,0.87694452176131,0.914284499452316,NA,NA,"future",0.0857155005476835,-0.914284499452316,0,185,"Q4"
"8542",8542,"Kansas St.TCU2-7",2026-02-07,"conf","TCU","Kansas St.","B12","B12","H",NA,NA,0.865296099885822,0.660770736289095,0.87694452176131,0.785342749205728,NA,NA,"future",0.214657250794272,-0.785342749205728,0,82,"Q3"
"8543",8543,"VillanovaGeorgetown2-7",2026-02-07,"conf","Georgetown","Villanova","BE","BE","H",NA,NA,0.736066932523059,0.84811313237523,0.87694452176131,0.560681993494687,NA,NA,"future",0.439318006505313,-0.560681993494687,0,33,"Q2"
"8544",8544,"NebraskaRutgers2-7",2026-02-07,"conf","Rutgers","Nebraska","B10","B10","H",NA,NA,0.593817364755892,0.926689461842875,0.87694452176131,0.360520506421061,NA,NA,"future",0.639479493578939,-0.360520506421061,0,7,"Q1"
"8545",8545,"MaineBryant2-7",2026-02-07,"conf","Bryant","Maine","AE","AE","H",NA,NA,0.125026481328206,0.0653376419463159,0.87694452176131,0.990285998285382,NA,NA,"future",0.00971400171461845,-0.990285998285382,0,343,"Q4"
"8546",8546,"UC RiversideCal St. Northridge2-7",2026-02-07,"conf","Cal St. Northridge","UC Riverside","BW","BW","H",NA,NA,0.543814122124777,0.201552689174799,0.87694452176131,0.965789939307561,NA,NA,"future",0.0342100606924388,-0.965789939307561,0,283,"Q4"
"8547",8547,"JacksonvilleWest Georgia2-7",2026-02-07,"conf","West Georgia","Jacksonville","ASun","ASun","H",NA,NA,0.213011210585839,0.161966016954007,0.87694452176131,0.973595990398377,NA,NA,"future",0.0264040096016227,-0.973595990398377,0,293,"Q4"
"8548",8548,"Loyola MDBoston University2-7",2026-02-07,"conf","Boston University","Loyola MD","Pat","Pat","H",NA,NA,0.285090150805246,0.0922603677365822,0.87694452176131,0.985938471534303,NA,NA,"future",0.0140615284656967,-0.985938471534303,0,340,"Q4"
"8549",8549,"AmericanNavy2-7",2026-02-07,"conf","Navy","American","Pat","Pat","H",NA,NA,0.465453988539404,0.351681313504199,0.87694452176131,0.929265785702261,NA,NA,"future",0.0707342142977385,-0.929265785702261,0,228,"Q4"
"8550",8550,"New HampshireVermont2-7",2026-02-07,"conf","Vermont","New Hampshire","AE","AE","H",NA,NA,0.446282341818913,0.179474847733072,0.87694452176131,0.970220927546977,NA,NA,"future",0.0297790724530229,-0.970220927546977,0,323,"Q4"
"8551",8551,"BinghamtonNJIT2-7",2026-02-07,"conf","NJIT","Binghamton","AE","AE","H",NA,NA,0.187927329168802,0.0455455848513069,0.87694452176131,0.993348470028501,NA,NA,"future",0.00665152997149854,-0.993348470028501,0,362,"Q4"
"8552",8552,"Texas SouthernFlorida A&M2-7",2026-02-07,"conf","Florida A&M","Texas Southern","SWAC","SWAC","H",NA,NA,0.313122465804659,0.127997519309955,0.87694452176131,0.979818278787393,NA,NA,"future",0.0201817212126065,-0.979818278787393,0,348,"Q4"
"8553",8553,"ColgateBucknell2-7",2026-02-07,"conf","Bucknell","Colgate","Pat","Pat","H",NA,NA,0.217206619977822,0.363069644263239,0.87694452176131,0.925935900293245,NA,NA,"future",0.074064099706755,-0.925935900293245,0,196,"Q4"
"8554",8554,"WashingtonUCLA2-7",2026-02-07,"conf","UCLA","Washington","B10","B10","H",NA,NA,0.883383237146971,0.749226742667862,0.87694452176131,0.704603340179548,NA,NA,"future",0.295396659820452,-0.704603340179548,0,62,"Q2"
"8555",8555,"Detroit MercyGreen Bay2-7",2026-02-07,"conf","Green Bay","Detroit Mercy","Horz","Horz","H",NA,NA,0.503482144436143,0.268076298487336,0.87694452176131,0.951117264043805,NA,NA,"future",0.0488827359561953,-0.951117264043805,0,273,"Q4"
"8556",8556,"Nebraska OmahaNorth Dakota St.2-7",2026-02-07,"conf","North Dakota St.","Nebraska Omaha","Sum","Sum","H",NA,NA,0.678074728815918,0.245482919288472,0.87694452176131,0.956339074498325,NA,NA,"future",0.0436609255016746,-0.956339074498325,0,281,"Q4"
"8557",8557,"MerrimackRider2-7",2026-02-07,"conf","Rider","Merrimack","MAAC","MAAC","H",NA,NA,0.124145130175934,0.339779292896384,0.87694452176131,0.932647440717921,NA,NA,"future",0.0673525592820787,-0.932647440717921,0,217,"Q4"
"8558",8558,"PacificPepperdine2-7",2026-02-07,"conf","Pepperdine","Pacific","WCC","WCC","H",NA,NA,0.346226240798316,0.522643024911776,0.87694452176131,0.866825148339616,NA,NA,"future",0.133174851660384,-0.866825148339616,0,110,"Q3"
"8559",8559,"BaylorIowa St.2-7",2026-02-07,"conf","Iowa St.","Baylor","B12","B12","H",NA,NA,0.963201567205515,0.740905781509242,0.87694452176131,0.713639564464455,NA,NA,"future",0.286360435535545,-0.713639564464455,0,53,"Q2"
"8560",8560,"HarvardDartmouth2-7",2026-02-07,"conf","Dartmouth","Harvard","Ivy","Ivy","H",NA,NA,0.465558838117583,0.3540000459956,0.87694452176131,0.928595399712616,NA,NA,"future",0.0714046002873839,-0.928595399712616,0,182,"Q4"
"8561",8561,"Bowling GreenArkansas St.2-7",2026-02-07,"nc","Arkansas St.","Bowling Green","SB","MAC","H",NA,NA,0.643792601240604,0.571728621824331,0.87694452176131,0.842228164877759,NA,NA,"future",0.157771835122241,-0.842228164877759,0,101,"Q3"
"8562",8562,"SIU EdwardsvilleLittle Rock2-7",2026-02-07,"conf","Little Rock","SIU Edwardsville","OVC","OVC","H",NA,NA,0.216987170533557,0.222517010562244,0.87694452176131,0.961389918559662,NA,NA,"future",0.0386100814403375,-0.961389918559662,0,255,"Q4"
"8563",8563,"Abilene ChristianCal Baptist2-7",2026-02-07,"conf","Cal Baptist","Abilene Christian","WAC","WAC","H",NA,NA,0.691435207905624,0.25561463996283,0.87694452176131,0.954029569648245,NA,NA,"future",0.045970430351755,-0.954029569648245,0,241,"Q4"
"8564",8564,"ButlerMarquette2-7",2026-02-07,"conf","Marquette","Butler","BE","BE","H",NA,NA,0.679338014949704,0.761292597156938,0.87694452176131,0.690835707123408,NA,NA,"future",0.309164292876592,-0.690835707123408,0,48,"Q2"
"8565",8565,"UT Rio Grande ValleyNew Orleans2-7",2026-02-07,"conf","New Orleans","UT Rio Grande Valley","Slnd","Slnd","H",NA,NA,0.48536423289852,0.397957356960562,0.87694452176131,0.915118069533995,NA,NA,"future",0.0848819304660049,-0.915118069533995,0,194,"Q4"
"8566",8566,"Portland St.Sacramento St.2-7",2026-02-07,"conf","Sacramento St.","Portland St.","BSky","BSky","H",NA,NA,0.304984656110273,0.428876901216264,0.87694452176131,0.904671517158032,NA,NA,"future",0.0953284828419685,-0.904671517158032,0,137,"Q3"
"8567",8567,"Fresno St.Nevada2-7",2026-02-07,"conf","Nevada","Fresno St.","MWC","MWC","H",NA,NA,0.843851415463164,0.481922792123584,0.87694452176131,0.884540532188665,NA,NA,"future",0.115459467811335,-0.884540532188665,0,139,"Q3"
"8568",8568,"Saint FrancisLe Moyne2-7",2026-02-07,"conf","Le Moyne","Saint Francis","NEC","NEC","H",NA,NA,0.367582572503491,0.0661980827384546,0.87694452176131,0.990150353814344,NA,NA,"future",0.00984964618565609,-0.990150353814344,0,354,"Q4"
"8569",8569,"Virginia TechN.C. State2-7",2026-02-07,"conf","N.C. State","Virginia Tech","ACC","ACC","H",NA,NA,0.928506150979041,0.754253091747402,0.87694452176131,0.698966789253546,NA,NA,"future",0.301033210746454,-0.698966789253546,0,51,"Q2"
"8570",8570,"Purdue Fort WayneWright St.2-7",2026-02-07,"conf","Wright St.","Purdue Fort Wayne","Horz","Horz","H",NA,NA,0.717548418206008,0.292872856878609,0.87694452176131,0.945074204187965,NA,NA,"future",0.054925795812035,-0.945074204187965,0,210,"Q4"
"8571",8571,"UT ArlingtonUtah Valley2-7",2026-02-07,"conf","Utah Valley","UT Arlington","WAC","WAC","H",NA,NA,0.786139268528895,0.429835729480134,0.87694452176131,0.90433348387365,NA,NA,"future",0.0956665161263495,-0.90433348387365,0,123,"Q3"
"8572",8572,"South DakotaSouth Dakota St.2-7",2026-02-07,"conf","South Dakota St.","South Dakota","Sum","Sum","H",NA,NA,0.53567472683946,0.214647067407385,0.87694452176131,0.963064474227078,NA,NA,"future",0.036935525772922,-0.963064474227078,0,272,"Q4"
"8573",8573,"Sam Houston St.Louisiana Tech2-7",2026-02-07,"conf","Louisiana Tech","Sam Houston St.","CUSA","CUSA","H",NA,NA,0.333416655235645,0.562519903891757,0.87694452176131,0.847149015990964,NA,NA,"future",0.152850984009036,-0.847149015990964,0,105,"Q3"
"8574",8574,"Miami FLBoston College2-7",2026-02-07,"conf","Boston College","Miami FL","ACC","ACC","H",NA,NA,0.611273164360049,0.797942523828166,0.87694452176131,0.643439496156293,NA,NA,"future",0.356560503843707,-0.643439496156293,0,37,"Q2"
"8575",8575,"Alabama St.Grambling St.2-7",2026-02-07,"conf","Grambling St.","Alabama St.","SWAC","SWAC","H",NA,NA,0.36719319961836,0.161273195651384,0.87694452176131,0.973727114931155,NA,NA,"future",0.026272885068845,-0.973727114931155,0,313,"Q4"
"8576",8576,"MercyhurstFairleigh Dickinson2-7",2026-02-07,"conf","Fairleigh Dickinson","Mercyhurst","NEC","NEC","H",NA,NA,0.183963005479034,0.197715059489074,0.87694452176131,0.966574696119011,NA,NA,"future",0.0334253038809886,-0.966574696119011,0,290,"Q4"
"8577",8577,"MassachusettsCoastal Carolina2-7",2026-02-07,"nc","Coastal Carolina","Massachusetts","SB","MAC","H",NA,NA,0.391019597898515,0.413278035203541,0.87694452176131,0.910049454018875,NA,NA,"future",0.0899505459811247,-0.910049454018875,0,195,"Q4"
"8578",8578,"Kent St.Southern Miss2-7",2026-02-07,"nc","Southern Miss","Kent St.","SB","MAC","H",NA,NA,0.436163066612626,0.481287807626764,0.87694452176131,0.884800030107753,NA,NA,"future",0.115199969892247,-0.884800030107753,0,148,"Q3"
"8579",8579,"OregonPurdue2-7",2026-02-07,"conf","Purdue","Oregon","B10","B10","H",NA,NA,0.968858276411217,0.695409733355037,0.87694452176131,0.757362731797896,NA,NA,"future",0.242637268202104,-0.757362731797896,0,104,"Q3"
"8580",8580,"Grand CanyonUNLV2-7",2026-02-07,"conf","UNLV","Grand Canyon","MWC","MWC","H",NA,NA,0.708634239033289,0.739302448616464,0.87694452176131,0.715339957295419,NA,NA,"future",0.284660042704581,-0.715339957295419,0,86,"Q3"
"8581",8581,"Mount St. Mary'sIona2-7",2026-02-07,"conf","Iona","Mount St. Mary's","MAAC","MAAC","H",NA,NA,0.437173937533644,0.171353269912124,0.87694452176131,0.97180128755884,NA,NA,"future",0.0281987124411597,-0.97180128755884,0,304,"Q4"
"8582",8582,"LafayetteArmy2-7",2026-02-07,"conf","Army","Lafayette","Pat","Pat","H",NA,NA,0.208126264319721,0.147463233359836,0.87694452176131,0.976303494184094,NA,NA,"future",0.023696505815906,-0.976303494184094,0,328,"Q4"
"8583",8583,"Oklahoma St.Arizona2-7",2026-02-07,"conf","Arizona","Oklahoma St.","B12","B12","H",NA,NA,0.977752465301565,0.704302099365832,0.87694452176131,0.749498494736875,NA,NA,"future",0.250501505263125,-0.749498494736875,0,73,"Q2"
"8584",8584,"Middle TennesseeDelaware2-7",2026-02-07,"conf","Delaware","Middle Tennessee","CUSA","CUSA","H",NA,NA,0.290475626387562,0.617437484215807,0.87694452176131,0.815345086458109,NA,NA,"future",0.184654913541891,-0.815345086458109,0,111,"Q3"
"8585",8585,"IllinoisMichigan St.2-7",2026-02-07,"conf","Michigan St.","Illinois","B10","B10","H",NA,NA,0.96316998011938,0.944572611131982,0.87694452176131,0.294869444924917,NA,NA,"future",0.705130555075083,-0.294869444924917,0,9,"Q1"
"8586",8586,"CampbellNorth Carolina A&T2-7",2026-02-07,"conf","North Carolina A&T","Campbell","CAA","CAA","H",NA,NA,0.276662006999724,0.327073956545687,0.87694452176131,0.936151100895773,NA,NA,"future",0.0638488991042273,-0.936151100895773,0,203,"Q4"
"8587",8587,"Jackson St.Mississippi Valley St.2-7",2026-02-07,"conf","Mississippi Valley St.","Jackson St.","SWAC","SWAC","H",NA,NA,0.0374143704241414,0.118376704856031,0.87694452176131,0.981507081310067,NA,NA,"future",0.0184929186899327,-0.981507081310067,0,347,"Q4"
"8588",8588,"UMass LowellAlbany2-7",2026-02-07,"conf","Albany","UMass Lowell","AE","AE","H",NA,NA,0.305119018679747,0.165007692678497,0.87694452176131,0.973018164018987,NA,NA,"future",0.0269818359810133,-0.973018164018987,0,319,"Q4"
"8589",8589,"MilwaukeeNorthern Kentucky2-7",2026-02-07,"conf","Northern Kentucky","Milwaukee","Horz","Horz","H",NA,NA,0.56588651357836,0.247415137782907,0.87694452176131,0.955902572692459,NA,NA,"future",0.0440974273075413,-0.955902572692459,0,233,"Q4"
"8590",8590,"AlabamaAuburn2-7",2026-02-07,"conf","Auburn","Alabama","SEC","SEC","H",NA,NA,0.914477539067104,0.916668476253729,0.87694452176131,0.393145203996765,NA,NA,"future",0.606854796003235,-0.393145203996765,0,19,"Q1"
"8591",8591,"La SalleSaint Louis2-7",2026-02-07,"conf","Saint Louis","La Salle","A10","A10","H",NA,NA,0.934398970437872,0.347282363436385,0.87694452176131,0.930527128014643,NA,NA,"future",0.0694728719853572,-0.930527128014643,0,227,"Q4"
"8592",8592,"Missouri St.Liberty2-7",2026-02-07,"conf","Liberty","Missouri St.","CUSA","CUSA","H",NA,NA,0.754201371304044,0.459710378911034,0.87694452176131,0.893339623025375,NA,NA,"future",0.106660376974625,-0.893339623025375,0,191,"Q4"
"8593",8593,"Cleveland St.IU Indy2-7",2026-02-07,"conf","IU Indy","Cleveland St.","Horz","Horz","H",NA,NA,0.293111925980727,0.170841144385821,0.87694452176131,0.971900073963006,NA,NA,"future",0.0280999260369942,-0.971900073963006,0,321,"Q4"
"8594",8594,"Saint Joseph'sGeorge Mason2-7",2026-02-07,"conf","George Mason","Saint Joseph's","A10","A10","H",NA,NA,0.758834600748699,0.441375051805727,0.87694452176131,0.90019487903602,NA,NA,"future",0.0998051209639798,-0.90019487903602,0,192,"Q4"
"8595",8595,"Florida St.Notre Dame2-7",2026-02-07,"conf","Notre Dame","Florida St.","ACC","ACC","H",NA,NA,0.775906977662226,0.567618274698031,0.87694452176131,0.844443407314126,NA,NA,"future",0.155556592685874,-0.844443407314126,0,115,"Q3"
"8596",8596,"Kennesaw St.Jacksonville St.2-7",2026-02-07,"conf","Jacksonville St.","Kennesaw St.","CUSA","CUSA","H",NA,NA,0.444551537137328,0.417773718358861,0.87694452176131,0.908522587405783,NA,NA,"future",0.0914774125942168,-0.908522587405783,0,159,"Q3"
"8597",8597,"Eastern MichiganAppalachian St.2-7",2026-02-07,"nc","Appalachian St.","Eastern Michigan","SB","MAC","H",NA,NA,0.475354481792086,0.375757933331981,0.87694452176131,0.922112482630347,NA,NA,"future",0.0778875173696529,-0.922112482630347,0,179,"Q4"
"8598",8598,"Seton HallCreighton2-7",2026-02-07,"conf","Creighton","Seton Hall","BE","BE","H",NA,NA,0.853766094479856,0.784391079417502,0.87694452176131,0.662032950990562,NA,NA,"future",0.337967049009438,-0.662032950990562,0,45,"Q2"
"8599",8599,"PrincetonPenn2-7",2026-02-07,"conf","Penn","Princeton","Ivy","Ivy","H",NA,NA,0.554637837343646,0.302269000525834,0.87694452176131,0.942693369093223,NA,NA,"future",0.0573066309067766,-0.942693369093223,0,239,"Q4"
"8600",8600,"ClemsonCalifornia2-7",2026-02-07,"conf","California","Clemson","ACC","ACC","H",NA,NA,0.828977030903702,0.887421585948118,0.87694452176131,0.474805920858777,NA,NA,"future",0.525194079141223,-0.474805920858777,0,32,"Q2"
"8601",8601,"Utah St.Wyoming2-7",2026-02-07,"conf","Wyoming","Utah St.","MWC","MWC","H",NA,NA,0.76314542480965,0.849238029418344,0.87694452176131,0.558523317336614,NA,NA,"future",0.441476682663386,-0.558523317336614,0,25,"Q1"
"8602",8602,"Alabama A&MSouthern2-7",2026-02-07,"conf","Southern","Alabama A&M","SWAC","SWAC","H",NA,NA,0.408192260035411,0.159091874905061,0.87694452176131,0.974138773713817,NA,NA,"future",0.025861226286183,-0.974138773713817,0,308,"Q4"
"8603",8603,"North AlabamaAustin Peay2-7",2026-02-07,"conf","Austin Peay","North Alabama","ASun","ASun","H",NA,NA,0.626176067152334,0.0884777145660335,0.87694452176131,0.986562452243666,NA,NA,"future",0.013437547756334,-0.986562452243666,0,335,"Q4"
"8604",8604,"The CitadelChattanooga2-7",2026-02-07,"conf","Chattanooga","The Citadel","SC","SC","H",NA,NA,0.31417384513742,0.0788521555269136,0.87694452176131,0.988130636578795,NA,NA,"future",0.0118693634212048,-0.988130636578795,0,350,"Q4"
"8605",8605,"GonzagaOregon St.2-7",2026-02-07,"conf","Oregon St.","Gonzaga","WCC","WCC","H",NA,NA,0.48746862199899,0.937344159237918,0.87694452176131,0.32265760727251,NA,NA,"future",0.67734239272749,-0.32265760727251,0,4,"Q1"
"8606",8606,"Eastern WashingtonMontana St.2-7",2026-02-07,"conf","Montana St.","Eastern Washington","BSky","BSky","H",NA,NA,0.671913057281984,0.310791476526984,0.87694452176131,0.940488514720462,NA,NA,"future",0.0595114852795378,-0.940488514720462,0,254,"Q4"
"8607",8607,"IdahoMontana2-7",2026-02-07,"conf","Montana","Idaho","BSky","BSky","H",NA,NA,0.633343943366853,0.431116462873849,0.87694452176131,0.903880582257921,NA,NA,"future",0.0961194177420787,-0.903880582257921,0,158,"Q3"
"8608",8608,"Cal St. BakersfieldCal St. Fullerton2-7",2026-02-07,"conf","Cal St. Fullerton","Cal St. Bakersfield","BW","BW","H",NA,NA,0.486141474245039,0.159533932612316,0.87694452176131,0.974055493161456,NA,NA,"future",0.0259445068385435,-0.974055493161456,0,301,"Q4"
"8609",8609,"Georgia TechStanford2-7",2026-02-07,"conf","Stanford","Georgia Tech","ACC","ACC","H",NA,NA,0.825268926203313,0.493378438439407,0.87694452176131,0.879774473681039,NA,NA,"future",0.120225526318961,-0.879774473681039,0,146,"Q3"
"8610",8610,"HoustonBYU2-7",2026-02-07,"conf","BYU","Houston","B12","B12","H",NA,NA,0.943249231571529,0.960500923846367,0.87694452176131,0.226642204378726,NA,NA,"future",0.773357795621274,-0.226642204378726,0,10,"Q1"
"8611",8611,"DukeNorth Carolina2-7",2026-02-07,"conf","North Carolina","Duke","ACC","ACC","H",NA,NA,0.914942599410585,0.939287290689777,0.87694452176131,0.315363975570193,NA,NA,"future",0.684636024429807,-0.315363975570193,0,2,"Q1"
"8612",8612,"Central MichiganLouisiana2-7",2026-02-07,"nc","Louisiana","Central Michigan","SB","MAC","H",NA,NA,0.233108569263396,0.143586134959525,0.87694452176131,0.977014256827904,NA,NA,"future",0.0229857431720957,-0.977014256827904,0,329,"Q4"
"8613",8613,"UC IrvineUC Santa Barbara2-7",2026-02-07,"conf","UC Santa Barbara","UC Irvine","BW","BW","H",NA,NA,0.641009132198243,0.570843061730183,0.87694452176131,0.842708029324452,NA,NA,"future",0.157291970675548,-0.842708029324452,0,128,"Q3"
"8614",8614,"DrexelElon2-7",2026-02-07,"conf","Elon","Drexel","CAA","CAA","H",NA,NA,0.576866467930946,0.350598890322103,0.87694452176131,0.929577423313673,NA,NA,"future",0.0704225766863269,-0.929577423313673,0,211,"Q4"
"8615",8615,"SeattlePortland2-7",2026-02-07,"conf","Portland","Seattle","WCC","WCC","H",NA,NA,0.553963766133518,0.605972048235407,0.87694452176131,0.822502708405666,NA,NA,"future",0.177497291594334,-0.822502708405666,0,114,"Q3"
"8616",8616,"FloridaTexas A&M2-7",2026-02-07,"conf","Texas A&M","Florida","SEC","SEC","H",NA,NA,0.915550420652576,0.940366182041113,0.87694452176131,0.311259394238092,NA,NA,"future",0.688740605761908,-0.311259394238092,0,14,"Q1"
"8617",8617,"OhioOld Dominion2-7",2026-02-07,"nc","Old Dominion","Ohio","SB","MAC","H",NA,NA,0.413664087476716,0.300680871365136,0.87694452176131,0.943099418758103,NA,NA,"future",0.0569005812418973,-0.943099418758103,0,216,"Q4"
"8618",8618,"NiagaraQuinnipiac2-7",2026-02-07,"conf","Quinnipiac","Niagara","MAAC","MAAC","H",NA,NA,0.56676972583644,0.0710982537629475,0.87694452176131,0.989373790127263,NA,NA,"future",0.0106262098727368,-0.989373790127263,0,355,"Q4"
"8619",8619,"St. BonaventureFordham2-7",2026-02-07,"conf","Fordham","St. Bonaventure","A10","A10","H",NA,NA,0.520630114053518,0.42887918075561,0.87694452176131,0.904670714557104,NA,NA,"future",0.0953292854428963,-0.904670714557104,0,144,"Q3"
"8620",8620,"SyracuseVirginia2-7",2026-02-07,"conf","Virginia","Syracuse","ACC","ACC","H",NA,NA,0.96842400434267,0.733076983692956,0.87694452176131,0.721822125891199,NA,NA,"future",0.278177874108801,-0.721822125891199,0,77,"Q3"
"8621",8621,"DenverNorth Dakota2-7",2026-02-07,"conf","North Dakota","Denver","Sum","Sum","H",NA,NA,0.343317996272495,0.263838573314094,0.87694452176131,0.952116681640977,NA,NA,"future",0.0478833183590227,-0.952116681640977,0,251,"Q4"
"8622",8622,"Northwestern St.East Texas A&M2-7",2026-02-07,"conf","East Texas A&M","Northwestern St.","Slnd","Slnd","H",NA,NA,0.343115860118082,0.172988629015108,0.87694452176131,0.971485151015013,NA,NA,"future",0.028514848984987,-0.971485151015013,0,306,"Q4"
"8623",8623,"William & MaryHampton2-7",2026-02-07,"conf","Hampton","William & Mary","CAA","CAA","H",NA,NA,0.35585106001734,0.532570409595156,0.87694452176131,0.862159378953457,NA,NA,"future",0.137840621046543,-0.862159378953457,0,108,"Q3"
"8624",8624,"StetsonEastern Kentucky2-7",2026-02-07,"conf","Eastern Kentucky","Stetson","ASun","ASun","H",NA,NA,0.353630994291055,0.131178587745499,0.87694452176131,0.979252959192397,NA,NA,"future",0.020747040807603,-0.979252959192397,0,327,"Q4"
"8625",8625,"New Mexico St.UTEP2-7",2026-02-07,"conf","UTEP","New Mexico St.","CUSA","CUSA","H",NA,NA,0.346704940492434,0.516577137332239,0.87694452176131,0.869605543564459,NA,NA,"future",0.130394456435541,-0.869605543564459,0,140,"Q3"
"8626",8626,"Eastern IllinoisTennessee Tech2-7",2026-02-07,"conf","Tennessee Tech","Eastern Illinois","OVC","OVC","H",NA,NA,0.15372993043803,0.152001874020281,0.87694452176131,0.975464530911887,NA,NA,"future",0.0245354690881132,-0.975464530911887,0,305,"Q4"
"8627",8627,"Miami OHMarshall2-7",2026-02-07,"nc","Marshall","Miami OH","SB","MAC","H",NA,NA,0.564591704093553,0.696611503750518,0.87694452176131,0.756317426282864,NA,NA,"future",0.243682573717136,-0.756317426282864,0,49,"Q2"
"8628",8628,"LouisvilleWake Forest2-7",2026-02-07,"conf","Wake Forest","Louisville","ACC","ACC","H",NA,NA,0.830188381602287,0.927853101372083,0.87694452176131,0.356552099528878,NA,NA,"future",0.643447900471122,-0.356552099528878,0,15,"Q1"
"8629",8629,"Cal PolyUC Davis2-7",2026-02-07,"conf","UC Davis","Cal Poly","BW","BW","H",NA,NA,0.569719928859357,0.22558726115521,0.87694452176131,0.960729012486904,NA,NA,"future",0.0392709875130959,-0.960729012486904,0,257,"Q4"
"8630",8630,"Boise St.New Mexico2-7",2026-02-07,"conf","New Mexico","Boise St.","MWC","MWC","H",NA,NA,0.889177912187195,0.719435859842334,0.87694452176131,0.735389901479989,NA,NA,"future",0.264610098520011,-0.735389901479989,0,71,"Q2"
"8631",8631,"Morehead St.Tennessee Martin2-7",2026-02-07,"conf","Tennessee Martin","Morehead St.","OVC","OVC","H",NA,NA,0.371890241689694,0.163264947729151,0.87694452176131,0.973349662894276,NA,NA,"future",0.0266503371057238,-0.973349662894276,0,286,"Q4"
"8632",8632,"Southern IndianaSoutheast Missouri St.2-7",2026-02-07,"conf","Southeast Missouri St.","Southern Indiana","OVC","OVC","H",NA,NA,0.342914782088887,0.0957595304080808,0.87694452176131,0.985357317458812,NA,NA,"future",0.0146426825411878,-0.985357317458812,0,338,"Q4"
"8633",8633,"Texas A&M Corpus ChrisNicholls St.2-7",2026-02-07,"conf","Nicholls St.","Texas A&M Corpus Chris","Slnd","Slnd","H",NA,NA,0.447990911854504,0.415344559057257,0.87694452176131,0.909349881209777,NA,NA,"future",0.0906501187902234,-0.909349881209777,0,181,"Q4"
"8634",8634,"Santa ClaraWashington St.2-7",2026-02-07,"conf","Washington St.","Santa Clara","WCC","WCC","H",NA,NA,0.640213899600399,0.832662968850565,0.87694452176131,0.588844197277155,NA,NA,"future",0.411155802722845,-0.588844197277155,0,44,"Q2"
"8635",8635,"LamarStephen F. Austin2-7",2026-02-07,"conf","Lamar","Stephen F. Austin","Slnd","Slnd","A",NA,NA,0.29006579149575,0.815047683515057,0.789142831518436,0.459245063096948,NA,NA,"future",0.540754936903052,-0.459245063096948,0,88,"Q2"
"8636",8636,"East Tennessee St.VMI2-7",2026-02-07,"conf","East Tennessee St.","VMI","SC","SC","A",NA,NA,0.448888433472161,0.144010141026281,0.789142831518436,0.956980979604427,NA,NA,"future",0.0430190203955733,-0.956980979604427,0,353,"Q4"
"8637",8637,"TempleEast Carolina2-7",2026-02-07,"conf","Temple","East Carolina","Amer","Amer","A",NA,NA,0.482165271889948,0.262679066039086,0.789142831518436,0.913081687465795,NA,NA,"future",0.0869183125342055,-0.913081687465795,0,299,"Q4"
"8638",8638,"SMUPittsburgh2-7",2026-02-07,"conf","SMU","Pittsburgh","ACC","ACC","A",NA,NA,0.852332367434774,0.730765128903465,0.789142831518436,0.579630896823016,NA,NA,"future",0.420369103176984,-0.579630896823016,0,121,"Q2"
"8639",8639,"LehighHoly Cross2-7",2026-02-07,"conf","Lehigh","Holy Cross","Pat","Pat","A",NA,NA,0.155993773443698,0.203196040881925,0.789142831518436,0.936207636608896,NA,NA,"future",0.0637923633911037,-0.936207636608896,0,314,"Q4"
"8640",8640,"UtahKansas2-7",2026-02-07,"conf","Utah","Kansas","B12","B12","A",NA,NA,0.594076360174539,0.958273819187545,0.789142831518436,0.140126652159027,NA,NA,"future",0.859873347840973,-0.140126652159027,0,18,"Q1"
"8641",8641,"San DiegoLoyola Marymount2-7",2026-02-07,"conf","San Diego","Loyola Marymount","WCC","WCC","A",NA,NA,0.386813607349022,0.569167328627858,0.789142831518436,0.739103014549339,NA,NA,"future",0.260896985450661,-0.739103014549339,0,170,"Q3"
"8642",8642,"Northern IllinoisGeorgia St.2-7",2026-02-07,"nc","Northern Illinois","Georgia St.","MAC","SB","A",NA,NA,0.136539414444762,0.332443152619094,0.789142831518436,0.88256236526728,NA,NA,"future",0.11743763473272,-0.88256236526728,0,261,"Q4"
"8643",8643,"ToledoJames Madison2-7",2026-02-07,"nc","Toledo","James Madison","MAC","SB","A",NA,NA,0.405578446649967,0.385748212158963,0.789142831518436,0.85631149644305,NA,NA,"future",0.14368850355695,-0.85631149644305,0,244,"Q4"
"8644",8644,"Ball St.Louisiana Monroe2-7",2026-02-07,"nc","Ball St.","Louisiana Monroe","MAC","SB","A",NA,NA,0.175570369203068,0.110510816070549,0.789142831518436,0.967869772859297,NA,NA,"future",0.0321302271407032,-0.967869772859297,0,359,"Q4"
"8645",8645,"Sacred HeartManhattan2-7",2026-02-07,"conf","Sacred Heart","Manhattan","MAAC","MAAC","A",NA,NA,0.185258742802667,0.199140354213253,0.789142831518436,0.937698454634616,NA,NA,"future",0.0623015453653843,-0.937698454634616,0,330,"Q4"
"8646",8646,"George WashingtonDuquesne2-7",2026-02-07,"conf","George Washington","Duquesne","A10","A10","A",NA,NA,0.685508618398289,0.664548733997581,0.789142831518436,0.653879211488026,NA,NA,"future",0.346120788511974,-0.653879211488026,0,155,"Q3"
"8647",8647,"Charleston SouthernUSC Upstate2-7",2026-02-07,"conf","Charleston Southern","USC Upstate","BSth","BSth","A",NA,NA,0.304852499335177,0.283031250289585,0.789142831518436,0.904585070554709,NA,NA,"future",0.0954149294452906,-0.904585070554709,0,285,"Q4"
"8648",8648,"Incarnate WordMcNeese St.2-7",2026-02-07,"conf","Incarnate Word","McNeese St.","Slnd","Slnd","A",NA,NA,0.261903553465073,0.804042842508263,0.789142831518436,0.477018666749508,NA,NA,"future",0.522981333250492,-0.477018666749508,0,57,"Q1"
"8649",8649,"WisconsinIndiana2-7",2026-02-07,"conf","Wisconsin","Indiana","B10","B10","A",NA,NA,0.846803951575671,0.929075305570624,0.789142831518436,0.222214997574681,NA,NA,"future",0.777785002425319,-0.222214997574681,0,38,"Q1"
"8650",8650,"UTSANorth Texas2-7",2026-02-07,"conf","UTSA","North Texas","Amer","Amer","A",NA,NA,0.0659428297410237,0.61394540023339,0.789142831518436,0.701790604371229,NA,NA,"future",0.298209395628771,-0.701790604371229,0,147,"Q3"
"8651",8651,"Alcorn St.Arkansas Pine Bluff2-7",2026-02-07,"conf","Alcorn St.","Arkansas Pine Bluff","SWAC","SWAC","A",NA,NA,0.0996439667646336,0.33673558307527,0.789142831518436,0.880549289395955,NA,NA,"future",0.119450710604045,-0.880549289395955,0,311,"Q4"
"8652",8652,"Maryland Eastern ShoreMorgan St.2-7",2026-02-07,"conf","Maryland Eastern Shore","Morgan St.","MEAC","MEAC","A",NA,NA,0.112768939573491,0.0769875851717531,0.789142831518436,0.978199161594347,NA,NA,"future",0.0218008384056526,-0.978199161594347,0,361,"Q4"
"8653",8653,"SienaSaint Peter's2-7",2026-02-07,"conf","Siena","Saint Peter's","MAAC","MAAC","A",NA,NA,0.390387146522654,0.464125461254959,0.789142831518436,0.812069164133623,NA,NA,"future",0.187930835866377,-0.812069164133623,0,223,"Q3"
"8654",8654,"MississippiTexas2-7",2026-02-07,"conf","Mississippi","Texas","SEC","SEC","A",NA,NA,0.654298907124239,0.887271095950039,0.789142831518436,0.322261464403328,NA,NA,"future",0.677738535596672,-0.322261464403328,0,43,"Q1"
"8655",8655,"San FranciscoSaint Mary's2-7",2026-02-07,"conf","San Francisco","Saint Mary's","WCC","WCC","A",NA,NA,0.598637247467795,0.908833684887652,0.789142831518436,0.272949274196153,NA,NA,"future",0.727050725803847,-0.272949274196153,0,28,"Q1"
"8656",8656,"DePaulProvidence2-7",2026-02-07,"conf","DePaul","Providence","BE","BE","A",NA,NA,0.57837139577554,0.803485279294478,0.789142831518436,0.477900616033965,NA,NA,"future",0.522099383966035,-0.477900616033965,0,89,"Q2"
"8657",8657,"GeorgiaLSU2-7",2026-02-07,"conf","Georgia","LSU","SEC","SEC","A",NA,NA,0.851354270638983,0.86991035902452,0.789142831518436,0.358840545849542,NA,NA,"future",0.641159454150458,-0.358840545849542,0,50,"Q1"
"8658",8658,"Central ArkansasLipscomb2-7",2026-02-07,"conf","Central Arkansas","Lipscomb","ASun","ASun","A",NA,NA,0.418552667589624,0.559428391801076,0.789142831518436,0.74666876697657,NA,NA,"future",0.25333123302343,-0.74666876697657,0,160,"Q3"
"8659",8659,"San Jose St.Colorado St.2-7",2026-02-07,"conf","San Jose St.","Colorado St.","MWC","MWC","A",NA,NA,0.280831199129306,0.761948848530048,0.789142831518436,0.539013660019678,NA,NA,"future",0.460986339980322,-0.539013660019678,0,92,"Q2"
"8660",8660,"TennesseeKentucky2-7",2026-02-07,"conf","Tennessee","Kentucky","SEC","SEC","A",NA,NA,0.910843273419277,0.894882969930619,0.789142831518436,0.305370611040222,NA,NA,"future",0.694629388959778,-0.305370611040222,0,31,"Q1"
"8661",8661,"OklahomaVanderbilt2-7",2026-02-07,"conf","Oklahoma","Vanderbilt","SEC","SEC","A",NA,NA,0.671721774627647,0.960919519146125,0.789142831518436,0.132101847871506,NA,NA,"future",0.867898152128494,-0.132101847871506,0,16,"Q1"
"8662",8662,"Florida Gulf CoastBellarmine2-7",2026-02-07,"conf","Florida Gulf Coast","Bellarmine","ASun","ASun","A",NA,NA,0.308404183016962,0.246363301451693,0.789142831518436,0.919669832563784,NA,NA,"future",0.080330167436216,-0.919669832563784,0,291,"Q4"
"8663",8663,"LongwoodWinthrop2-7",2026-02-07,"conf","Longwood","Winthrop","BSth","BSth","A",NA,NA,0.192892523448795,0.589293391463423,0.789142831518436,0.72286571295832,NA,NA,"future",0.27713428704168,-0.72286571295832,0,130,"Q2"
"8664",8664,"Gardner WebbPresbyterian2-7",2026-02-07,"conf","Gardner Webb","Presbyterian","BSth","BSth","A",NA,NA,0.031054600359691,0.33833969804482,0.789142831518436,0.879792664762907,NA,NA,"future",0.120207335237093,-0.879792664762907,0,258,"Q4"
"8665",8665,"Arizona St.Colorado2-7",2026-02-07,"conf","Arizona St.","Colorado","B12","B12","A",NA,NA,0.630271822278081,0.772290823716488,0.789142831518436,0.524598733389019,NA,NA,"future",0.475401266610981,-0.524598733389019,0,78,"Q2"
"8666",8666,"CornellColumbia2-7",2026-02-07,"conf","Cornell","Columbia","Ivy","Ivy","A",NA,NA,0.377743777487108,0.567588970085062,0.789142831518436,0.740341726214311,NA,NA,"future",0.259658273785689,-0.740341726214311,0,151,"Q3"
"8667",8667,"ArkansasMississippi St.2-7",2026-02-07,"conf","Arkansas","Mississippi St.","SEC","SEC","A",NA,NA,0.899851369198693,0.769828564240354,0.789142831518436,0.528076163539221,NA,NA,"future",0.471923836460779,-0.528076163539221,0,99,"Q2"
"8668",8668,"StonehillLIU2-7",2026-02-07,"conf","Stonehill","LIU","NEC","NEC","A",NA,NA,0.0863616106872418,0.478872202881425,0.789142831518436,0.802869762385744,NA,NA,"future",0.197130237614256,-0.802869762385744,0,201,"Q3"
"8669",8669,"RichmondRhode Island2-7",2026-02-07,"conf","Richmond","Rhode Island","A10","A10","A",NA,NA,0.505311078308384,0.656655293009964,0.789142831518436,0.661803604151082,NA,NA,"future",0.338196395848918,-0.661803604151082,0,133,"Q2"
"8670",8670,"Western CarolinaWofford2-7",2026-02-07,"conf","Western Carolina","Wofford","SC","SC","A",NA,NA,0.189337564487005,0.427054957226168,0.789142831518436,0.833916616644165,NA,NA,"future",0.166083383355835,-0.833916616644165,0,225,"Q3"
"8671",8671,"Western MichiganTexas St.2-7",2026-02-07,"nc","Western Michigan","Texas St.","MAC","SB","A",NA,NA,0.256976620663072,0.382567816926111,0.789142831518436,0.857957670648498,NA,NA,"future",0.142042329351502,-0.857957670648498,0,265,"Q4"
"8672",8672,"MissouriSouth Carolina2-7",2026-02-07,"conf","Missouri","South Carolina","SEC","SEC","A",NA,NA,0.730398132959743,0.817726977948728,0.789142831518436,0.454809537531623,NA,NA,"future",0.545190462468377,-0.454809537531623,0,85,"Q2"
"8673",8673,"San Diego St.Air Force2-7",2026-02-07,"conf","San Diego St.","Air Force","MWC","MWC","A",NA,NA,0.806407529368549,0.183685442633759,0.789142831518436,0.943285622791657,NA,NA,"future",0.0567143772083434,-0.943285622791657,0,336,"Q4"
"8674",8674,"Chicago St.New Haven2-7",2026-02-07,"conf","Chicago St.","New Haven","NEC","NEC","A",NA,NA,0.0739186417080468,0.189489062413694,0.789142831518436,0.941204763963868,NA,NA,"future",0.0587952360361323,-0.941204763963868,0,326,"Q4"
"8675",8675,"BuffaloSouth Alabama2-7",2026-02-07,"nc","Buffalo","South Alabama","MAC","SB","A",NA,NA,0.387632809783295,0.456678516291553,0.789142831518436,0.816601206226327,NA,NA,"future",0.183398793773673,-0.816601206226327,0,197,"Q3"
"8676",8676,"Delaware St.Coppin St.2-7",2026-02-07,"conf","Delaware St.","Coppin St.","MEAC","MEAC","A",NA,NA,0.0497573037483458,0.0483363016192594,0.789142831518436,0.986610377031088,NA,NA,"future",0.0133896229689121,-0.986610377031088,0,364,"Q4"
"8677",8677,"MercerSamford2-7",2026-02-07,"conf","Mercer","Samford","SC","SC","A",NA,NA,0.497972452629038,0.283895640638759,0.789142831518436,0.904217121017145,NA,NA,"future",0.0957828789828551,-0.904217121017145,0,269,"Q4"
"8678",8678,"Northern ColoradoIdaho St.2-7",2026-02-07,"conf","Northern Colorado","Idaho St.","BSky","BSky","A",NA,NA,0.441176952284647,0.482382067045718,0.789142831518436,0.800634908501729,NA,NA,"future",0.199365091498271,-0.800634908501729,0,174,"Q3"
"8679",8679,"WagnerCentral Connecticut2-7",2026-02-07,"conf","Wagner","Central Connecticut","NEC","NEC","A",NA,NA,0.136887136003035,0.302144565079282,0.789142831518436,0.896309263138175,NA,NA,"future",0.103690736861825,-0.896309263138175,0,247,"Q4"
"8680",8680,"Robert MorrisYoungstown St.2-7",2026-02-07,"conf","Robert Morris","Youngstown St.","Horz","Horz","A",NA,NA,0.360345110834765,0.546812666972655,0.789142831518436,0.756201472941003,NA,NA,"future",0.243798527058997,-0.756201472941003,0,221,"Q3"
"8681",8681,"FIUWestern Kentucky2-7",2026-02-07,"conf","FIU","Western Kentucky","CUSA","CUSA","A",NA,NA,0.408547275216062,0.539993818540962,0.789142831518436,0.761232506402088,NA,NA,"future",0.238767493597912,-0.761232506402088,0,167,"Q3"
"8682",8682,"MaristFairfield2-7",2026-02-07,"conf","Marist","Fairfield","MAAC","MAAC","A",NA,NA,0.444102896546951,0.35586849615359,0.789142831518436,0.871367911823899,NA,NA,"future",0.128632088176101,-0.871367911823899,0,248,"Q4"
"8683",8683,"North FloridaQueens2-7",2026-02-07,"conf","North Florida","Queens","ASun","ASun","A",NA,NA,0.130909333469256,0.515663678728228,0.789142831518436,0.77852495592304,NA,NA,"future",0.22147504407696,-0.77852495592304,0,183,"Q3"
"8684",8684,"TowsonHofstra2-7",2026-02-07,"conf","Towson","Hofstra","CAA","CAA","A",NA,NA,0.35134538872408,0.699970786275648,0.789142831518436,0.616000755318418,NA,NA,"future",0.383999244681582,-0.616000755318418,0,106,"Q2"
"8685",8685,"Northern ArizonaWeber St.2-7",2026-02-07,"conf","Northern Arizona","Weber St.","BSky","BSky","A",NA,NA,0.144289047802944,0.519652525465715,0.789142831518436,0.775758164330446,NA,NA,"future",0.224241835669554,-0.775758164330446,0,190,"Q3"
"8686",8686,"RadfordHigh Point2-7",2026-02-07,"conf","Radford","High Point","BSth","BSth","A",NA,NA,0.229310238486478,0.756790844012223,0.789142831518436,0.546019695713936,NA,NA,"future",0.453980304286064,-0.546019695713936,0,90,"Q2"
"8687",8687,"North Carolina CentralNorfolk St.2-7",2026-02-07,"conf","North Carolina Central","Norfolk St.","MEAC","MEAC","A",NA,NA,0.082756424692227,0.214099252585284,0.789142831518436,0.932147647195999,NA,NA,"future",0.0678523528040014,-0.932147647195999,0,303,"Q4"
"8688",8688,"Houston ChristianSoutheastern Louisiana2-7",2026-02-07,"conf","Houston Christian","Southeastern Louisiana","Slnd","Slnd","A",NA,NA,0.166904500846973,0.33709012828235,0.789142831518436,0.880382261833675,NA,NA,"future",0.119617738166325,-0.880382261833675,0,288,"Q4"
"8689",8689,"Western IllinoisTennessee St.2-7",2026-02-07,"conf","Western Illinois","Tennessee St.","OVC","OVC","A",NA,NA,0.0596043465683944,0.338648005350723,0.789142831518436,0.87964697213628,NA,NA,"future",0.120353027863719,-0.87964697213628,0,229,"Q3"
"8690",8690,"South Carolina St.Howard2-7",2026-02-07,"conf","South Carolina St.","Howard","MEAC","MEAC","A",NA,NA,0.0507325033248179,0.366972280657132,0.789142831518436,0.865878007408998,NA,NA,"future",0.134121992591002,-0.865878007408998,0,252,"Q4"
"8691",8691,"Oral RobertsSt. Thomas2-7",2026-02-07,"conf","Oral Roberts","St. Thomas","Sum","Sum","A",NA,NA,0.14650394031066,0.711266776860035,0.789142831518436,0.603057697731894,NA,NA,"future",0.396942302268106,-0.603057697731894,0,116,"Q2"
"8692",8692,"Prairie View A&MBethune Cookman2-7",2026-02-07,"conf","Prairie View A&M","Bethune Cookman","SWAC","SWAC","A",NA,NA,0.172466558867004,0.390499707456399,0.789142831518436,0.853832094366351,NA,NA,"future",0.146167905633649,-0.853832094366351,0,268,"Q4"
"8693",8693,"UC San DiegoHawaii2-7",2026-02-07,"conf","UC San Diego","Hawaii","BW","BW","A",NA,NA,0.591942410772934,0.782563869210565,0.789142831518436,0.50977274777129,NA,NA,"future",0.49022725222871,-0.50977274777129,0,97,"Q2"
"8694",8694,"NortheasternStony Brook2-7",2026-02-07,"conf","Northeastern","Stony Brook","CAA","CAA","A",NA,NA,0.250737593781546,0.460531374139957,0.789142831518436,0.814265765425597,NA,NA,"future",0.185734234574403,-0.814265765425597,0,234,"Q3"
"8695",8695,"AkronTroy2-7",2026-02-07,"nc","Akron","Troy","MAC","SB","A",NA,NA,0.745581397618812,0.719734730060241,0.789142831518436,0.593057675690047,NA,NA,"future",0.406942324309953,-0.593057675690047,0,103,"Q2"
"8696",8696,"Tarleton St.Southern Utah2-7",2026-02-07,"conf","Tarleton St.","Southern Utah","WAC","WAC","A",NA,NA,0.400519815714214,0.331760954622987,0.789142831518436,0.882880763427249,NA,NA,"future",0.117119236572751,-0.882880763427249,0,294,"Q4"
"8697",8697,"Kansas St.TCU2-7",2026-02-07,"conf","Kansas St.","TCU","B12","B12","A",NA,NA,0.660770736289095,0.865296099885822,0.789142831518436,0.368134924888612,NA,NA,"future",0.631865075111388,-0.368134924888612,0,46,"Q1"
"8698",8698,"VillanovaGeorgetown2-7",2026-02-07,"conf","Villanova","Georgetown","BE","BE","A",NA,NA,0.84811313237523,0.736066932523059,0.789142831518436,0.573009575192196,NA,NA,"future",0.426990424807804,-0.573009575192196,0,118,"Q2"
"8699",8699,"NebraskaRutgers2-7",2026-02-07,"conf","Nebraska","Rutgers","B10","B10","A",NA,NA,0.926689461842875,0.593817364755892,0.789142831518436,0.719099142122945,NA,NA,"future",0.280900857877055,-0.719099142122945,0,153,"Q3"
"8700",8700,"MaineBryant2-7",2026-02-07,"conf","Maine","Bryant","AE","AE","A",NA,NA,0.0653376419463159,0.125026481328206,0.789142831518436,0.963223783162156,NA,NA,"future",0.0367762168378437,-0.963223783162156,0,345,"Q4"
"8701",8701,"UC RiversideCal St. Northridge2-7",2026-02-07,"conf","UC Riverside","Cal St. Northridge","BW","BW","A",NA,NA,0.201552689174799,0.543814122124777,0.789142831518436,0.758424134649901,NA,NA,"future",0.241575865350099,-0.758424134649901,0,209,"Q3"
"8702",8702,"JacksonvilleWest Georgia2-7",2026-02-07,"conf","Jacksonville","West Georgia","ASun","ASun","A",NA,NA,0.161966016954007,0.213011210585839,0.789142831518436,0.932556250535378,NA,NA,"future",0.0674437494646216,-0.932556250535378,0,322,"Q4"
"8703",8703,"Loyola MDBoston University2-7",2026-02-07,"conf","Loyola MD","Boston University","Pat","Pat","A",NA,NA,0.0922603677365822,0.285090150805246,0.789142831518436,0.903707677893,NA,NA,"future",0.0962923221069998,-0.903707677893,0,292,"Q4"
"8704",8704,"AmericanNavy2-7",2026-02-07,"conf","American","Navy","Pat","Pat","A",NA,NA,0.351681313504199,0.465453988539404,0.789142831518436,0.811252761824176,NA,NA,"future",0.188747238175824,-0.811252761824176,0,193,"Q3"
"8705",8705,"New HampshireVermont2-7",2026-02-07,"conf","New Hampshire","Vermont","AE","AE","A",NA,NA,0.179474847733072,0.446282341818913,0.789142831518436,0.822805153276422,NA,NA,"future",0.177194846723578,-0.822805153276422,0,207,"Q3"
"8706",8706,"BinghamtonNJIT2-7",2026-02-07,"conf","Binghamton","NJIT","AE","AE","A",NA,NA,0.0455455848513069,0.187927329168802,0.789142831518436,0.941766734177816,NA,NA,"future",0.0582332658221836,-0.941766734177816,0,332,"Q4"
"8707",8707,"Texas SouthernFlorida A&M2-7",2026-02-07,"conf","Texas Southern","Florida A&M","SWAC","SWAC","A",NA,NA,0.127997519309955,0.313122465804659,0.789142831518436,0.89141995383216,NA,NA,"future",0.10858004616784,-0.89141995383216,0,307,"Q4"
"8708",8708,"ColgateBucknell2-7",2026-02-07,"conf","Colgate","Bucknell","Pat","Pat","A",NA,NA,0.363069644263239,0.217206619977822,0.789142831518436,0.930976439518599,NA,NA,"future",0.0690235604814007,-0.930976439518599,0,333,"Q4"
"8709",8709,"WashingtonUCLA2-7",2026-02-07,"conf","Washington","UCLA","B10","B10","A",NA,NA,0.749226742667862,0.883383237146971,0.789142831518436,0.330682521038581,NA,NA,"future",0.669317478961419,-0.330682521038581,0,40,"Q1"
"8710",8710,"Detroit MercyGreen Bay2-7",2026-02-07,"conf","Detroit Mercy","Green Bay","Horz","Horz","A",NA,NA,0.268076298487336,0.503482144436143,0.789142831518436,0.786815794214538,NA,NA,"future",0.213184205785462,-0.786815794214538,0,230,"Q3"
"8711",8711,"Nebraska OmahaNorth Dakota St.2-7",2026-02-07,"conf","Nebraska Omaha","North Dakota St.","Sum","Sum","A",NA,NA,0.245482919288472,0.678074728815918,0.789142831518436,0.639876531050688,NA,NA,"future",0.360123468949312,-0.639876531050688,0,132,"Q2"
"8712",8712,"MerrimackRider2-7",2026-02-07,"conf","Merrimack","Rider","MAAC","MAAC","A",NA,NA,0.339779292896384,0.124145130175934,0.789142831518436,0.963508975356504,NA,NA,"future",0.0364910246434962,-0.963508975356504,0,357,"Q4"
"8713",8713,"PacificPepperdine2-7",2026-02-07,"conf","Pacific","Pepperdine","WCC","WCC","A",NA,NA,0.522643024911776,0.346226240798316,0.789142831518436,0.876038094973127,NA,NA,"future",0.123961905026873,-0.876038094973127,0,267,"Q4"
"8714",8714,"BaylorIowa St.2-7",2026-02-07,"conf","Baylor","Iowa St.","B12","B12","A",NA,NA,0.740905781509242,0.963201567205515,0.789142831518436,0.125095084414269,NA,NA,"future",0.874904915585731,-0.125095084414269,0,6,"Q1"
"8715",8715,"HarvardDartmouth2-7",2026-02-07,"conf","Harvard","Dartmouth","Ivy","Ivy","A",NA,NA,0.3540000459956,0.465558838117583,0.789142831518436,0.811188227275576,NA,NA,"future",0.188811772724424,-0.811188227275576,0,222,"Q3"
"8716",8716,"Bowling GreenArkansas St.2-7",2026-02-07,"nc","Bowling Green","Arkansas St.","MAC","SB","A",NA,NA,0.571728621824331,0.643792601240604,0.789142831518436,0.674344903439392,NA,NA,"future",0.325655096560608,-0.674344903439392,0,141,"Q3"
"8717",8717,"SIU EdwardsvilleLittle Rock2-7",2026-02-07,"conf","SIU Edwardsville","Little Rock","OVC","OVC","A",NA,NA,0.222517010562244,0.216987170533557,0.789142831518436,0.931059361043289,NA,NA,"future",0.0689406389567112,-0.931059361043289,0,302,"Q4"
"8718",8718,"Abilene ChristianCal Baptist2-7",2026-02-07,"conf","Abilene Christian","Cal Baptist","WAC","WAC","A",NA,NA,0.25561463996283,0.691435207905624,0.789142831518436,0.625492790676781,NA,NA,"future",0.374507209323219,-0.625492790676781,0,120,"Q2"
"8719",8719,"ButlerMarquette2-7",2026-02-07,"conf","Butler","Marquette","BE","BE","A",NA,NA,0.761292597156938,0.679338014949704,0.789142831518436,0.638540499954744,NA,NA,"future",0.361459500045256,-0.638540499954744,0,142,"Q3"
"8720",8720,"UT Rio Grande ValleyNew Orleans2-7",2026-02-07,"conf","UT Rio Grande Valley","New Orleans","Slnd","Slnd","A",NA,NA,0.397957356960562,0.48536423289852,0.789142831518436,0.798722038499175,NA,NA,"future",0.201277961500825,-0.798722038499175,0,231,"Q3"
"8721",8721,"Portland St.Sacramento St.2-7",2026-02-07,"conf","Portland St.","Sacramento St.","BSky","BSky","A",NA,NA,0.428876901216264,0.304984656110273,0.789142831518436,0.895054064928712,NA,NA,"future",0.104945935071288,-0.895054064928712,0,279,"Q4"
"8722",8722,"Fresno St.Nevada2-7",2026-02-07,"conf","Fresno St.","Nevada","MWC","MWC","A",NA,NA,0.481922792123584,0.843851415463164,0.789142831518436,0.409168925081937,NA,NA,"future",0.590831074918063,-0.409168925081937,0,65,"Q1"
"8723",8723,"Saint FrancisLe Moyne2-7",2026-02-07,"conf","Saint Francis","Le Moyne","NEC","NEC","A",NA,NA,0.0661980827384546,0.367582572503491,0.789142831518436,0.865572723413798,NA,NA,"future",0.134427276586202,-0.865572723413798,0,263,"Q4"
"8724",8724,"Virginia TechN.C. State2-7",2026-02-07,"conf","Virginia Tech","N.C. State","ACC","ACC","A",NA,NA,0.754253091747402,0.928506150979041,0.789142831518436,0.223705894573487,NA,NA,"future",0.776294105426513,-0.223705894573487,0,29,"Q1"
"8725",8725,"Purdue Fort WayneWright St.2-7",2026-02-07,"conf","Purdue Fort Wayne","Wright St.","Horz","Horz","A",NA,NA,0.292872856878609,0.717548418206008,0.789142831518436,0.595664611268505,NA,NA,"future",0.404335388731495,-0.595664611268505,0,136,"Q3"
"8726",8726,"UT ArlingtonUtah Valley2-7",2026-02-07,"conf","UT Arlington","Utah Valley","WAC","WAC","A",NA,NA,0.429835729480134,0.786139268528895,0.789142831518436,0.50448923133059,NA,NA,"future",0.49551076866941,-0.50448923133059,0,96,"Q2"
"8727",8727,"South DakotaSouth Dakota St.2-7",2026-02-07,"conf","South Dakota","South Dakota St.","Sum","Sum","A",NA,NA,0.214647067407385,0.53567472683946,0.789142831518436,0.764376370522328,NA,NA,"future",0.235623629477672,-0.764376370522328,0,180,"Q3"
"8728",8728,"Sam Houston St.Louisiana Tech2-7",2026-02-07,"conf","Sam Houston St.","Louisiana Tech","CUSA","CUSA","A",NA,NA,0.562519903891757,0.333416655235645,0.789142831518436,0.882107278744537,NA,NA,"future",0.117892721255463,-0.882107278744537,0,264,"Q4"
"8729",8729,"Miami FLBoston College2-7",2026-02-07,"conf","Miami FL","Boston College","ACC","ACC","A",NA,NA,0.797942523828166,0.611273164360049,0.789142831518436,0.704141763062635,NA,NA,"future",0.295858236937365,-0.704141763062635,0,157,"Q3"
"8730",8730,"Alabama St.Grambling St.2-7",2026-02-07,"conf","Alabama St.","Grambling St.","SWAC","SWAC","A",NA,NA,0.161273195651384,0.36719319961836,0.789142831518436,0.865767541088024,NA,NA,"future",0.134232458911976,-0.865767541088024,0,266,"Q4"
"8731",8731,"MercyhurstFairleigh Dickinson2-7",2026-02-07,"conf","Mercyhurst","Fairleigh Dickinson","NEC","NEC","A",NA,NA,0.197715059489074,0.183963005479034,0.789142831518436,0.943186569817656,NA,NA,"future",0.0568134301823435,-0.943186569817656,0,339,"Q4"
"8732",8732,"MassachusettsCoastal Carolina2-7",2026-02-07,"nc","Massachusetts","Coastal Carolina","MAC","SB","A",NA,NA,0.413278035203541,0.391019597898515,0.789142831518436,0.853559338847739,NA,NA,"future",0.146440661152261,-0.853559338847739,0,235,"Q3"
"8733",8733,"Kent St.Southern Miss2-7",2026-02-07,"nc","Kent St.","Southern Miss","MAC","SB","A",NA,NA,0.481287807626764,0.436163066612626,0.789142831518436,0.828710427563868,NA,NA,"future",0.171289572436132,-0.828710427563868,0,236,"Q3"
"8734",8734,"OregonPurdue2-7",2026-02-07,"conf","Oregon","Purdue","B10","B10","A",NA,NA,0.695409733355037,0.968858276411217,0.789142831518436,0.107378422298164,NA,NA,"future",0.892621577701836,-0.107378422298164,0,5,"Q1"
"8735",8735,"Grand CanyonUNLV2-7",2026-02-07,"conf","Grand Canyon","UNLV","MWC","MWC","A",NA,NA,0.739302448616464,0.708634239033289,0.789142831518436,0.606113922037165,NA,NA,"future",0.393886077962835,-0.606113922037165,0,127,"Q2"
"8736",8736,"Mount St. Mary'sIona2-7",2026-02-07,"conf","Mount St. Mary's","Iona","MAAC","MAAC","A",NA,NA,0.171353269912124,0.437173937533644,0.789142831518436,0.828126310189698,NA,NA,"future",0.171873689810302,-0.828126310189698,0,218,"Q3"
"8737",8737,"LafayetteArmy2-7",2026-02-07,"conf","Lafayette","Army","Pat","Pat","A",NA,NA,0.147463233359836,0.208126264319721,0.789142831518436,0.934381268827168,NA,NA,"future",0.0656187311728325,-0.934381268827168,0,320,"Q4"
"8738",8738,"Oklahoma St.Arizona2-7",2026-02-07,"conf","Oklahoma St.","Arizona","B12","B12","A",NA,NA,0.704302099365832,0.977752465301565,0.789142831518436,0.0784743366007909,NA,NA,"future",0.921525663399209,-0.0784743366007909,0,3,"Q1"
"8739",8739,"Middle TennesseeDelaware2-7",2026-02-07,"conf","Middle Tennessee","Delaware","CUSA","CUSA","A",NA,NA,0.617437484215807,0.290475626387562,0.789142831518436,0.901396772388435,NA,NA,"future",0.0986032276115646,-0.901396772388435,0,300,"Q4"
"8740",8740,"IllinoisMichigan St.2-7",2026-02-07,"conf","Illinois","Michigan St.","B10","B10","A",NA,NA,0.944572611131982,0.96316998011938,0.789142831518436,0.125192612565118,NA,NA,"future",0.874807387434882,-0.125192612565118,0,11,"Q1"
"8741",8741,"CampbellNorth Carolina A&T2-7",2026-02-07,"conf","Campbell","North Carolina A&T","CAA","CAA","A",NA,NA,0.327073956545687,0.276662006999724,0.789142831518436,0.907278273097433,NA,NA,"future",0.0927217269025665,-0.907278273097433,0,270,"Q4"
"8742",8742,"Jackson St.Mississippi Valley St.2-7",2026-02-07,"conf","Jackson St.","Mississippi Valley St.","SWAC","SWAC","A",NA,NA,0.118376704856031,0.0374143704241414,0.789142831518436,0.989721146603053,NA,NA,"future",0.0102788533969466,-0.989721146603053,0,365,"Q4"
"8743",8743,"UMass LowellAlbany2-7",2026-02-07,"conf","UMass Lowell","Albany","AE","AE","A",NA,NA,0.165007692678497,0.305119018679747,0.789142831518436,0.894994515735722,NA,NA,"future",0.105005484264278,-0.894994515735722,0,309,"Q4"
"8744",8744,"MilwaukeeNorthern Kentucky2-7",2026-02-07,"conf","Milwaukee","Northern Kentucky","Horz","Horz","A",NA,NA,0.247415137782907,0.56588651357836,0.789142831518436,0.741672343161317,NA,NA,"future",0.258327656838683,-0.741672343161317,0,177,"Q3"
"8745",8745,"AlabamaAuburn2-7",2026-02-07,"conf","Alabama","Auburn","SEC","SEC","A",NA,NA,0.916668476253729,0.914477539067104,0.789142831518436,0.259262066114196,NA,NA,"future",0.740737933885804,-0.259262066114196,0,34,"Q1"
"8746",8746,"La SalleSaint Louis2-7",2026-02-07,"conf","La Salle","Saint Louis","A10","A10","A",NA,NA,0.347282363436385,0.934398970437872,0.789142831518436,0.20807868025584,NA,NA,"future",0.79192131974416,-0.20807868025584,0,22,"Q1"
"8747",8747,"Missouri St.Liberty2-7",2026-02-07,"conf","Missouri St.","Liberty","CUSA","CUSA","A",NA,NA,0.459710378911034,0.754201371304044,0.789142831518436,0.549492294681649,NA,NA,"future",0.450507705318351,-0.549492294681649,0,84,"Q2"
"8748",8748,"Cleveland St.IU Indy2-7",2026-02-07,"conf","Cleveland St.","IU Indy","Horz","Horz","A",NA,NA,0.170841144385821,0.293111925980727,0.789142831518436,0.900257068363485,NA,NA,"future",0.0997429316365148,-0.900257068363485,0,310,"Q4"
"8749",8749,"Saint Joseph'sGeorge Mason2-7",2026-02-07,"conf","Saint Joseph's","George Mason","A10","A10","A",NA,NA,0.441375051805727,0.758834600748699,0.789142831518436,0.543257964252141,NA,NA,"future",0.456742035747859,-0.543257964252141,0,63,"Q1"
"8750",8750,"Florida St.Notre Dame2-7",2026-02-07,"conf","Florida St.","Notre Dame","ACC","ACC","A",NA,NA,0.567618274698031,0.775906977662226,0.789142831518436,0.519438937310661,NA,NA,"future",0.480561062689339,-0.519438937310661,0,81,"Q2"
"8751",8751,"Kennesaw St.Jacksonville St.2-7",2026-02-07,"conf","Kennesaw St.","Jacksonville St.","CUSA","CUSA","A",NA,NA,0.417773718358861,0.444551537137328,0.789142831518436,0.823824402356089,NA,NA,"future",0.176175597643911,-0.823824402356089,0,245,"Q4"
"8752",8752,"Eastern MichiganAppalachian St.2-7",2026-02-07,"nc","Eastern Michigan","Appalachian St.","MAC","SB","A",NA,NA,0.375757933331981,0.475354481792086,0.789142831518436,0.805091918259702,NA,NA,"future",0.194908081740298,-0.805091918259702,0,212,"Q3"
"8753",8753,"Seton HallCreighton2-7",2026-02-07,"conf","Seton Hall","Creighton","BE","BE","A",NA,NA,0.784391079417502,0.853766094479856,0.789142831518436,0.390625558612227,NA,NA,"future",0.609374441387773,-0.390625558612227,0,58,"Q1"
"8754",8754,"PrincetonPenn2-7",2026-02-07,"conf","Princeton","Penn","Ivy","Ivy","A",NA,NA,0.302269000525834,0.554637837343646,0.789142831518436,0.750323581088423,NA,NA,"future",0.249676418911577,-0.750323581088423,0,178,"Q3"
"8755",8755,"ClemsonCalifornia2-7",2026-02-07,"conf","Clemson","California","ACC","ACC","A",NA,NA,0.887421585948118,0.828977030903702,0.789142831518436,0.435700951290163,NA,NA,"future",0.564299048709837,-0.435700951290163,0,60,"Q1"
"8756",8756,"Utah St.Wyoming2-7",2026-02-07,"conf","Utah St.","Wyoming","MWC","MWC","A",NA,NA,0.849238029418344,0.76314542480965,0.789142831518436,0.53737119837597,NA,NA,"future",0.46262880162403,-0.53737119837597,0,100,"Q2"
"8757",8757,"Alabama A&MSouthern2-7",2026-02-07,"conf","Alabama A&M","Southern","SWAC","SWAC","A",NA,NA,0.159091874905061,0.408192260035411,0.789142831518436,0.844383205258941,NA,NA,"future",0.155616794741059,-0.844383205258941,0,278,"Q4"
"8758",8758,"North AlabamaAustin Peay2-7",2026-02-07,"conf","North Alabama","Austin Peay","ASun","ASun","A",NA,NA,0.0884777145660335,0.626176067152334,0.789142831518436,0.690812314834955,NA,NA,"future",0.309187685165045,-0.690812314834955,0,149,"Q3"
"8759",8759,"The CitadelChattanooga2-7",2026-02-07,"conf","The Citadel","Chattanooga","SC","SC","A",NA,NA,0.0788521555269136,0.31417384513742,0.789142831518436,0.890946330891946,NA,NA,"future",0.109053669108054,-0.890946330891946,0,280,"Q4"
"8760",8760,"GonzagaOregon St.2-7",2026-02-07,"conf","Gonzaga","Oregon St.","WCC","WCC","A",NA,NA,0.937344159237918,0.48746862199899,0.789142831518436,0.797364378973173,NA,NA,"future",0.202635621026827,-0.797364378973173,0,213,"Q3"
"8761",8761,"Eastern WashingtonMontana St.2-7",2026-02-07,"conf","Eastern Washington","Montana St.","BSky","BSky","A",NA,NA,0.310791476526984,0.671913057281984,0.789142831518436,0.64632316760184,NA,NA,"future",0.35367683239816,-0.64632316760184,0,134,"Q2"
"8762",8762,"IdahoMontana2-7",2026-02-07,"conf","Idaho","Montana","BSky","BSky","A",NA,NA,0.431116462873849,0.633343943366853,0.789142831518436,0.68420773286188,NA,NA,"future",0.31579226713812,-0.68420773286188,0,163,"Q3"
"8763",8763,"Cal St. BakersfieldCal St. Fullerton2-7",2026-02-07,"conf","Cal St. Bakersfield","Cal St. Fullerton","BW","BW","A",NA,NA,0.159533932612316,0.486141474245039,0.789142831518436,0.798221354022513,NA,NA,"future",0.201778645977487,-0.798221354022513,0,200,"Q3"
"8764",8764,"Georgia TechStanford2-7",2026-02-07,"conf","Georgia Tech","Stanford","ACC","ACC","A",NA,NA,0.493378438439407,0.825268926203313,0.789142831518436,0.442087360782368,NA,NA,"future",0.557912639217632,-0.442087360782368,0,68,"Q1"
"8765",8765,"HoustonBYU2-7",2026-02-07,"conf","Houston","BYU","B12","B12","A",NA,NA,0.960500923846367,0.943249231571529,0.789142831518436,0.183787432026584,NA,NA,"future",0.816212567973416,-0.183787432026584,0,12,"Q1"
"8766",8766,"DukeNorth Carolina2-7",2026-02-07,"conf","Duke","North Carolina","ACC","ACC","A",NA,NA,0.939287290689777,0.914942599410585,0.789142831518436,0.258118902076419,NA,NA,"future",0.741881097923581,-0.258118902076419,0,27,"Q1"
"8767",8767,"Central MichiganLouisiana2-7",2026-02-07,"nc","Central Michigan","Louisiana","MAC","SB","A",NA,NA,0.143586134959525,0.233108569263396,0.789142831518436,0.924882092909863,NA,NA,"future",0.0751179070901371,-0.924882092909863,0,334,"Q4"
"8768",8768,"UC IrvineUC Santa Barbara2-7",2026-02-07,"conf","UC Irvine","UC Santa Barbara","BW","BW","A",NA,NA,0.570843061730183,0.641009132198243,0.789142831518436,0.677000142650276,NA,NA,"future",0.322999857349724,-0.677000142650276,0,145,"Q3"
"8769",8769,"DrexelElon2-7",2026-02-07,"conf","Drexel","Elon","CAA","CAA","A",NA,NA,0.350598890322103,0.576866467930946,0.789142831518436,0.732989491121582,NA,NA,"future",0.267010508878418,-0.732989491121582,0,168,"Q3"
"8770",8770,"SeattlePortland2-7",2026-02-07,"conf","Seattle","Portland","WCC","WCC","A",NA,NA,0.605972048235407,0.553963766133518,0.789142831518436,0.750834377479532,NA,NA,"future",0.249165622520468,-0.750834377479532,0,215,"Q3"
"8771",8771,"FloridaTexas A&M2-7",2026-02-07,"conf","Florida","Texas A&M","SEC","SEC","A",NA,NA,0.940366182041113,0.915550420652576,0.789142831518436,0.256621248205328,NA,NA,"future",0.743378751794672,-0.256621248205328,0,41,"Q1"
"8772",8772,"OhioOld Dominion2-7",2026-02-07,"nc","Ohio","Old Dominion","MAC","SB","A",NA,NA,0.300680871365136,0.413664087476716,0.789142831518436,0.841389735962245,NA,NA,"future",0.158610264037755,-0.841389735962245,0,250,"Q4"
"8773",8773,"NiagaraQuinnipiac2-7",2026-02-07,"conf","Niagara","Quinnipiac","MAAC","MAAC","A",NA,NA,0.0710982537629475,0.56676972583644,0.789142831518436,0.740982745235832,NA,NA,"future",0.259017254764168,-0.740982745235832,0,184,"Q3"
"8774",8774,"St. BonaventureFordham2-7",2026-02-07,"conf","St. Bonaventure","Fordham","A10","A10","A",NA,NA,0.42887918075561,0.520630114053518,0.789142831518436,0.775076087478428,NA,NA,"future",0.224923912521572,-0.775076087478428,0,226,"Q3"
"8775",8775,"SyracuseVirginia2-7",2026-02-07,"conf","Syracuse","Virginia","ACC","ACC","A",NA,NA,0.733076983692956,0.96842400434267,0.789142831518436,0.108756479072216,NA,NA,"future",0.891243520927784,-0.108756479072216,0,13,"Q1"
"8776",8776,"DenverNorth Dakota2-7",2026-02-07,"conf","Denver","North Dakota","Sum","Sum","A",NA,NA,0.263838573314094,0.343317996272495,0.789142831518436,0.877429380407867,NA,NA,"future",0.122570619592133,-0.877429380407867,0,282,"Q4"
"8777",8777,"Northwestern St.East Texas A&M2-7",2026-02-07,"conf","Northwestern St.","East Texas A&M","Slnd","Slnd","A",NA,NA,0.172988629015108,0.343115860118082,0.789142831518436,0.877525786598482,NA,NA,"future",0.122474213401518,-0.877525786598482,0,277,"Q4"
"8778",8778,"William & MaryHampton2-7",2026-02-07,"conf","William & Mary","Hampton","CAA","CAA","A",NA,NA,0.532570409595156,0.35585106001734,0.789142831518436,0.871376437514081,NA,NA,"future",0.128623562485919,-0.871376437514081,0,238,"Q3"
"8779",8779,"StetsonEastern Kentucky2-7",2026-02-07,"conf","Stetson","Eastern Kentucky","ASun","ASun","A",NA,NA,0.131178587745499,0.353630994291055,0.789142831518436,0.872459573266937,NA,NA,"future",0.127540426733063,-0.872459573266937,0,262,"Q4"
"8780",8780,"New Mexico St.UTEP2-7",2026-02-07,"conf","New Mexico St.","UTEP","CUSA","CUSA","A",NA,NA,0.516577137332239,0.346704940492434,0.789142831518436,0.87580832614611,NA,NA,"future",0.12419167385389,-0.87580832614611,0,276,"Q4"
"8781",8781,"Eastern IllinoisTennessee Tech2-7",2026-02-07,"conf","Eastern Illinois","Tennessee Tech","OVC","OVC","A",NA,NA,0.152001874020281,0.15372993043803,0.789142831518436,0.953708845262442,NA,NA,"future",0.0462911547375577,-0.953708845262442,0,331,"Q4"
"8782",8782,"Miami OHMarshall2-7",2026-02-07,"nc","Miami OH","Marshall","MAC","SB","A",NA,NA,0.696611503750518,0.564591704093553,0.789142831518436,0.74268055731084,NA,NA,"future",0.25731944268916,-0.74268055731084,0,138,"Q3"
"8783",8783,"LouisvilleWake Forest2-7",2026-02-07,"conf","Louisville","Wake Forest","ACC","ACC","A",NA,NA,0.927853101372083,0.830188381602287,0.789142831518436,0.433595457149497,NA,NA,"future",0.566404542850503,-0.433595457149497,0,67,"Q1"
"8784",8784,"Cal PolyUC Davis2-7",2026-02-07,"conf","Cal Poly","UC Davis","BW","BW","A",NA,NA,0.22558726115521,0.569719928859357,0.789142831518436,0.738668165713469,NA,NA,"future",0.261331834286531,-0.738668165713469,0,176,"Q3"
"8785",8785,"Boise St.New Mexico2-7",2026-02-07,"conf","Boise St.","New Mexico","MWC","MWC","A",NA,NA,0.719435859842334,0.889177912187195,0.789142831518436,0.318080985198017,NA,NA,"future",0.681919014801983,-0.318080985198017,0,42,"Q1"
"8786",8786,"Morehead St.Tennessee Martin2-7",2026-02-07,"conf","Morehead St.","Tennessee Martin","OVC","OVC","A",NA,NA,0.163264947729151,0.371890241689694,0.789142831518436,0.863407239429369,NA,NA,"future",0.136592760570631,-0.863407239429369,0,187,"Q3"
"8787",8787,"Southern IndianaSoutheast Missouri St.2-7",2026-02-07,"conf","Southern Indiana","Southeast Missouri St.","OVC","OVC","A",NA,NA,0.0957595304080808,0.342914782088887,0.789142831518436,0.877621650282935,NA,NA,"future",0.122378349717065,-0.877621650282935,0,242,"Q4"
"8788",8788,"Texas A&M Corpus ChrisNicholls St.2-7",2026-02-07,"conf","Texas A&M Corpus Chris","Nicholls St.","Slnd","Slnd","A",NA,NA,0.415344559057257,0.447990911854504,0.789142831518436,0.821795222623473,NA,NA,"future",0.178204777376527,-0.821795222623473,0,214,"Q3"
"8789",8789,"Santa ClaraWashington St.2-7",2026-02-07,"conf","Santa Clara","Washington St.","WCC","WCC","A",NA,NA,0.832662968850565,0.640213899600399,0.789142831518436,0.67775499260287,NA,NA,"future",0.32224500739713,-0.67775499260287,0,156,"Q3"
"8790",8790,"MichiganOhio St.2-8",2026-02-08,"conf","Ohio St.","Michigan","B10","B10","H",NA,NA,0.895316100144004,0.976564220412699,0.87694452176131,0.146044441707653,NA,NA,"future",0.853955558292347,-0.146044441707653,0,1,"Q1"
"8791",8791,"UCFCincinnati2-8",2026-02-08,"conf","Cincinnati","UCF","B12","B12","H",NA,NA,0.873465038086542,0.77353273260516,0.87694452176131,0.675998096188303,NA,NA,"future",0.324001903811697,-0.675998096188303,0,39,"Q2"
"8792",8792,"RiceUAB2-8",2026-02-08,"conf","UAB","Rice","Amer","Amer","H",NA,NA,0.677896014710966,0.305946467034478,0.87694452176131,0.941747346673167,NA,NA,"future",0.0582526533268328,-0.941747346673167,0,253,"Q4"
"8793",8793,"MarylandMinnesota2-8",2026-02-08,"conf","Minnesota","Maryland","B10","B10","H",NA,NA,0.837995134981792,0.573049543206266,0.87694452176131,0.841509712207793,NA,NA,"future",0.158490287792207,-0.841509712207793,0,152,"Q3"
"8794",8794,"USCPenn St.2-8",2026-02-08,"conf","Penn St.","USC","B10","B10","H",NA,NA,0.644016964773121,0.749858766690896,0.87694452176131,0.703902122457448,NA,NA,"future",0.296097877542552,-0.703902122457448,0,56,"Q2"
"8795",8795,"TulsaSouth Florida2-8",2026-02-08,"conf","South Florida","Tulsa","Amer","Amer","H",NA,NA,0.827671121247399,0.756867007275388,0.87694452176131,0.695980430402939,NA,NA,"future",0.304019569597061,-0.695980430402939,0,47,"Q2"
"8796",8796,"Wichita St.Tulane2-8",2026-02-08,"conf","Tulane","Wichita St.","Amer","Amer","H",NA,NA,0.499347286934666,0.597783953153128,0.87694452176131,0.82743668853645,NA,NA,"future",0.17256331146355,-0.82743668853645,0,95,"Q3"
"8797",8797,"CharlotteMemphis2-8",2026-02-08,"conf","Memphis","Charlotte","Amer","Amer","H",NA,NA,0.777847739912943,0.408184823211502,0.87694452176131,0.911757290865428,NA,NA,"future",0.0882427091345716,-0.911757290865428,0,173,"Q4"
"8798",8798,"Texas TechWest Virginia2-8",2026-02-08,"conf","West Virginia","Texas Tech","B12","B12","H",NA,NA,0.87123425331909,0.914150403527372,0.87694452176131,0.400930435453587,NA,NA,"future",0.599069564546413,-0.400930435453587,0,17,"Q1"
"8799",8799,"UNC GreensboroFurman2-8",2026-02-08,"conf","Furman","UNC Greensboro","SC","SC","H",NA,NA,0.548536258475982,0.170845743130604,0.87694452176131,0.971899187342243,NA,NA,"future",0.0281008126577568,-0.971899187342243,0,295,"Q4"
"8800",8800,"NorthwesternIowa2-8",2026-02-08,"conf","Iowa","Northwestern","B10","B10","H",NA,NA,0.951016965997977,0.745990934106807,0.87694452176131,0.708160123263315,NA,NA,"future",0.291839876736685,-0.708160123263315,0,69,"Q2"
"8801",8801,"MichiganOhio St.2-8",2026-02-08,"conf","Michigan","Ohio St.","B10","B10","A",NA,NA,0.976564220412699,0.895316100144004,0.789142831518436,0.304393013328042,NA,NA,"future",0.695606986671958,-0.304393013328042,0,35,"Q1"
"8802",8802,"UCFCincinnati2-8",2026-02-08,"conf","UCF","Cincinnati","B12","B12","A",NA,NA,0.77353273260516,0.873465038086542,0.789142831518436,0.351561364376916,NA,NA,"future",0.648438635623084,-0.351561364376916,0,72,"Q1"
"8803",8803,"RiceUAB2-8",2026-02-08,"conf","Rice","UAB","Amer","Amer","A",NA,NA,0.305946467034478,0.677896014710966,0.789142831518436,0.640065139338454,NA,NA,"future",0.359934860661546,-0.640065139338454,0,122,"Q2"
"8804",8804,"MarylandMinnesota2-8",2026-02-08,"conf","Maryland","Minnesota","B10","B10","A",NA,NA,0.573049543206266,0.837995134981792,0.789142831518436,0.419793884137052,NA,NA,"future",0.580206115862948,-0.419793884137052,0,83,"Q2"
"8805",8805,"USCPenn St.2-8",2026-02-08,"conf","USC","Penn St.","B10","B10","A",NA,NA,0.749858766690896,0.644016964773121,0.789142831518436,0.674129982609513,NA,NA,"future",0.325870017390487,-0.674129982609513,0,131,"Q2"
"8806",8806,"TulsaSouth Florida2-8",2026-02-08,"conf","Tulsa","South Florida","Amer","Amer","A",NA,NA,0.756867007275388,0.827671121247399,0.789142831518436,0.437960160751415,NA,NA,"future",0.562039839248585,-0.437960160751415,0,66,"Q1"
"8807",8807,"Wichita St.Tulane2-8",2026-02-08,"conf","Wichita St.","Tulane","Amer","Amer","A",NA,NA,0.597783953153128,0.499347286934666,0.789142831518436,0.789576940282949,NA,NA,"future",0.210423059717051,-0.789576940282949,0,202,"Q3"
"8808",8808,"CharlotteMemphis2-8",2026-02-08,"conf","Charlotte","Memphis","Amer","Amer","A",NA,NA,0.408184823211502,0.777847739912943,0.789142831518436,0.516643488894951,NA,NA,"future",0.483356511105049,-0.516643488894951,0,112,"Q2"
"8809",8809,"Texas TechWest Virginia2-8",2026-02-08,"conf","Texas Tech","West Virginia","B12","B12","A",NA,NA,0.914150403527372,0.87123425331909,0.789142831518436,0.356141766264973,NA,NA,"future",0.643858233735027,-0.356141766264973,0,59,"Q1"
"8810",8810,"UNC GreensboroFurman2-8",2026-02-08,"conf","UNC Greensboro","Furman","SC","SC","A",NA,NA,0.170845743130604,0.548536258475982,0.789142831518436,0.754916473669213,NA,NA,"future",0.245083526330787,-0.754916473669213,0,189,"Q3"
"8811",8811,"NorthwesternIowa2-8",2026-02-08,"conf","Northwestern","Iowa","B10","B10","A",NA,NA,0.745990934106807,0.951016965997977,0.789142831518436,0.161610786773865,NA,NA,"future",0.838389213226135,-0.161610786773865,0,21,"Q1"
"8812",8812,"YaleHoward2-9",2026-02-09,"nc","Howard","Yale","MEAC","Ivy","H",NA,NA,0.366972280657132,0.697398462944221,0.87694452176131,0.755630003204374,NA,NA,"future",0.244369996795626,-0.755630003204374,0,61,"Q2"
"8813",8813,"Texas A&M Corpus ChrisNew Orleans2-9",2026-02-09,"conf","New Orleans","Texas A&M Corpus Chris","Slnd","Slnd","H",NA,NA,0.48536423289852,0.415344559057257,0.87694452176131,0.909349881209777,NA,NA,"future",0.0906501187902234,-0.909349881209777,0,181,"Q4"
"8814",8814,"OregonIndiana2-9",2026-02-09,"conf","Indiana","Oregon","B10","B10","H",NA,NA,0.929075305570624,0.695409733355037,0.87694452176131,0.757362731797896,NA,NA,"future",0.242637268202104,-0.757362731797896,0,104,"Q3"
"8815",8815,"Alcorn St.Mississippi Valley St.2-9",2026-02-09,"conf","Mississippi Valley St.","Alcorn St.","SWAC","SWAC","H",NA,NA,0.0374143704241414,0.0996439667646336,0.87694452176131,0.984707696986526,NA,NA,"future",0.0152923030134736,-0.984707696986526,0,351,"Q4"
"8816",8816,"N.C. StateLouisville2-9",2026-02-09,"conf","Louisville","N.C. State","ACC","ACC","H",NA,NA,0.960766906153242,0.872129903528318,0.87694452176131,0.510969471437763,NA,NA,"future",0.489030528562237,-0.510969471437763,0,29,"Q1"
"8817",8817,"ValparaisoDrake2-9",2026-02-09,"conf","Drake","Valparaiso","MVC","MVC","H",NA,NA,0.53888123509143,0.458749949196083,0.87694452176131,0.893707567155318,NA,NA,"future",0.106292432844682,-0.893707567155318,0,171,"Q4"
"8818",8818,"Northwestern St.Lamar2-9",2026-02-09,"conf","Lamar","Northwestern St.","Slnd","Slnd","H",NA,NA,0.437571853477538,0.172988629015108,0.87694452176131,0.971485151015013,NA,NA,"future",0.028514848984987,-0.971485151015013,0,306,"Q4"
"8819",8819,"Illinois St.Evansville2-9",2026-02-09,"conf","Evansville","Illinois St.","MVC","MVC","H",NA,NA,0.316297971986588,0.699786014575313,0.87694452176131,0.753530147840397,NA,NA,"future",0.246469852159603,-0.753530147840397,0,79,"Q3"
"8820",8820,"Prairie View A&MFlorida A&M2-9",2026-02-09,"conf","Florida A&M","Prairie View A&M","SWAC","SWAC","H",NA,NA,0.313122465804659,0.172466558867004,0.87694452176131,0.971586187483802,NA,NA,"future",0.0284138125161976,-0.971586187483802,0,296,"Q4"
"8821",8821,"XavierSt. John's2-9",2026-02-09,"conf","St. John's","Xavier","BE","BE","H",NA,NA,0.941505441293299,0.650772325033312,0.87694452176131,0.792715583981746,NA,NA,"future",0.207284416018254,-0.792715583981746,0,94,"Q3"
"8822",8822,"Southern IllinoisIndiana St.2-9",2026-02-09,"conf","Indiana St.","Southern Illinois","MVC","MVC","H",NA,NA,0.52112194682298,0.429692892721203,0.87694452176131,0.904383896749159,NA,NA,"future",0.0956161032508414,-0.904383896749159,0,143,"Q3"
"8823",8823,"Jackson St.Arkansas Pine Bluff2-9",2026-02-09,"conf","Arkansas Pine Bluff","Jackson St.","SWAC","SWAC","H",NA,NA,0.33673558307527,0.118376704856031,0.87694452176131,0.981507081310067,NA,NA,"future",0.0184929186899327,-0.981507081310067,0,347,"Q4"
"8824",8824,"Alabama St.Southern2-9",2026-02-09,"conf","Southern","Alabama St.","SWAC","SWAC","H",NA,NA,0.408192260035411,0.161273195651384,0.87694452176131,0.973727114931155,NA,NA,"future",0.026272885068845,-0.973727114931155,0,313,"Q4"
"8825",8825,"Northern IowaMurray St.2-9",2026-02-09,"conf","Murray St.","Northern Iowa","MVC","MVC","H",NA,NA,0.768671365816874,0.62119758035374,0.87694452176131,0.812931803778752,NA,NA,"future",0.187068196221248,-0.812931803778752,0,102,"Q3"
"8826",8826,"Alabama A&MGrambling St.2-9",2026-02-09,"conf","Grambling St.","Alabama A&M","SWAC","SWAC","H",NA,NA,0.36719319961836,0.159091874905061,0.87694452176131,0.974138773713817,NA,NA,"future",0.025861226286183,-0.974138773713817,0,308,"Q4"
"8827",8827,"East Texas A&MStephen F. Austin2-9",2026-02-09,"conf","Stephen F. Austin","East Texas A&M","Slnd","Slnd","H",NA,NA,0.815047683515057,0.215264103557443,0.87694452176131,0.962934186645948,NA,NA,"future",0.0370658133540517,-0.962934186645948,0,277,"Q4"
"8828",8828,"UNC WilmingtonCharleston2-9",2026-02-09,"conf","Charleston","UNC Wilmington","CAA","CAA","H",NA,NA,0.52079730801882,0.45266192968586,0.87694452176131,0.896016774005065,NA,NA,"future",0.103983225994935,-0.896016774005065,0,109,"Q3"
"8829",8829,"ArizonaKansas2-9",2026-02-09,"conf","Kansas","Arizona","B12","B12","H",NA,NA,0.958273819187545,0.958472429946254,0.87694452176131,0.235920885661496,NA,NA,"future",0.764079114338504,-0.235920885661496,0,3,"Q1"
"8830",8830,"Texas SouthernBethune Cookman2-9",2026-02-09,"conf","Bethune Cookman","Texas Southern","SWAC","SWAC","H",NA,NA,0.390499707456399,0.127997519309955,0.87694452176131,0.979818278787393,NA,NA,"future",0.0201817212126065,-0.979818278787393,0,348,"Q4"
"8831",8831,"BelmontBradley2-9",2026-02-09,"conf","Bradley","Belmont","MVC","MVC","H",NA,NA,0.630393603174275,0.686175756192134,0.87694452176131,0.76521878965505,NA,NA,"future",0.23478121034495,-0.76521878965505,0,64,"Q2"
"8832",8832,"Central ArkansasNorth Alabama2-9",2026-02-09,"conf","North Alabama","Central Arkansas","ASun","ASun","H",NA,NA,0.155996475577486,0.418552667589624,0.87694452176131,0.908256159397106,NA,NA,"future",0.0917438406028938,-0.908256159397106,0,206,"Q4"
"8833",8833,"Incarnate WordSoutheastern Louisiana2-9",2026-02-09,"conf","Southeastern Louisiana","Incarnate Word","Slnd","Slnd","H",NA,NA,0.33709012828235,0.261903553465073,0.87694452176131,0.95256990795582,NA,NA,"future",0.0474300920441801,-0.95256990795582,0,246,"Q4"
"8834",8834,"NavyBucknell2-9",2026-02-09,"conf","Bucknell","Navy","Pat","Pat","H",NA,NA,0.217206619977822,0.313792818654193,0.87694452176131,0.939701501811385,NA,NA,"future",0.0602984981886153,-0.939701501811385,0,193,"Q4"
"8835",8835,"Houston ChristianMcNeese St.2-9",2026-02-09,"conf","McNeese St.","Houston Christian","Slnd","Slnd","H",NA,NA,0.804042842508263,0.166904500846973,0.87694452176131,0.972656041762217,NA,NA,"future",0.0273439582377828,-0.972656041762217,0,297,"Q4"
"8836",8836,"UT Rio Grande ValleyNicholls St.2-9",2026-02-09,"conf","Nicholls St.","UT Rio Grande Valley","Slnd","Slnd","H",NA,NA,0.447990911854504,0.397957356960562,0.87694452176131,0.915118069533995,NA,NA,"future",0.0848819304660049,-0.915118069533995,0,194,"Q4"
"8837",8837,"YaleHoward2-9",2026-02-09,"nc","Yale","Howard","Ivy","MEAC","A",NA,NA,0.697398462944221,0.366972280657132,0.789142831518436,0.865878007408998,NA,NA,"future",0.134121992591002,-0.865878007408998,0,252,"Q4"
"8838",8838,"Texas A&M Corpus ChrisNew Orleans2-9",2026-02-09,"conf","Texas A&M Corpus Chris","New Orleans","Slnd","Slnd","A",NA,NA,0.415344559057257,0.48536423289852,0.789142831518436,0.798722038499175,NA,NA,"future",0.201277961500825,-0.798722038499175,0,231,"Q3"
"8839",8839,"OregonIndiana2-9",2026-02-09,"conf","Oregon","Indiana","B10","B10","A",NA,NA,0.695409733355037,0.929075305570624,0.789142831518436,0.222214997574681,NA,NA,"future",0.777785002425319,-0.222214997574681,0,38,"Q1"
"8840",8840,"Alcorn St.Mississippi Valley St.2-9",2026-02-09,"conf","Alcorn St.","Mississippi Valley St.","SWAC","SWAC","A",NA,NA,0.0996439667646336,0.0374143704241414,0.789142831518436,0.989721146603053,NA,NA,"future",0.0102788533969466,-0.989721146603053,0,365,"Q4"
"8841",8841,"N.C. StateLouisville2-9",2026-02-09,"conf","N.C. State","Louisville","ACC","ACC","A",NA,NA,0.872129903528318,0.960766906153242,0.789142831518436,0.132567603493666,NA,NA,"future",0.867432396506334,-0.132567603493666,0,15,"Q1"
"8842",8842,"ValparaisoDrake2-9",2026-02-09,"conf","Valparaiso","Drake","MVC","MVC","A",NA,NA,0.458749949196083,0.53888123509143,0.789142831518436,0.762045499978807,NA,NA,"future",0.237954500021193,-0.762045499978807,0,166,"Q3"
"8843",8843,"Northwestern St.Lamar2-9",2026-02-09,"conf","Northwestern St.","Lamar","Slnd","Slnd","A",NA,NA,0.172988629015108,0.437571853477538,0.789142831518436,0.827896030713947,NA,NA,"future",0.172103969286053,-0.827896030713947,0,220,"Q3"
"8844",8844,"Illinois St.Evansville2-9",2026-02-09,"conf","Illinois St.","Evansville","MVC","MVC","A",NA,NA,0.699786014575313,0.316297971986588,0.789142831518436,0.88998656064279,NA,NA,"future",0.110013439357211,-0.88998656064279,0,284,"Q4"
"8845",8845,"Prairie View A&MFlorida A&M2-9",2026-02-09,"conf","Prairie View A&M","Florida A&M","SWAC","SWAC","A",NA,NA,0.172466558867004,0.313122465804659,0.789142831518436,0.89141995383216,NA,NA,"future",0.10858004616784,-0.89141995383216,0,307,"Q4"
"8846",8846,"XavierSt. John's2-9",2026-02-09,"conf","Xavier","St. John's","BE","BE","A",NA,NA,0.650772325033312,0.941505441293299,0.789142831518436,0.188653986484811,NA,NA,"future",0.811346013515189,-0.188653986484811,0,23,"Q1"
"8847",8847,"Southern IllinoisIndiana St.2-9",2026-02-09,"conf","Southern Illinois","Indiana St.","MVC","MVC","A",NA,NA,0.429692892721203,0.52112194682298,0.789142831518436,0.774732331268569,NA,NA,"future",0.225267668731431,-0.774732331268569,0,205,"Q3"
"8848",8848,"Jackson St.Arkansas Pine Bluff2-9",2026-02-09,"conf","Jackson St.","Arkansas Pine Bluff","SWAC","SWAC","A",NA,NA,0.118376704856031,0.33673558307527,0.789142831518436,0.880549289395955,NA,NA,"future",0.119450710604045,-0.880549289395955,0,311,"Q4"
"8849",8849,"Alabama St.Southern2-9",2026-02-09,"conf","Alabama St.","Southern","SWAC","SWAC","A",NA,NA,0.161273195651384,0.408192260035411,0.789142831518436,0.844383205258941,NA,NA,"future",0.155616794741059,-0.844383205258941,0,278,"Q4"
"8850",8850,"Northern IowaMurray St.2-9",2026-02-09,"conf","Northern Iowa","Murray St.","MVC","MVC","A",NA,NA,0.62119758035374,0.768671365816874,0.789142831518436,0.52970054022595,NA,NA,"future",0.47029945977405,-0.52970054022595,0,74,"Q1"
"8851",8851,"Alabama A&MGrambling St.2-9",2026-02-09,"conf","Alabama A&M","Grambling St.","SWAC","SWAC","A",NA,NA,0.159091874905061,0.36719319961836,0.789142831518436,0.865767541088024,NA,NA,"future",0.134232458911976,-0.865767541088024,0,266,"Q4"
"8852",8852,"East Texas A&MStephen F. Austin2-9",2026-02-09,"conf","East Texas A&M","Stephen F. Austin","Slnd","Slnd","A",NA,NA,0.215264103557443,0.815047683515057,0.789142831518436,0.459245063096948,NA,NA,"future",0.540754936903052,-0.459245063096948,0,88,"Q2"
"8853",8853,"UNC WilmingtonCharleston2-9",2026-02-09,"conf","UNC Wilmington","Charleston","CAA","CAA","A",NA,NA,0.45266192968586,0.52079730801882,0.789142831518436,0.774959275716584,NA,NA,"future",0.225040724283416,-0.774959275716584,0,175,"Q3"
"8854",8854,"ArizonaKansas2-9",2026-02-09,"conf","Arizona","Kansas","B12","B12","A",NA,NA,0.958472429946254,0.958273819187545,0.789142831518436,0.140126652159027,NA,NA,"future",0.859873347840973,-0.140126652159027,0,18,"Q1"
"8855",8855,"Texas SouthernBethune Cookman2-9",2026-02-09,"conf","Texas Southern","Bethune Cookman","SWAC","SWAC","A",NA,NA,0.127997519309955,0.390499707456399,0.789142831518436,0.853832094366351,NA,NA,"future",0.146167905633649,-0.853832094366351,0,268,"Q4"
"8856",8856,"BelmontBradley2-9",2026-02-09,"conf","Belmont","Bradley","MVC","MVC","A",NA,NA,0.686175756192134,0.630393603174275,0.789142831518436,0.686941833214128,NA,NA,"future",0.313058166785872,-0.686941833214128,0,124,"Q2"
"8857",8857,"Central ArkansasNorth Alabama2-9",2026-02-09,"conf","Central Arkansas","North Alabama","ASun","ASun","A",NA,NA,0.418552667589624,0.155996475577486,0.789142831518436,0.952938253331221,NA,NA,"future",0.0470617466687792,-0.952938253331221,0,335,"Q4"
"8858",8858,"Incarnate WordSoutheastern Louisiana2-9",2026-02-09,"conf","Incarnate Word","Southeastern Louisiana","Slnd","Slnd","A",NA,NA,0.261903553465073,0.33709012828235,0.789142831518436,0.880382261833675,NA,NA,"future",0.119617738166325,-0.880382261833675,0,288,"Q4"
"8859",8859,"NavyBucknell2-9",2026-02-09,"conf","Navy","Bucknell","Pat","Pat","A",NA,NA,0.313792818654193,0.217206619977822,0.789142831518436,0.930976439518599,NA,NA,"future",0.0690235604814007,-0.930976439518599,0,333,"Q4"
"8860",8860,"Houston ChristianMcNeese St.2-9",2026-02-09,"conf","Houston Christian","McNeese St.","Slnd","Slnd","A",NA,NA,0.166904500846973,0.804042842508263,0.789142831518436,0.477018666749508,NA,NA,"future",0.522981333250492,-0.477018666749508,0,57,"Q1"
"8861",8861,"UT Rio Grande ValleyNicholls St.2-9",2026-02-09,"conf","UT Rio Grande Valley","Nicholls St.","Slnd","Slnd","A",NA,NA,0.397957356960562,0.447990911854504,0.789142831518436,0.821795222623473,NA,NA,"future",0.178204777376527,-0.821795222623473,0,214,"Q3"
"8862",8862,"Washington St.Gonzaga2-10",2026-02-10,"conf","Gonzaga","Washington St.","WCC","WCC","H",NA,NA,0.966086351861385,0.483069117975872,0.87694452176131,0.884070838462682,NA,NA,"future",0.115929161537318,-0.884070838462682,0,156,"Q3"
"8863",8863,"Colorado St.Air Force2-10",2026-02-10,"conf","Air Force","Colorado St.","MWC","MWC","H",NA,NA,0.183685442633759,0.62699617671433,0.87694452176131,0.809143842490246,NA,NA,"future",0.190856157509754,-0.809143842490246,0,92,"Q3"
"8864",8864,"ArkansasLSU2-10",2026-02-10,"conf","LSU","Arkansas","SEC","SEC","H",NA,NA,0.86991035902452,0.899851369198693,0.87694452176131,0.442316531859976,NA,NA,"future",0.557683468140024,-0.442316531859976,0,20,"Q1"
"8865",8865,"San Jose St.UNLV2-10",2026-02-10,"conf","UNLV","San Jose St.","MWC","MWC","H",NA,NA,0.708634239033289,0.280831199129306,0.87694452176131,0.9480512429362,NA,NA,"future",0.0519487570637999,-0.9480512429362,0,259,"Q4"
"8866",8866,"Oklahoma St.Arizona St.2-10",2026-02-10,"conf","Arizona St.","Oklahoma St.","B12","B12","H",NA,NA,0.764484530115745,0.704302099365832,0.87694452176131,0.749498494736875,NA,NA,"future",0.250501505263125,-0.749498494736875,0,73,"Q2"
"8867",8867,"Iowa St.TCU2-10",2026-02-10,"conf","TCU","Iowa St.","B12","B12","H",NA,NA,0.865296099885822,0.932186105100022,0.87694452176131,0.341423525966652,NA,NA,"future",0.658576474033348,-0.341423525966652,0,6,"Q1"
"8868",8868,"George MasonRichmond2-10",2026-02-10,"conf","Richmond","George Mason","A10","A10","H",NA,NA,0.660447080764919,0.622989999921908,0.87694452176131,0.811769579931046,NA,NA,"future",0.188230420068954,-0.811769579931046,0,63,"Q2"
"8869",8869,"VanderbiltAuburn2-10",2026-02-10,"conf","Auburn","Vanderbilt","SEC","SEC","H",NA,NA,0.914477539067104,0.928124167770446,0.87694452176131,0.355622029564161,NA,NA,"future",0.644377970435839,-0.355622029564161,0,16,"Q1"
"8870",8870,"VirginiaFlorida St.2-10",2026-02-10,"conf","Florida St.","Virginia","ACC","ACC","H",NA,NA,0.714263605095652,0.941543118572919,0.87694452176131,0.306736242269756,NA,NA,"future",0.693263757730244,-0.306736242269756,0,13,"Q1"
"8871",8871,"Rhode IslandGeorge Washington2-10",2026-02-10,"conf","George Washington","Rhode Island","A10","A10","H",NA,NA,0.805846857394486,0.501095551708488,0.87694452176131,0.876470842985361,NA,NA,"future",0.123529157014639,-0.876470842985361,0,133,"Q3"
"8872",8872,"BYUBaylor2-10",2026-02-10,"conf","Baylor","BYU","B12","B12","H",NA,NA,0.844844372317854,0.897211603893705,0.87694452176131,0.44947037290437,NA,NA,"future",0.550529627095631,-0.44947037290437,0,12,"Q1"
"8873",8873,"DukePittsburgh2-10",2026-02-10,"conf","Pittsburgh","Duke","ACC","ACC","H",NA,NA,0.730765128903465,0.939287290689777,0.87694452176131,0.315363975570193,NA,NA,"future",0.684636024429807,-0.315363975570193,0,2,"Q1"
"8874",8874,"Fresno St.Utah St.2-10",2026-02-10,"conf","Utah St.","Fresno St.","MWC","MWC","H",NA,NA,0.914720101774999,0.481922792123584,0.87694452176131,0.884540532188665,NA,NA,"future",0.115459467811335,-0.884540532188665,0,139,"Q3"
"8875",8875,"WisconsinIllinois2-10",2026-02-10,"conf","Illinois","Wisconsin","B10","B10","H",NA,NA,0.970104643724092,0.846803951575671,0.87694452176131,0.563174984065404,NA,NA,"future",0.436825015934596,-0.563174984065404,0,36,"Q2"
"8876",8876,"North CarolinaMiami FL2-10",2026-02-10,"conf","Miami FL","North Carolina","ACC","ACC","H",NA,NA,0.882624997146115,0.849603281638803,0.87694452176131,0.557819068404126,NA,NA,"future",0.442180931595874,-0.557819068404126,0,27,"Q1"
"8877",8877,"PurdueNebraska2-10",2026-02-10,"conf","Nebraska","Purdue","B10","B10","H",NA,NA,0.960111303481749,0.942325072165618,0.87694452176131,0.303704422926014,NA,NA,"future",0.696295577073986,-0.303704422926014,0,5,"Q1"
"8878",8878,"HoustonUtah2-10",2026-02-10,"conf","Utah","Houston","B12","B12","H",NA,NA,0.735923022179889,0.960500923846367,0.87694452176131,0.226642204378726,NA,NA,"future",0.773357795621274,-0.226642204378726,0,10,"Q1"
"8879",8879,"Notre DameSMU2-10",2026-02-10,"conf","SMU","Notre Dame","ACC","ACC","H",NA,NA,0.916602426915101,0.645182423439833,0.87694452176131,0.796713547399044,NA,NA,"future",0.203286452600956,-0.796713547399044,0,81,"Q3"
"8880",8880,"MarquetteVillanova2-10",2026-02-10,"conf","Villanova","Marquette","BE","BE","H",NA,NA,0.914034335117992,0.526647022481542,0.87694452176131,0.864960820902639,NA,NA,"future",0.135039179097361,-0.864960820902639,0,142,"Q3"
"8881",8881,"FordhamSaint Joseph's2-10",2026-02-10,"conf","Saint Joseph's","Fordham","A10","A10","H",NA,NA,0.600718255311877,0.363206300265358,0.87694452176131,0.925895367207,NA,NA,"future",0.0741046327929997,-0.925895367207,0,226,"Q4"
"8882",8882,"Eastern IllinoisWestern Illinois2-10",2026-02-10,"conf","Western Illinois","Eastern Illinois","OVC","OVC","H",NA,NA,0.107692571655567,0.152001874020281,0.87694452176131,0.975464530911887,NA,NA,"future",0.0245354690881132,-0.975464530911887,0,305,"Q4"
"8883",8883,"Washington St.Gonzaga2-10",2026-02-10,"conf","Washington St.","Gonzaga","WCC","WCC","A",NA,NA,0.483069117975872,0.966086351861385,0.789142831518436,0.116122856905454,NA,NA,"future",0.883877143094546,-0.116122856905454,0,4,"Q1"
"8884",8884,"Colorado St.Air Force2-10",2026-02-10,"conf","Colorado St.","Air Force","MWC","MWC","A",NA,NA,0.62699617671433,0.183685442633759,0.789142831518436,0.943285622791657,NA,NA,"future",0.0567143772083434,-0.943285622791657,0,336,"Q4"
"8885",8885,"ArkansasLSU2-10",2026-02-10,"conf","Arkansas","LSU","SEC","SEC","A",NA,NA,0.899851369198693,0.86991035902452,0.789142831518436,0.358840545849542,NA,NA,"future",0.641159454150458,-0.358840545849542,0,50,"Q1"
"8886",8886,"San Jose St.UNLV2-10",2026-02-10,"conf","San Jose St.","UNLV","MWC","MWC","A",NA,NA,0.280831199129306,0.708634239033289,0.789142831518436,0.606113922037165,NA,NA,"future",0.393886077962835,-0.606113922037165,0,127,"Q2"
"8887",8887,"Oklahoma St.Arizona St.2-10",2026-02-10,"conf","Oklahoma St.","Arizona St.","B12","B12","A",NA,NA,0.704302099365832,0.764484530115745,0.789142831518436,0.535525330246126,NA,NA,"future",0.464474669753874,-0.535525330246126,0,93,"Q2"
"8888",8888,"Iowa St.TCU2-10",2026-02-10,"conf","Iowa St.","TCU","B12","B12","A",NA,NA,0.932186105100022,0.865296099885822,0.789142831518436,0.368134924888612,NA,NA,"future",0.631865075111388,-0.368134924888612,0,46,"Q1"
"8889",8889,"George MasonRichmond2-10",2026-02-10,"conf","George Mason","Richmond","A10","A10","A",NA,NA,0.622989999921908,0.660447080764919,0.789142831518436,0.658019120873694,NA,NA,"future",0.341980879126306,-0.658019120873694,0,126,"Q2"
"8890",8890,"VanderbiltAuburn2-10",2026-02-10,"conf","Vanderbilt","Auburn","SEC","SEC","A",NA,NA,0.928124167770446,0.914477539067104,0.789142831518436,0.259262066114196,NA,NA,"future",0.740737933885804,-0.259262066114196,0,34,"Q1"
"8891",8891,"VirginiaFlorida St.2-10",2026-02-10,"conf","Virginia","Florida St.","ACC","ACC","A",NA,NA,0.941543118572919,0.714263605095652,0.789142831518436,0.599548438685226,NA,NA,"future",0.400451561314774,-0.599548438685226,0,115,"Q2"
"8892",8892,"Rhode IslandGeorge Washington2-10",2026-02-10,"conf","Rhode Island","George Washington","A10","A10","A",NA,NA,0.501095551708488,0.805846857394486,0.789142831518436,0.474153029460988,NA,NA,"future",0.525846970539012,-0.474153029460988,0,75,"Q1"
"8893",8893,"BYUBaylor2-10",2026-02-10,"conf","BYU","Baylor","B12","B12","A",NA,NA,0.897211603893705,0.844844372317854,0.789142831518436,0.407343680053834,NA,NA,"future",0.592656319946166,-0.407343680053834,0,53,"Q1"
"8894",8894,"DukePittsburgh2-10",2026-02-10,"conf","Duke","Pittsburgh","ACC","ACC","A",NA,NA,0.939287290689777,0.730765128903465,0.789142831518436,0.579630896823016,NA,NA,"future",0.420369103176984,-0.579630896823016,0,121,"Q2"
"8895",8895,"Fresno St.Utah St.2-10",2026-02-10,"conf","Fresno St.","Utah St.","MWC","MWC","A",NA,NA,0.481922792123584,0.914720101774999,0.789142831518436,0.25866611800377,NA,NA,"future",0.74133388199623,-0.25866611800377,0,25,"Q1"
"8896",8896,"WisconsinIllinois2-10",2026-02-10,"conf","Wisconsin","Illinois","B10","B10","A",NA,NA,0.846803951575671,0.970104643724092,0.789142831518436,0.103406530476857,NA,NA,"future",0.896593469523143,-0.103406530476857,0,9,"Q1"
"8897",8897,"North CarolinaMiami FL2-10",2026-02-10,"conf","North Carolina","Miami FL","ACC","ACC","A",NA,NA,0.849603281638803,0.882624997146115,0.789142831518436,0.332309029138053,NA,NA,"future",0.667690970861947,-0.332309029138053,0,37,"Q1"
"8898",8898,"PurdueNebraska2-10",2026-02-10,"conf","Purdue","Nebraska","B10","B10","A",NA,NA,0.942325072165618,0.960111303481749,0.789142831518436,0.134564422606148,NA,NA,"future",0.865435577393852,-0.134564422606148,0,7,"Q1"
"8899",8899,"HoustonUtah2-10",2026-02-10,"conf","Houston","Utah","B12","B12","A",NA,NA,0.960500923846367,0.735923022179889,0.789142831518436,0.573190776567456,NA,NA,"future",0.426809223432544,-0.573190776567456,0,117,"Q2"
"8900",8900,"Notre DameSMU2-10",2026-02-10,"conf","Notre Dame","SMU","ACC","ACC","A",NA,NA,0.645182423439833,0.916602426915101,0.789142831518436,0.254019532125076,NA,NA,"future",0.745980467874924,-0.254019532125076,0,30,"Q1"
"8901",8901,"MarquetteVillanova2-10",2026-02-10,"conf","Marquette","Villanova","BE","BE","A",NA,NA,0.526647022481542,0.914034335117992,0.789142831518436,0.260349308981246,NA,NA,"future",0.739650691018754,-0.260349308981246,0,33,"Q1"
"8902",8902,"FordhamSaint Joseph's2-10",2026-02-10,"conf","Fordham","Saint Joseph's","A10","A10","A",NA,NA,0.363206300265358,0.600718255311877,0.789142831518436,0.713267667429442,NA,NA,"future",0.286732332570558,-0.713267667429442,0,192,"Q3"
"8903",8903,"Eastern IllinoisWestern Illinois2-10",2026-02-10,"conf","Eastern Illinois","Western Illinois","OVC","OVC","A",NA,NA,0.152001874020281,0.107692571655567,0.789142831518436,0.968759361171826,NA,NA,"future",0.0312406388281743,-0.968759361171826,0,356,"Q4"
"8904",8904,"ChattanoogaEast Tennessee St.2-11",2026-02-11,"conf","East Tennessee St.","Chattanooga","SC","SC","H",NA,NA,0.607991931766003,0.193922737600882,0.87694452176131,0.967344083601197,NA,NA,"future",0.0326559163988029,-0.967344083601197,0,280,"Q4"
"8905",8905,"Loyola MarymountPacific2-11",2026-02-11,"conf","Pacific","Loyola Marymount","WCC","WCC","H",NA,NA,0.675830586238256,0.409607691238367,0.87694452176131,0.911282503732018,NA,NA,"future",0.0887174962679816,-0.911282503732018,0,170,"Q4"
"8906",8906,"Austin PeayQueens2-11",2026-02-11,"conf","Queens","Austin Peay","ASun","ASun","H",NA,NA,0.515663678728228,0.467994966707812,0.87694452176131,0.890123562109543,NA,NA,"future",0.109876437890457,-0.890123562109543,0,149,"Q3"
"8907",8907,"USCOhio St.2-11",2026-02-11,"conf","Ohio St.","USC","B10","B10","H",NA,NA,0.895316100144004,0.749858766690896,0.87694452176131,0.703902122457448,NA,NA,"future",0.296097877542552,-0.703902122457448,0,56,"Q2"
"8908",8908,"South FloridaWichita St.2-11",2026-02-11,"conf","Wichita St.","South Florida","Amer","Amer","H",NA,NA,0.738904436061514,0.716094166023229,0.87694452176131,0.738587386794364,NA,NA,"future",0.261412613205636,-0.738587386794364,0,66,"Q2"
"8909",8909,"Louisiana MonroeArkansas St.2-11",2026-02-11,"conf","Arkansas St.","Louisiana Monroe","SB","SB","H",NA,NA,0.643792601240604,0.0612505362259951,0.87694452176131,0.990927418635129,NA,NA,"future",0.0090725813648711,-0.990927418635129,0,359,"Q4"
"8910",8910,"ProvidenceSeton Hall2-11",2026-02-11,"conf","Seton Hall","Providence","BE","BE","H",NA,NA,0.873855128810157,0.682260447232124,0.87694452176131,0.768458776904752,NA,NA,"future",0.231541223095248,-0.768458776904752,0,89,"Q3"
"8911",8911,"Florida AtlanticRice2-11",2026-02-11,"conf","Rice","Florida Atlantic","Amer","Amer","H",NA,NA,0.456337279232508,0.669116075241684,0.87694452176131,0.778960430736667,NA,NA,"future",0.221039569263333,-0.778960430736667,0,91,"Q3"
"8912",8912,"ColoradoTexas Tech2-11",2026-02-11,"conf","Texas Tech","Colorado","B12","B12","H",NA,NA,0.952998790803517,0.640434349812151,0.87694452176131,0.800042273749593,NA,NA,"future",0.199957726250407,-0.800042273749593,0,78,"Q3"
"8913",8913,"TennesseeMississippi St.2-11",2026-02-11,"conf","Mississippi St.","Tennessee","SEC","SEC","H",NA,NA,0.769828564240354,0.910843273419277,0.87694452176131,0.410919233587288,NA,NA,"future",0.589080766412712,-0.410919233587288,0,26,"Q1"
"8914",8914,"LibertyNew Mexico St.2-11",2026-02-11,"conf","New Mexico St.","Liberty","CUSA","CUSA","H",NA,NA,0.670484002673614,0.617063960398147,0.87694452176131,0.815583004897484,NA,NA,"future",0.184416995102516,-0.815583004897484,0,84,"Q3"
"8915",8915,"North FloridaFlorida Gulf Coast2-11",2026-02-11,"conf","Florida Gulf Coast","North Florida","ASun","ASun","H",NA,NA,0.459203789369559,0.130909333469256,0.87694452176131,0.979300944347944,NA,NA,"future",0.0206990556520561,-0.979300944347944,0,341,"Q4"
"8916",8916,"UTSAEast Carolina2-11",2026-02-11,"conf","East Carolina","UTSA","Amer","Amer","H",NA,NA,0.262679066039086,0.0659428297410237,0.87694452176131,0.990190615450233,NA,NA,"future",0.00980938454976721,-0.990190615450233,0,349,"Q4"
"8917",8917,"CaliforniaSyracuse2-11",2026-02-11,"conf","Syracuse","California","ACC","ACC","H",NA,NA,0.839475742553748,0.717957478164634,0.87694452176131,0.736810404185855,NA,NA,"future",0.263189595814145,-0.736810404185855,0,60,"Q2"
"8918",8918,"Penn St.Washington2-11",2026-02-11,"conf","Washington","Penn St.","B10","B10","H",NA,NA,0.850500833069505,0.48720277375858,0.87694452176131,0.882363892431686,NA,NA,"future",0.117636107568314,-0.882363892431686,0,131,"Q3"
"8919",8919,"CreightonDePaul2-11",2026-02-11,"conf","DePaul","Creighton","BE","BE","H",NA,NA,0.723148523927946,0.754064342104998,0.87694452176131,0.699180955753172,NA,NA,"future",0.300819044246828,-0.699180955753172,0,58,"Q2"
"8920",8920,"Eastern MichiganKent St.2-11",2026-02-11,"conf","Kent St.","Eastern Michigan","MAC","MAC","H",NA,NA,0.638568943065511,0.375757933331981,0.87694452176131,0.922112482630347,NA,NA,"future",0.0778875173696529,-0.922112482630347,0,179,"Q4"
"8921",8921,"VCULa Salle2-11",2026-02-11,"conf","La Salle","VCU","A10","A10","H",NA,NA,0.503258861337018,0.722299621864947,0.87694452176131,0.732611158893325,NA,NA,"future",0.267388841106675,-0.732611158893325,0,55,"Q2"
"8922",8922,"The CitadelWestern Carolina2-11",2026-02-11,"conf","Western Carolina","The Citadel","SC","SC","H",NA,NA,0.307831220822344,0.0788521555269136,0.87694452176131,0.988130636578795,NA,NA,"future",0.0118693634212048,-0.988130636578795,0,350,"Q4"
"8923",8923,"UTEPJacksonville St.2-11",2026-02-11,"conf","Jacksonville St.","UTEP","CUSA","CUSA","H",NA,NA,0.444551537137328,0.217959569432829,0.87694452176131,0.962363042817825,NA,NA,"future",0.0376369571821751,-0.962363042817825,0,276,"Q4"
"8924",8924,"AmericanLehigh2-11",2026-02-11,"conf","Lehigh","American","Pat","Pat","H",NA,NA,0.26032083125622,0.351681313504199,0.87694452176131,0.929265785702261,NA,NA,"future",0.0707342142977385,-0.929265785702261,0,228,"Q4"
"8925",8925,"ColgateHoly Cross2-11",2026-02-11,"conf","Holy Cross","Colgate","Pat","Pat","H",NA,NA,0.203196040881925,0.363069644263239,0.87694452176131,0.925935900293245,NA,NA,"future",0.074064099706755,-0.925935900293245,0,196,"Q4"
"8926",8926,"Loyola MDLafayette2-11",2026-02-11,"conf","Lafayette","Loyola MD","Pat","Pat","H",NA,NA,0.247759908493423,0.0922603677365822,0.87694452176131,0.985938471534303,NA,NA,"future",0.0140615284656967,-0.985938471534303,0,340,"Q4"
"8927",8927,"MissouriTexas A&M2-11",2026-02-11,"conf","Texas A&M","Missouri","SEC","SEC","H",NA,NA,0.915550420652576,0.730398132959743,0.87694452176131,0.724554054905934,NA,NA,"future",0.275445945094066,-0.724554054905934,0,70,"Q2"
"8928",8928,"CincinnatiKansas St.2-11",2026-02-11,"conf","Kansas St.","Cincinnati","B12","B12","H",NA,NA,0.787642451679584,0.78379278013368,0.87694452176131,0.662823243260027,NA,NA,"future",0.337176756739973,-0.662823243260027,0,72,"Q2"
"8929",8929,"FurmanMercer2-11",2026-02-11,"conf","Mercer","Furman","SC","SC","H",NA,NA,0.653833270716202,0.389531071962605,0.87694452176131,0.917820216149874,NA,NA,"future",0.0821797838501265,-0.917820216149874,0,189,"Q4"
"8930",8930,"MichiganNorthwestern2-11",2026-02-11,"conf","Northwestern","Michigan","B10","B10","H",NA,NA,0.848307220201776,0.976564220412699,0.87694452176131,0.146044441707653,NA,NA,"future",0.853955558292347,-0.146044441707653,0,1,"Q1"
"8931",8931,"StanfordBoston College2-11",2026-02-11,"conf","Boston College","Stanford","ACC","ACC","H",NA,NA,0.611273164360049,0.712676563861534,0.87694452176131,0.741808445428602,NA,NA,"future",0.258191554571398,-0.741808445428602,0,68,"Q2"
"8932",8932,"BuffaloBall St.2-11",2026-02-11,"conf","Ball St.","Buffalo","MAC","MAC","H",NA,NA,0.288514481287383,0.387632809783295,0.87694452176131,0.918420848754699,NA,NA,"future",0.0815791512453012,-0.918420848754699,0,165,"Q4"
"8933",8933,"TroyTexas St.2-11",2026-02-11,"conf","Texas St.","Troy","SB","SB","H",NA,NA,0.382567816926111,0.574223488770011,0.87694452176131,0.840868495508097,NA,NA,"future",0.159131504491903,-0.840868495508097,0,103,"Q3"
"8934",8934,"Boston UniversityArmy2-11",2026-02-11,"conf","Army","Boston University","Pat","Pat","H",NA,NA,0.208126264319721,0.173160301084916,0.87694452176131,0.97145190396275,NA,NA,"future",0.0285480960372501,-0.97145190396275,0,292,"Q4"
"8935",8935,"ConnecticutButler2-11",2026-02-11,"conf","Butler","Connecticut","BE","BE","H",NA,NA,0.858613464070704,0.948353630627273,0.87694452176131,0.279589420810512,NA,NA,"future",0.720410579189488,-0.279589420810512,0,8,"Q1"
"8936",8936,"TempleTulane2-11",2026-02-11,"conf","Tulane","Temple","Amer","Amer","H",NA,NA,0.499347286934666,0.482165271889948,0.87694452176131,0.884441310768963,NA,NA,"future",0.115558689231037,-0.884441310768963,0,154,"Q3"
"8937",8937,"Virginia TechClemson2-11",2026-02-11,"conf","Clemson","Virginia Tech","ACC","ACC","H",NA,NA,0.937538780726441,0.754253091747402,0.87694452176131,0.698966789253546,NA,NA,"future",0.301033210746454,-0.698966789253546,0,51,"Q2"
"8938",8938,"WoffordSamford2-11",2026-02-11,"conf","Samford","Wofford","SC","SC","H",NA,NA,0.283895640638759,0.281320852120458,0.87694452176131,0.947931772553643,NA,NA,"future",0.0520682274463571,-0.947931772553643,0,225,"Q4"
"8939",8939,"AlabamaMississippi2-11",2026-02-11,"conf","Mississippi","Alabama","SEC","SEC","H",NA,NA,0.782795445947566,0.916668476253729,0.87694452176131,0.393145203996765,NA,NA,"future",0.606854796003235,-0.393145203996765,0,19,"Q1"
"8940",8940,"Bowling GreenNorthern Illinois2-11",2026-02-11,"conf","Northern Illinois","Bowling Green","MAC","MAC","H",NA,NA,0.231423124479628,0.571728621824331,0.87694452176131,0.842228164877759,NA,NA,"future",0.157771835122241,-0.842228164877759,0,101,"Q3"
"8941",8941,"West GeorgiaNorth Alabama2-11",2026-02-11,"conf","North Alabama","West Georgia","ASun","ASun","H",NA,NA,0.155996475577486,0.124454025605907,0.87694452176131,0.980443929756687,NA,NA,"future",0.0195560702433134,-0.980443929756687,0,322,"Q4"
"8942",8942,"PepperdineSaint Mary's2-11",2026-02-11,"conf","Saint Mary's","Pepperdine","WCC","WCC","H",NA,NA,0.908833684887652,0.217599421655683,0.87694452176131,0.962439543198769,NA,NA,"future",0.0375604568012314,-0.962439543198769,0,267,"Q4"
"8943",8943,"Appalachian St.Georgia Southern2-11",2026-02-11,"conf","Georgia Southern","Appalachian St.","SB","SB","H",NA,NA,0.400249732677704,0.322413113123934,0.87694452176131,0.937409842186305,NA,NA,"future",0.0625901578136946,-0.937409842186305,0,212,"Q4"
"8944",8944,"Wake ForestGeorgia Tech2-11",2026-02-11,"conf","Georgia Tech","Wake Forest","ACC","ACC","H",NA,NA,0.649662104684215,0.719689280913198,0.87694452176131,0.73514545115225,NA,NA,"future",0.26485454884775,-0.73514545115225,0,67,"Q2"
"8945",8945,"PortlandSan Diego2-11",2026-02-11,"conf","San Diego","Portland","WCC","WCC","H",NA,NA,0.545701106777343,0.394760979258516,0.87694452176131,0.916150061931773,NA,NA,"future",0.0838499380682269,-0.916150061931773,0,215,"Q4"
"8946",8946,"FloridaGeorgia2-11",2026-02-11,"conf","Georgia","Florida","SEC","SEC","H",NA,NA,0.91600808149171,0.940366182041113,0.87694452176131,0.311259394238092,NA,NA,"future",0.688740605761908,-0.311259394238092,0,14,"Q1"
"8947",8947,"North DakotaSouth Dakota2-11",2026-02-11,"conf","South Dakota","North Dakota","Sum","Sum","H",NA,NA,0.342292200243587,0.215415619860043,0.87694452176131,0.962902167938933,NA,NA,"future",0.0370978320610666,-0.962902167938933,0,282,"Q4"
"8948",8948,"UABTulsa2-11",2026-02-11,"conf","Tulsa","UAB","Amer","Amer","H",NA,NA,0.855650066325967,0.524998488358512,0.87694452176131,0.865731238499826,NA,NA,"future",0.134268761500174,-0.865731238499826,0,122,"Q3"
"8949",8949,"Eastern KentuckyLipscomb2-11",2026-02-11,"conf","Lipscomb","Eastern Kentucky","ASun","ASun","H",NA,NA,0.559428391801076,0.223192376556858,0.87694452176131,0.961244908789494,NA,NA,"future",0.0387550912105064,-0.961244908789494,0,262,"Q4"
"8950",8950,"New MexicoGrand Canyon2-11",2026-02-11,"conf","Grand Canyon","New Mexico","MWC","MWC","H",NA,NA,0.843748589646882,0.808195778802625,0.87694452176131,0.628428109075613,NA,NA,"future",0.371571890924387,-0.628428109075613,0,42,"Q2"
"8951",8951,"ToledoWestern Michigan2-11",2026-02-11,"conf","Western Michigan","Toledo","MAC","MAC","H",NA,NA,0.39706717406787,0.405578446649967,0.87694452176131,0.912622369732399,NA,NA,"future",0.0873776302676009,-0.912622369732399,0,169,"Q4"
"8952",8952,"IowaMaryland2-11",2026-02-11,"conf","Maryland","Iowa","B10","B10","H",NA,NA,0.718765491706146,0.910684041262198,0.87694452176131,0.411393574304387,NA,NA,"future",0.588606425695613,-0.411393574304387,0,21,"Q1"
"8953",8953,"VMIUNC Greensboro2-11",2026-02-11,"conf","UNC Greensboro","VMI","SC","SC","H",NA,NA,0.281789356639244,0.081180331096308,0.87694452176131,0.987753891098385,NA,NA,"future",0.0122461089016148,-0.987753891098385,0,353,"Q4"
"8954",8954,"MarshallOld Dominion2-11",2026-02-11,"conf","Old Dominion","Marshall","SB","SB","H",NA,NA,0.413664087476716,0.405108655210775,0.87694452176131,0.912777664866289,NA,NA,"future",0.087222335133711,-0.912777664866289,0,138,"Q3"
"8955",8955,"Weber St.Idaho2-11",2026-02-11,"conf","Idaho","Weber St.","BSky","BSky","H",NA,NA,0.590672129177698,0.362300900236987,0.87694452176131,0.926163657167391,NA,NA,"future",0.073836342832609,-0.926163657167391,0,190,"Q4"
"8956",8956,"SeattleSanta Clara2-11",2026-02-11,"conf","Santa Clara","Seattle","WCC","WCC","H",NA,NA,0.904534982736246,0.605972048235407,0.87694452176131,0.822502708405666,NA,NA,"future",0.177497291594334,-0.822502708405666,0,114,"Q3"
"8957",8957,"ChattanoogaEast Tennessee St.2-11",2026-02-11,"conf","Chattanooga","East Tennessee St.","SC","SC","A",NA,NA,0.193922737600882,0.607991931766003,0.789142831518436,0.707006029827842,NA,NA,"future",0.292993970172158,-0.707006029827842,0,129,"Q2"
"8958",8958,"Loyola MarymountPacific2-11",2026-02-11,"conf","Loyola Marymount","Pacific","WCC","WCC","A",NA,NA,0.409607691238367,0.675830586238256,0.789142831518436,0.642237814640784,NA,NA,"future",0.357762185359216,-0.642237814640784,0,110,"Q2"
"8959",8959,"Austin PeayQueens2-11",2026-02-11,"conf","Austin Peay","Queens","ASun","ASun","A",NA,NA,0.467994966707812,0.515663678728228,0.789142831518436,0.77852495592304,NA,NA,"future",0.22147504407696,-0.77852495592304,0,183,"Q3"
"8960",8960,"USCOhio St.2-11",2026-02-11,"conf","USC","Ohio St.","B10","B10","A",NA,NA,0.749858766690896,0.895316100144004,0.789142831518436,0.304393013328042,NA,NA,"future",0.695606986671958,-0.304393013328042,0,35,"Q1"
"8961",8961,"South FloridaWichita St.2-11",2026-02-11,"conf","South Florida","Wichita St.","Amer","Amer","A",NA,NA,0.716094166023229,0.738904436061514,0.789142831518436,0.569419774868401,NA,NA,"future",0.430580225131599,-0.569419774868401,0,95,"Q2"
"8962",8962,"Louisiana MonroeArkansas St.2-11",2026-02-11,"conf","Louisiana Monroe","Arkansas St.","SB","SB","A",NA,NA,0.0612505362259951,0.643792601240604,0.789142831518436,0.674344903439392,NA,NA,"future",0.325655096560608,-0.674344903439392,0,141,"Q3"
"8963",8963,"ProvidenceSeton Hall2-11",2026-02-11,"conf","Providence","Seton Hall","BE","BE","A",NA,NA,0.682260447232124,0.873855128810157,0.789142831518436,0.350756125662828,NA,NA,"future",0.649243874337172,-0.350756125662828,0,45,"Q1"
"8964",8964,"Florida AtlanticRice2-11",2026-02-11,"conf","Florida Atlantic","Rice","Amer","Amer","A",NA,NA,0.669116075241684,0.456337279232508,0.789142831518436,0.816807094698556,NA,NA,"future",0.183192905301444,-0.816807094698556,0,253,"Q4"
"8965",8965,"ColoradoTexas Tech2-11",2026-02-11,"conf","Colorado","Texas Tech","B12","B12","A",NA,NA,0.640434349812151,0.952998790803517,0.789142831518436,0.155818723619252,NA,NA,"future",0.844181276380748,-0.155818723619252,0,17,"Q1"
"8966",8966,"TennesseeMississippi St.2-11",2026-02-11,"conf","Tennessee","Mississippi St.","SEC","SEC","A",NA,NA,0.910843273419277,0.769828564240354,0.789142831518436,0.528076163539221,NA,NA,"future",0.471923836460779,-0.528076163539221,0,99,"Q2"
"8967",8967,"LibertyNew Mexico St.2-11",2026-02-11,"conf","Liberty","New Mexico St.","CUSA","CUSA","A",NA,NA,0.617063960398147,0.670484002673614,0.789142831518436,0.64780196307496,NA,NA,"future",0.35219803692504,-0.64780196307496,0,140,"Q3"
"8968",8968,"North FloridaFlorida Gulf Coast2-11",2026-02-11,"conf","North Florida","Florida Gulf Coast","ASun","ASun","A",NA,NA,0.130909333469256,0.459203789369559,0.789142831518436,0.81507273605116,NA,NA,"future",0.18492726394884,-0.81507273605116,0,237,"Q3"
"8969",8969,"UTSAEast Carolina2-11",2026-02-11,"conf","UTSA","East Carolina","Amer","Amer","A",NA,NA,0.0659428297410237,0.262679066039086,0.789142831518436,0.913081687465795,NA,NA,"future",0.0869183125342055,-0.913081687465795,0,299,"Q4"
"8970",8970,"CaliforniaSyracuse2-11",2026-02-11,"conf","California","Syracuse","ACC","ACC","A",NA,NA,0.717957478164634,0.839475742553748,0.789142831518436,0.417130023189949,NA,NA,"future",0.582869976810051,-0.417130023189949,0,77,"Q2"
"8971",8971,"Penn St.Washington2-11",2026-02-11,"conf","Penn St.","Washington","B10","B10","A",NA,NA,0.48720277375858,0.850500833069505,0.789142831518436,0.396811542881163,NA,NA,"future",0.603188457118837,-0.396811542881163,0,62,"Q1"
"8972",8972,"CreightonDePaul2-11",2026-02-11,"conf","Creighton","DePaul","BE","BE","A",NA,NA,0.754064342104998,0.723148523927946,0.789142831518436,0.588951567067976,NA,NA,"future",0.411048432932024,-0.588951567067976,0,113,"Q2"
"8973",8973,"Eastern MichiganKent St.2-11",2026-02-11,"conf","Eastern Michigan","Kent St.","MAC","MAC","A",NA,NA,0.375757933331981,0.638568943065511,0.789142831518436,0.679311168960651,NA,NA,"future",0.320688831039349,-0.679311168960651,0,148,"Q3"
"8974",8974,"VCULa Salle2-11",2026-02-11,"conf","VCU","La Salle","A10","A10","A",NA,NA,0.722299621864947,0.503258861337018,0.789142831518436,0.786965573726056,NA,NA,"future",0.213034426273944,-0.786965573726056,0,227,"Q3"
"8975",8975,"The CitadelWestern Carolina2-11",2026-02-11,"conf","The Citadel","Western Carolina","SC","SC","A",NA,NA,0.0788521555269136,0.307831220822344,0.789142831518436,0.89378923595296,NA,NA,"future",0.10621076404704,-0.89378923595296,0,289,"Q4"
"8976",8976,"UTEPJacksonville St.2-11",2026-02-11,"conf","UTEP","Jacksonville St.","CUSA","CUSA","A",NA,NA,0.217959569432829,0.444551537137328,0.789142831518436,0.823824402356089,NA,NA,"future",0.176175597643911,-0.823824402356089,0,245,"Q4"
"8977",8977,"AmericanLehigh2-11",2026-02-11,"conf","American","Lehigh","Pat","Pat","A",NA,NA,0.351681313504199,0.26032083125622,0.789142831518436,0.914045954914765,NA,NA,"future",0.0859540450852349,-0.914045954914765,0,298,"Q4"
"8978",8978,"ColgateHoly Cross2-11",2026-02-11,"conf","Colgate","Holy Cross","Pat","Pat","A",NA,NA,0.363069644263239,0.203196040881925,0.789142831518436,0.936207636608896,NA,NA,"future",0.0637923633911037,-0.936207636608896,0,314,"Q4"
"8979",8979,"Loyola MDLafayette2-11",2026-02-11,"conf","Loyola MD","Lafayette","Pat","Pat","A",NA,NA,0.0922603677365822,0.247759908493423,0.789142831518436,0.919113429490502,NA,NA,"future",0.0808865705094981,-0.919113429490502,0,328,"Q4"
"8980",8980,"MissouriTexas A&M2-11",2026-02-11,"conf","Missouri","Texas A&M","SEC","SEC","A",NA,NA,0.730398132959743,0.915550420652576,0.789142831518436,0.256621248205328,NA,NA,"future",0.743378751794672,-0.256621248205328,0,41,"Q1"
"8981",8981,"CincinnatiKansas St.2-11",2026-02-11,"conf","Cincinnati","Kansas St.","B12","B12","A",NA,NA,0.78379278013368,0.787642451679584,0.789142831518436,0.502248363029673,NA,NA,"future",0.497751636970327,-0.502248363029673,0,82,"Q2"
"8982",8982,"FurmanMercer2-11",2026-02-11,"conf","Furman","Mercer","SC","SC","A",NA,NA,0.389531071962605,0.653833270716202,0.789142831518436,0.664593982193898,NA,NA,"future",0.335406017806102,-0.664593982193898,0,125,"Q2"
"8983",8983,"MichiganNorthwestern2-11",2026-02-11,"conf","Michigan","Northwestern","B10","B10","A",NA,NA,0.976564220412699,0.848307220201776,0.789142831518436,0.400923368847485,NA,NA,"future",0.599076631152515,-0.400923368847485,0,69,"Q1"
"8984",8984,"StanfordBoston College2-11",2026-02-11,"conf","Stanford","Boston College","ACC","ACC","A",NA,NA,0.712676563861534,0.611273164360049,0.789142831518436,0.704141763062635,NA,NA,"future",0.295858236937365,-0.704141763062635,0,157,"Q3"
"8985",8985,"BuffaloBall St.2-11",2026-02-11,"conf","Buffalo","Ball St.","MAC","MAC","A",NA,NA,0.387632809783295,0.288514481287383,0.789142831518436,0.902240976851439,NA,NA,"future",0.097759023148561,-0.902240976851439,0,316,"Q4"
"8986",8986,"TroyTexas St.2-11",2026-02-11,"conf","Troy","Texas St.","SB","SB","A",NA,NA,0.574223488770011,0.382567816926111,0.789142831518436,0.857957670648498,NA,NA,"future",0.142042329351502,-0.857957670648498,0,265,"Q4"
"8987",8987,"Boston UniversityArmy2-11",2026-02-11,"conf","Boston University","Army","Pat","Pat","A",NA,NA,0.173160301084916,0.208126264319721,0.789142831518436,0.934381268827168,NA,NA,"future",0.0656187311728325,-0.934381268827168,0,320,"Q4"
"8988",8988,"ConnecticutButler2-11",2026-02-11,"conf","Connecticut","Butler","BE","BE","A",NA,NA,0.948353630627273,0.858613464070704,0.789142831518436,0.381295065510961,NA,NA,"future",0.618704934489039,-0.381295065510961,0,48,"Q1"
"8989",8989,"TempleTulane2-11",2026-02-11,"conf","Temple","Tulane","Amer","Amer","A",NA,NA,0.482165271889948,0.499347286934666,0.789142831518436,0.789576940282949,NA,NA,"future",0.210423059717051,-0.789576940282949,0,202,"Q3"
"8990",8990,"Virginia TechClemson2-11",2026-02-11,"conf","Virginia Tech","Clemson","ACC","ACC","A",NA,NA,0.754253091747402,0.937538780726441,0.789142831518436,0.199576091999099,NA,NA,"future",0.800423908000901,-0.199576091999099,0,32,"Q1"
"8991",8991,"WoffordSamford2-11",2026-02-11,"conf","Wofford","Samford","SC","SC","A",NA,NA,0.281320852120458,0.283895640638759,0.789142831518436,0.904217121017145,NA,NA,"future",0.0957828789828551,-0.904217121017145,0,269,"Q4"
"8992",8992,"AlabamaMississippi2-11",2026-02-11,"conf","Alabama","Mississippi","SEC","SEC","A",NA,NA,0.916668476253729,0.782795445947566,0.789142831518436,0.509432503898883,NA,NA,"future",0.490567496101117,-0.509432503898883,0,87,"Q2"
"8993",8993,"Bowling GreenNorthern Illinois2-11",2026-02-11,"conf","Bowling Green","Northern Illinois","MAC","MAC","A",NA,NA,0.571728621824331,0.231423124479628,0.789142831518436,0.925536135207541,NA,NA,"future",0.0744638647924589,-0.925536135207541,0,312,"Q4"
"8994",8994,"West GeorgiaNorth Alabama2-11",2026-02-11,"conf","West Georgia","North Alabama","ASun","ASun","A",NA,NA,0.124454025605907,0.155996475577486,0.789142831518436,0.952938253331221,NA,NA,"future",0.0470617466687792,-0.952938253331221,0,335,"Q4"
"8995",8995,"PepperdineSaint Mary's2-11",2026-02-11,"conf","Pepperdine","Saint Mary's","WCC","WCC","A",NA,NA,0.217599421655683,0.908833684887652,0.789142831518436,0.272949274196153,NA,NA,"future",0.727050725803847,-0.272949274196153,0,28,"Q1"
"8996",8996,"Appalachian St.Georgia Southern2-11",2026-02-11,"conf","Appalachian St.","Georgia Southern","SB","SB","A",NA,NA,0.322413113123934,0.400249732677704,0.789142831518436,0.848667878767697,NA,NA,"future",0.151332121232303,-0.848667878767697,0,243,"Q4"
"8997",8997,"Wake ForestGeorgia Tech2-11",2026-02-11,"conf","Wake Forest","Georgia Tech","ACC","ACC","A",NA,NA,0.719689280913198,0.649662104684215,0.789142831518436,0.668678034087465,NA,NA,"future",0.331321965912535,-0.668678034087465,0,146,"Q3"
"8998",8998,"PortlandSan Diego2-11",2026-02-11,"conf","Portland","San Diego","WCC","WCC","A",NA,NA,0.394760979258516,0.545701106777343,0.789142831518436,0.75702731189978,NA,NA,"future",0.24297268810022,-0.75702731189978,0,208,"Q3"
"8999",8999,"FloridaGeorgia2-11",2026-02-11,"conf","Florida","Georgia","SEC","SEC","A",NA,NA,0.940366182041113,0.91600808149171,0.789142831518436,0.255490906957154,NA,NA,"future",0.744509093042846,-0.255490906957154,0,24,"Q1"
"9000",9000,"North DakotaSouth Dakota2-11",2026-02-11,"conf","North Dakota","South Dakota","Sum","Sum","A",NA,NA,0.215415619860043,0.342292200243587,0.789142831518436,0.877918226219965,NA,NA,"future",0.122081773780035,-0.877918226219965,0,272,"Q4"
"9001",9001,"UABTulsa2-11",2026-02-11,"conf","UAB","Tulsa","Amer","Amer","A",NA,NA,0.524998488358512,0.855650066325967,0.789142831518436,0.387020296107445,NA,NA,"future",0.612979703892555,-0.387020296107445,0,47,"Q1"
"9002",9002,"Eastern KentuckyLipscomb2-11",2026-02-11,"conf","Eastern Kentucky","Lipscomb","ASun","ASun","A",NA,NA,0.223192376556858,0.559428391801076,0.789142831518436,0.74666876697657,NA,NA,"future",0.25333123302343,-0.74666876697657,0,160,"Q3"
"9003",9003,"New MexicoGrand Canyon2-11",2026-02-11,"conf","New Mexico","Grand Canyon","MWC","MWC","A",NA,NA,0.808195778802625,0.843748589646882,0.789142831518436,0.409357541008259,NA,NA,"future",0.590642458991741,-0.409357541008259,0,86,"Q2"
"9004",9004,"ToledoWestern Michigan2-11",2026-02-11,"conf","Toledo","Western Michigan","MAC","MAC","A",NA,NA,0.405578446649967,0.39706717406787,0.789142831518436,0.850365000236185,NA,NA,"future",0.149634999763815,-0.850365000236185,0,256,"Q4"
"9005",9005,"IowaMaryland2-11",2026-02-11,"conf","Iowa","Maryland","B10","B10","A",NA,NA,0.910684041262198,0.718765491706146,0.789142831518436,0.594215563299714,NA,NA,"future",0.405784436700286,-0.594215563299714,0,152,"Q3"
"9006",9006,"VMIUNC Greensboro2-11",2026-02-11,"conf","VMI","UNC Greensboro","SC","SC","A",NA,NA,0.081180331096308,0.281789356639244,0.789142831518436,0.9051126855927,NA,NA,"future",0.0948873144073005,-0.9051126855927,0,295,"Q4"
"9007",9007,"MarshallOld Dominion2-11",2026-02-11,"conf","Marshall","Old Dominion","SB","SB","A",NA,NA,0.405108655210775,0.413664087476716,0.789142831518436,0.841389735962245,NA,NA,"future",0.158610264037755,-0.841389735962245,0,250,"Q4"
"9008",9008,"Weber St.Idaho2-11",2026-02-11,"conf","Weber St.","Idaho","BSky","BSky","A",NA,NA,0.362300900236987,0.590672129177698,0.789142831518436,0.721722468107655,NA,NA,"future",0.278277531892345,-0.721722468107655,0,158,"Q3"
"9009",9009,"SeattleSanta Clara2-11",2026-02-11,"conf","Seattle","Santa Clara","WCC","WCC","A",NA,NA,0.605972048235407,0.904534982736246,0.789142831518436,0.28314899833366,NA,NA,"future",0.716851001666339,-0.28314899833366,0,44,"Q1"
"9010",9010,"Purdue Fort WayneGreen Bay2-12",2026-02-12,"conf","Green Bay","Purdue Fort Wayne","Horz","Horz","H",NA,NA,0.503482144436143,0.292872856878609,0.87694452176131,0.945074204187965,NA,NA,"future",0.054925795812035,-0.945074204187965,0,210,"Q4"
"9011",9011,"Detroit MercyWright St.2-12",2026-02-12,"conf","Wright St.","Detroit Mercy","Horz","Horz","H",NA,NA,0.717548418206008,0.268076298487336,0.87694452176131,0.951117264043805,NA,NA,"future",0.0488827359561953,-0.951117264043805,0,273,"Q4"
"9012",9012,"ValparaisoIllinois St.2-12",2026-02-12,"conf","Illinois St.","Valparaiso","MVC","MVC","H",NA,NA,0.816126473444108,0.458749949196083,0.87694452176131,0.893707567155318,NA,NA,"future",0.106292432844682,-0.893707567155318,0,171,"Q4"
"9013",9013,"BellarmineCentral Arkansas2-12",2026-02-12,"conf","Central Arkansas","Bellarmine","ASun","ASun","H",NA,NA,0.578184355364173,0.146521869965627,0.87694452176131,0.976476566376086,NA,NA,"future",0.0235234336239143,-0.976476566376086,0,291,"Q4"
"9014",9014,"Illinois ChicagoDrake2-12",2026-02-12,"conf","Drake","Illinois Chicago","MVC","MVC","H",NA,NA,0.53888123509143,0.500741447619587,0.87694452176131,0.876624116731868,NA,NA,"future",0.123375883268132,-0.876624116731868,0,161,"Q4"
"9015",9015,"PresbyterianCharleston Southern2-12",2026-02-12,"conf","Charleston Southern","Presbyterian","BSth","BSth","H",NA,NA,0.455058138848351,0.211694092348146,0.87694452176131,0.96368565745234,NA,NA,"future",0.03631434254766,-0.96368565745234,0,258,"Q4"
"9016",9016,"StonehillChicago St.2-12",2026-02-12,"conf","Chicago St.","Stonehill","NEC","NEC","H",NA,NA,0.131935258890074,0.0863616106872418,0.87694452176131,0.986909609419067,NA,NA,"future",0.0130903905809331,-0.986909609419067,0,337,"Q4"
"9017",9017,"EvansvilleSouthern Illinois2-12",2026-02-12,"conf","Southern Illinois","Evansville","MVC","MVC","H",NA,NA,0.58926743721773,0.195465563513328,0.87694452176131,0.967031802152611,NA,NA,"future",0.0329681978473889,-0.967031802152611,0,284,"Q4"
"9018",9018,"MaristMerrimack2-12",2026-02-12,"conf","Merrimack","Marist","MAAC","MAAC","H",NA,NA,0.494941213645724,0.444102896546951,0.87694452176131,0.899197121104733,NA,NA,"future",0.100802878895267,-0.899197121104733,0,150,"Q3"
"9019",9019,"William & MaryNortheastern2-12",2026-02-12,"conf","Northeastern","William & Mary","CAA","CAA","H",NA,NA,0.389208555122323,0.532570409595156,0.87694452176131,0.862159378953457,NA,NA,"future",0.137840621046543,-0.862159378953457,0,108,"Q3"
"9020",9020,"Idaho St.Eastern Washington2-12",2026-02-12,"conf","Eastern Washington","Idaho St.","BSky","BSky","H",NA,NA,0.461978641835474,0.328595781865349,0.87694452176131,0.935737061162961,NA,NA,"future",0.0642629388370387,-0.935737061162961,0,174,"Q4"
"9021",9021,"Central ConnecticutNew Haven2-12",2026-02-12,"conf","New Haven","Central Connecticut","NEC","NEC","H",NA,NA,0.189489062413694,0.185254014996825,0.87694452176131,0.969080387831991,NA,NA,"future",0.0309196121680093,-0.969080387831991,0,247,"Q4"
"9022",9022,"HofstraCharleston2-12",2026-02-12,"conf","Charleston","Hofstra","CAA","CAA","H",NA,NA,0.52079730801882,0.550605304781333,0.87694452176131,0.853296277500354,NA,NA,"future",0.146703722499646,-0.853296277500354,0,106,"Q3"
"9023",9023,"Sacramento St.Northern Colorado2-12",2026-02-12,"conf","Northern Colorado","Sacramento St.","BSky","BSky","H",NA,NA,0.60052552003834,0.187290241962568,0.87694452176131,0.96867531291602,NA,NA,"future",0.0313246870839802,-0.96867531291602,0,279,"Q4"
"9024",9024,"High PointUSC Upstate2-12",2026-02-12,"conf","USC Upstate","High Point","BSth","BSth","H",NA,NA,0.283031250289585,0.620370956724355,0.87694452176131,0.813465209380118,NA,NA,"future",0.186534790619882,-0.813465209380118,0,90,"Q3"
"9025",9025,"Georgia St.James Madison2-12",2026-02-12,"conf","James Madison","Georgia St.","SB","SB","H",NA,NA,0.385748212158963,0.207313157197796,0.87694452176131,0.964600153744441,NA,NA,"future",0.0353998462555593,-0.964600153744441,0,261,"Q4"
"9026",9026,"UMBCMaine2-12",2026-02-12,"conf","Maine","UMBC","AE","AE","H",NA,NA,0.117473612685145,0.209748829553563,0.87694452176131,0.96409275773184,NA,NA,"future",0.0359072422681594,-0.96409275773184,0,274,"Q4"
"9027",9027,"UT ArlingtonAbilene Christian2-12",2026-02-12,"conf","Abilene Christian","UT Arlington","WAC","WAC","H",NA,NA,0.395357780875213,0.429835729480134,0.87694452176131,0.90433348387365,NA,NA,"future",0.0956665161263495,-0.90433348387365,0,123,"Q3"
"9028",9028,"Oregon St.San Francisco2-12",2026-02-12,"conf","San Francisco","Oregon St.","WCC","WCC","H",NA,NA,0.739588765971914,0.33310428152549,0.87694452176131,0.934501532774554,NA,NA,"future",0.0654984672254456,-0.934501532774554,0,213,"Q4"
"9029",9029,"UC DavisUC San Diego2-12",2026-02-12,"conf","UC San Diego","UC Davis","BW","BW","H",NA,NA,0.734201130187246,0.410152855593226,0.87694452176131,0.911100116157902,NA,NA,"future",0.0888998838420977,-0.911100116157902,0,176,"Q4"
"9030",9030,"Murray St.Indiana St.2-12",2026-02-12,"conf","Indiana St.","Murray St.","MVC","MVC","H",NA,NA,0.52112194682298,0.635707651012394,0.87694452176131,0.803296496851395,NA,NA,"future",0.196703503148605,-0.803296496851395,0,74,"Q2"
"9031",9031,"HawaiiCal St. Bakersfield2-12",2026-02-12,"conf","Cal St. Bakersfield","Hawaii","BW","BW","H",NA,NA,0.265483872557692,0.653990887306024,0.87694452176131,0.790373812577229,NA,NA,"future",0.209626187422771,-0.790373812577229,0,97,"Q3"
"9032",9032,"UNC AshevilleLongwood2-12",2026-02-12,"conf","Longwood","UNC Asheville","BSth","BSth","H",NA,NA,0.312752660506419,0.274453641199316,0.87694452176131,0.949595279565646,NA,NA,"future",0.0504047204343535,-0.949595279565646,0,232,"Q4"
"9033",9033,"NJITNew Hampshire2-12",2026-02-12,"conf","New Hampshire","NJIT","AE","AE","H",NA,NA,0.294034884198752,0.108362596707915,0.87694452176131,0.983232201292529,NA,NA,"future",0.0167677987074712,-0.983232201292529,0,332,"Q4"
"9034",9034,"Stony BrookTowson2-12",2026-02-12,"conf","Towson","Stony Brook","CAA","CAA","H",NA,NA,0.507727245638924,0.309545341676412,0.87694452176131,0.940813650809901,NA,NA,"future",0.0591863491900992,-0.940813650809901,0,234,"Q4"
"9035",9035,"Coastal CarolinaLouisiana2-12",2026-02-12,"conf","Louisiana","Coastal Carolina","SB","SB","H",NA,NA,0.233108569263396,0.252170326443001,0.87694452176131,0.954820456841901,NA,NA,"future",0.0451795431580991,-0.954820456841901,0,235,"Q4"
"9036",9036,"Robert MorrisCleveland St.2-12",2026-02-12,"conf","Cleveland St.","Robert Morris","Horz","Horz","H",NA,NA,0.281782786451229,0.360345110834765,0.87694452176131,0.926741135334995,NA,NA,"future",0.0732588646650051,-0.926741135334995,0,186,"Q4"
"9037",9037,"MercyhurstLe Moyne2-12",2026-02-12,"conf","Le Moyne","Mercyhurst","NEC","NEC","H",NA,NA,0.367582572503491,0.197715059489074,0.87694452176131,0.966574696119011,NA,NA,"future",0.0334253038809886,-0.966574696119011,0,290,"Q4"
"9038",9038,"Middle TennesseeKennesaw St.2-12",2026-02-12,"conf","Kennesaw St.","Middle Tennessee","CUSA","CUSA","H",NA,NA,0.57740333990607,0.617437484215807,0.87694452176131,0.815345086458109,NA,NA,"future",0.184654913541891,-0.815345086458109,0,111,"Q3"
"9039",9039,"BryantUMass Lowell2-12",2026-02-12,"conf","UMass Lowell","Bryant","AE","AE","H",NA,NA,0.273410301879121,0.0698036017290083,0.87694452176131,0.989579639055569,NA,NA,"future",0.0104203609444309,-0.989579639055569,0,345,"Q4"
"9040",9040,"Youngstown St.Oakland2-12",2026-02-12,"conf","Oakland","Youngstown St.","Horz","Horz","H",NA,NA,0.639939911872445,0.38787784894262,0.87694452176131,0.918343480785251,NA,NA,"future",0.0816565192147493,-0.918343480785251,0,221,"Q4"
"9041",9041,"JacksonvilleStetson2-12",2026-02-12,"conf","Stetson","Jacksonville","ASun","ASun","H",NA,NA,0.223300374896591,0.161966016954007,0.87694452176131,0.973595990398377,NA,NA,"future",0.0264040096016227,-0.973595990398377,0,293,"Q4"
"9042",9042,"VermontBinghamton2-12",2026-02-12,"conf","Binghamton","Vermont","AE","AE","H",NA,NA,0.0832959988038982,0.297392585715157,0.87694452176131,0.943935425917984,NA,NA,"future",0.0560645740820156,-0.943935425917984,0,207,"Q4"
"9043",9043,"ElonUNC Wilmington2-12",2026-02-12,"conf","UNC Wilmington","Elon","CAA","CAA","H",NA,NA,0.611618585583143,0.417238728194965,0.87694452176131,0.908705250541613,NA,NA,"future",0.0912947494583871,-0.908705250541613,0,168,"Q4"
"9044",9044,"Little RockWestern Illinois2-12",2026-02-12,"conf","Western Illinois","Little Rock","OVC","OVC","H",NA,NA,0.107692571655567,0.127043860244037,0.87694452176131,0.979987080838008,NA,NA,"future",0.0200129191619924,-0.979987080838008,0,302,"Q4"
"9045",9045,"Cal BaptistSouthern Utah2-12",2026-02-12,"conf","Southern Utah","Cal Baptist","WAC","WAC","H",NA,NA,0.331760954622987,0.540609234029639,0.87694452176131,0.858272191250011,NA,NA,"future",0.141727808749989,-0.858272191250011,0,120,"Q3"
"9046",9046,"LIUWagner2-12",2026-02-12,"conf","Wagner","LIU","NEC","NEC","H",NA,NA,0.231947573900047,0.325501227881235,0.87694452176131,0.936577409173886,NA,NA,"future",0.0634225908261143,-0.936577409173886,0,201,"Q4"
"9047",9047,"Tennessee MartinLindenwood2-12",2026-02-12,"conf","Lindenwood","Tennessee Martin","OVC","OVC","H",NA,NA,0.442688901303207,0.237188051713002,0.87694452176131,0.958192248853182,NA,NA,"future",0.041807751146818,-0.958192248853182,0,187,"Q4"
"9048",9048,"Utah ValleyUtah Tech2-12",2026-02-12,"conf","Utah Tech","Utah Valley","WAC","WAC","H",NA,NA,0.479891400510013,0.65875856803625,0.87694452176131,0.786850012957824,NA,NA,"future",0.213149987042176,-0.786850012957824,0,96,"Q3"
"9049",9049,"Louisiana TechMissouri St.2-12",2026-02-12,"conf","Missouri St.","Louisiana Tech","CUSA","CUSA","H",NA,NA,0.618345928322213,0.208034428147825,0.87694452176131,0.964450169222807,NA,NA,"future",0.0355498307771926,-0.964450169222807,0,264,"Q4"
"9050",9050,"UC IrvineCal Poly2-12",2026-02-12,"conf","Cal Poly","UC Irvine","BW","BW","H",NA,NA,0.356782664805302,0.570843061730183,0.87694452176131,0.842708029324452,NA,NA,"future",0.157291970675548,-0.842708029324452,0,128,"Q3"
"9051",9051,"Saint FrancisFairleigh Dickinson2-12",2026-02-12,"conf","Fairleigh Dickinson","Saint Francis","NEC","NEC","H",NA,NA,0.183963005479034,0.0661980827384546,0.87694452176131,0.990150353814344,NA,NA,"future",0.00984964618565609,-0.990150353814344,0,354,"Q4"
"9052",9052,"Southeast Missouri St.SIU Edwardsville2-12",2026-02-12,"conf","SIU Edwardsville","Southeast Missouri St.","OVC","OVC","H",NA,NA,0.352740157956621,0.215113414869716,0.87694452176131,0.962966020309848,NA,NA,"future",0.0370339796901523,-0.962966020309848,0,242,"Q4"
"9053",9053,"WinthropGardner Webb2-12",2026-02-12,"conf","Gardner Webb","Winthrop","BSth","BSth","H",NA,NA,0.0575179811498203,0.429719171865507,0.87694452176131,0.904374623248957,NA,NA,"future",0.095625376751043,-0.904374623248957,0,130,"Q3"
"9054",9054,"Tennessee TechMorehead St.2-12",2026-02-12,"conf","Morehead St.","Tennessee Tech","OVC","OVC","H",NA,NA,0.270894090214231,0.08709095231161,0.87694452176131,0.986790111553305,NA,NA,"future",0.0132098884466947,-0.986790111553305,0,331,"Q4"
"9055",9055,"Portland St.Northern Arizona2-12",2026-02-12,"conf","Northern Arizona","Portland St.","BSky","BSky","H",NA,NA,0.24304227579025,0.428876901216264,0.87694452176131,0.904671517158032,NA,NA,"future",0.0953284828419685,-0.904671517158032,0,137,"Q3"
"9056",9056,"Northern KentuckyIU Indy2-12",2026-02-12,"conf","IU Indy","Northern Kentucky","Horz","Horz","H",NA,NA,0.293111925980727,0.406379079596688,0.87694452176131,0.91235726676444,NA,NA,"future",0.0876427332355595,-0.91235726676444,0,177,"Q4"
"9057",9057,"UMKCOral Roberts2-12",2026-02-12,"conf","Oral Roberts","UMKC","Sum","Sum","H",NA,NA,0.246336680636335,0.0841485058607757,0.87694452176131,0.987271223453189,NA,NA,"future",0.0127287765468107,-0.987271223453189,0,346,"Q4"
"9058",9058,"DelawareFIU2-12",2026-02-12,"conf","FIU","Delaware","CUSA","CUSA","H",NA,NA,0.568091309363212,0.176954731417496,0.87694452176131,0.970714096550497,NA,NA,"future",0.0292859034495031,-0.970714096550497,0,300,"Q4"
"9059",9059,"UC Santa BarbaraUC Riverside2-12",2026-02-12,"conf","UC Riverside","UC Santa Barbara","BW","BW","H",NA,NA,0.32462968162574,0.483931703427263,0.87694452176131,0.883716358848983,NA,NA,"future",0.116283641151017,-0.883716358848983,0,145,"Q3"
"9060",9060,"Northern IowaBelmont2-12",2026-02-12,"conf","Belmont","Northern Iowa","MVC","MVC","H",NA,NA,0.80633083929574,0.62119758035374,0.87694452176131,0.812931803778752,NA,NA,"future",0.187068196221248,-0.812931803778752,0,102,"Q3"
"9061",9061,"St. ThomasNebraska Omaha2-12",2026-02-12,"conf","Nebraska Omaha","St. Thomas","Sum","Sum","H",NA,NA,0.38253352780429,0.564022211588619,0.87694452176131,0.846356554376,NA,NA,"future",0.153643445624,-0.846356554376,0,116,"Q3"
"9062",9062,"Cal St. FullertonLong Beach St.2-12",2026-02-12,"conf","Long Beach St.","Cal St. Fullerton","BW","BW","H",NA,NA,0.420920977464503,0.331925225797259,0.87694452176131,0.934825940311833,NA,NA,"future",0.0651740596881669,-0.934825940311833,0,200,"Q4"
"9063",9063,"MonmouthDrexel2-12",2026-02-12,"conf","Drexel","Monmouth","CAA","CAA","H",NA,NA,0.506908140029048,0.318339421823734,0.87694452176131,0.938498639231933,NA,NA,"future",0.0615013607680674,-0.938498639231933,0,204,"Q4"
"9064",9064,"MemphisNorth Texas2-12",2026-02-12,"conf","North Texas","Memphis","Amer","Amer","H",NA,NA,0.61394540023339,0.647741340141445,0.87694452176131,0.794894141174265,NA,NA,"future",0.205105858825735,-0.794894141174265,0,112,"Q3"
"9065",9065,"South AlabamaSouthern Miss2-12",2026-02-12,"conf","Southern Miss","South Alabama","SB","SB","H",NA,NA,0.436163066612626,0.306238592181222,0.87694452176131,0.941671849852463,NA,NA,"future",0.0583281501475374,-0.941671849852463,0,197,"Q4"
"9066",9066,"Tennessee St.Southern Indiana2-12",2026-02-12,"conf","Southern Indiana","Tennessee St.","OVC","OVC","H",NA,NA,0.167812136503116,0.211923958515258,0.87694452176131,0.963637441578405,NA,NA,"future",0.0363625584215946,-0.963637441578405,0,229,"Q4"
"9067",9067,"South Dakota St.Denver2-12",2026-02-12,"conf","Denver","South Dakota St.","Sum","Sum","H",NA,NA,0.405627761111882,0.37728213329656,0.87694452176131,0.921644883236383,NA,NA,"future",0.0783551167636174,-0.921644883236383,0,180,"Q4"
"9068",9068,"Purdue Fort WayneGreen Bay2-12",2026-02-12,"conf","Purdue Fort Wayne","Green Bay","Horz","Horz","A",NA,NA,0.292872856878609,0.503482144436143,0.789142831518436,0.786815794214538,NA,NA,"future",0.213184205785462,-0.786815794214538,0,230,"Q3"
"9069",9069,"Detroit MercyWright St.2-12",2026-02-12,"conf","Detroit Mercy","Wright St.","Horz","Horz","A",NA,NA,0.268076298487336,0.717548418206008,0.789142831518436,0.595664611268505,NA,NA,"future",0.404335388731495,-0.595664611268505,0,136,"Q3"
"9070",9070,"ValparaisoIllinois St.2-12",2026-02-12,"conf","Valparaiso","Illinois St.","MVC","MVC","A",NA,NA,0.458749949196083,0.816126473444108,0.789142831518436,0.457464356306282,NA,NA,"future",0.542535643693718,-0.457464356306282,0,79,"Q2"
"9071",9071,"BellarmineCentral Arkansas2-12",2026-02-12,"conf","Bellarmine","Central Arkansas","ASun","ASun","A",NA,NA,0.146521869965627,0.578184355364173,0.789142831518436,0.73193102040683,NA,NA,"future",0.26806897959317,-0.73193102040683,0,206,"Q3"
"9072",9072,"Illinois ChicagoDrake2-12",2026-02-12,"conf","Illinois Chicago","Drake","MVC","MVC","A",NA,NA,0.500741447619587,0.53888123509143,0.789142831518436,0.762045499978807,NA,NA,"future",0.237954500021193,-0.762045499978807,0,166,"Q3"
"9073",9073,"PresbyterianCharleston Southern2-12",2026-02-12,"conf","Presbyterian","Charleston Southern","BSth","BSth","A",NA,NA,0.211694092348146,0.455058138848351,0.789142831518436,0.817577500727398,NA,NA,"future",0.182422499272602,-0.817577500727398,0,219,"Q3"
"9074",9074,"StonehillChicago St.2-12",2026-02-12,"conf","Stonehill","Chicago St.","NEC","NEC","A",NA,NA,0.0863616106872418,0.131935258890074,0.789142831518436,0.960974076944283,NA,NA,"future",0.0390259230557167,-0.960974076944283,0,352,"Q4"
"9075",9075,"EvansvilleSouthern Illinois2-12",2026-02-12,"conf","Evansville","Southern Illinois","MVC","MVC","A",NA,NA,0.195465563513328,0.58926743721773,0.789142831518436,0.722887195145564,NA,NA,"future",0.277112804854436,-0.722887195145564,0,143,"Q3"
"9076",9076,"MaristMerrimack2-12",2026-02-12,"conf","Marist","Merrimack","MAAC","MAAC","A",NA,NA,0.444102896546951,0.494941213645724,0.789142831518436,0.792490301797105,NA,NA,"future",0.207509698202895,-0.792490301797105,0,217,"Q3"
"9077",9077,"William & MaryNortheastern2-12",2026-02-12,"conf","William & Mary","Northeastern","CAA","CAA","A",NA,NA,0.532570409595156,0.389208555122323,0.789142831518436,0.854508227313528,NA,NA,"future",0.145491772686472,-0.854508227313528,0,249,"Q4"
"9078",9078,"Idaho St.Eastern Washington2-12",2026-02-12,"conf","Idaho St.","Eastern Washington","BSky","BSky","A",NA,NA,0.328595781865349,0.461978641835474,0.789142831518436,0.81338334131993,NA,NA,"future",0.18661665868007,-0.81338334131993,0,254,"Q4"
"9079",9079,"Central ConnecticutNew Haven2-12",2026-02-12,"conf","Central Connecticut","New Haven","NEC","NEC","A",NA,NA,0.185254014996825,0.189489062413694,0.789142831518436,0.941204763963868,NA,NA,"future",0.0587952360361323,-0.941204763963868,0,326,"Q4"
"9080",9080,"HofstraCharleston2-12",2026-02-12,"conf","Hofstra","Charleston","CAA","CAA","A",NA,NA,0.550605304781333,0.52079730801882,0.789142831518436,0.774959275716584,NA,NA,"future",0.225040724283416,-0.774959275716584,0,175,"Q3"
"9081",9081,"Sacramento St.Northern Colorado2-12",2026-02-12,"conf","Sacramento St.","Northern Colorado","BSky","BSky","A",NA,NA,0.187290241962568,0.60052552003834,0.789142831518436,0.713431964782188,NA,NA,"future",0.286568035217812,-0.713431964782188,0,164,"Q3"
"9082",9082,"High PointUSC Upstate2-12",2026-02-12,"conf","High Point","USC Upstate","BSth","BSth","A",NA,NA,0.620370956724355,0.283031250289585,0.789142831518436,0.904585070554709,NA,NA,"future",0.0954149294452906,-0.904585070554709,0,285,"Q4"
"9083",9083,"Georgia St.James Madison2-12",2026-02-12,"conf","Georgia St.","James Madison","SB","SB","A",NA,NA,0.207313157197796,0.385748212158963,0.789142831518436,0.85631149644305,NA,NA,"future",0.14368850355695,-0.85631149644305,0,244,"Q4"
"9084",9084,"UMBCMaine2-12",2026-02-12,"conf","UMBC","Maine","AE","AE","A",NA,NA,0.209748829553563,0.117473612685145,0.789142831518436,0.965654705788423,NA,NA,"future",0.0343452942115771,-0.965654705788423,0,343,"Q4"
"9085",9085,"UT ArlingtonAbilene Christian2-12",2026-02-12,"conf","UT Arlington","Abilene Christian","WAC","WAC","A",NA,NA,0.429835729480134,0.395357780875213,0.789142831518436,0.851271945390759,NA,NA,"future",0.148728054609241,-0.851271945390759,0,241,"Q4"
"9086",9086,"Oregon St.San Francisco2-12",2026-02-12,"conf","Oregon St.","San Francisco","WCC","WCC","A",NA,NA,0.33310428152549,0.739588765971914,0.789142831518436,0.568549132866206,NA,NA,"future",0.431450867133794,-0.568549132866206,0,107,"Q2"
"9087",9087,"UC DavisUC San Diego2-12",2026-02-12,"conf","UC Davis","UC San Diego","BW","BW","A",NA,NA,0.410152855593226,0.734201130187246,0.789142831518436,0.575352440331897,NA,NA,"future",0.424647559668103,-0.575352440331897,0,98,"Q2"
"9088",9088,"Murray St.Indiana St.2-12",2026-02-12,"conf","Murray St.","Indiana St.","MVC","MVC","A",NA,NA,0.635707651012394,0.52112194682298,0.789142831518436,0.774732331268569,NA,NA,"future",0.225267668731431,-0.774732331268569,0,205,"Q3"
"9089",9089,"HawaiiCal St. Bakersfield2-12",2026-02-12,"conf","Hawaii","Cal St. Bakersfield","BW","BW","A",NA,NA,0.653990887306024,0.265483872557692,0.789142831518436,0.911929432395944,NA,NA,"future",0.0880705676040564,-0.911929432395944,0,301,"Q4"
"9090",9090,"UNC AshevilleLongwood2-12",2026-02-12,"conf","UNC Asheville","Longwood","BSth","BSth","A",NA,NA,0.274453641199316,0.312752660506419,0.789142831518436,0.891586317792624,NA,NA,"future",0.108413682207376,-0.891586317792624,0,271,"Q4"
"9091",9091,"NJITNew Hampshire2-12",2026-02-12,"conf","NJIT","New Hampshire","AE","AE","A",NA,NA,0.108362596707915,0.294034884198752,0.789142831518436,0.899856735898056,NA,NA,"future",0.100143264101944,-0.899856735898056,0,323,"Q4"
"9092",9092,"Stony BrookTowson2-12",2026-02-12,"conf","Stony Brook","Towson","CAA","CAA","A",NA,NA,0.309545341676412,0.507727245638924,0.789142831518436,0.783953308037154,NA,NA,"future",0.216046691962846,-0.783953308037154,0,162,"Q3"
"9093",9093,"Coastal CarolinaLouisiana2-12",2026-02-12,"conf","Coastal Carolina","Louisiana","SB","SB","A",NA,NA,0.252170326443001,0.233108569263396,0.789142831518436,0.924882092909863,NA,NA,"future",0.0751179070901371,-0.924882092909863,0,334,"Q4"
"9094",9094,"Robert MorrisCleveland St.2-12",2026-02-12,"conf","Robert Morris","Cleveland St.","Horz","Horz","A",NA,NA,0.360345110834765,0.281782786451229,0.789142831518436,0.905115473700407,NA,NA,"future",0.0948845262995927,-0.905115473700407,0,321,"Q4"
"9095",9095,"MercyhurstLe Moyne2-12",2026-02-12,"conf","Mercyhurst","Le Moyne","NEC","NEC","A",NA,NA,0.197715059489074,0.367582572503491,0.789142831518436,0.865572723413798,NA,NA,"future",0.134427276586202,-0.865572723413798,0,263,"Q4"
"9096",9096,"Middle TennesseeKennesaw St.2-12",2026-02-12,"conf","Middle Tennessee","Kennesaw St.","CUSA","CUSA","A",NA,NA,0.617437484215807,0.57740333990607,0.789142831518436,0.732558726349593,NA,NA,"future",0.267441273650407,-0.732558726349593,0,159,"Q3"
"9097",9097,"BryantUMass Lowell2-12",2026-02-12,"conf","Bryant","UMass Lowell","AE","AE","A",NA,NA,0.0698036017290083,0.273410301879121,0.789142831518436,0.908641117556753,NA,NA,"future",0.091358882443247,-0.908641117556753,0,319,"Q4"
"9098",9098,"Youngstown St.Oakland2-12",2026-02-12,"conf","Youngstown St.","Oakland","Horz","Horz","A",NA,NA,0.38787784894262,0.639939911872445,0.789142831518436,0.678014683260013,NA,NA,"future",0.321985316739987,-0.678014683260013,0,135,"Q2"
"9099",9099,"JacksonvilleStetson2-12",2026-02-12,"conf","Jacksonville","Stetson","ASun","ASun","A",NA,NA,0.161966016954007,0.223300374896591,0.789142831518436,0.928661106603634,NA,NA,"future",0.0713388933963659,-0.928661106603634,0,327,"Q4"
"9100",9100,"VermontBinghamton2-12",2026-02-12,"conf","Vermont","Binghamton","AE","AE","A",NA,NA,0.297392585715157,0.0832959988038982,0.789142831518436,0.976296658657706,NA,NA,"future",0.0237033413422945,-0.976296658657706,0,362,"Q4"
"9101",9101,"ElonUNC Wilmington2-12",2026-02-12,"conf","Elon","UNC Wilmington","CAA","CAA","A",NA,NA,0.417238728194965,0.611618585583143,0.789142831518436,0.703838784355614,NA,NA,"future",0.296161215644386,-0.703838784355614,0,109,"Q2"
"9102",9102,"Little RockWestern Illinois2-12",2026-02-12,"conf","Little Rock","Western Illinois","OVC","OVC","A",NA,NA,0.127043860244037,0.107692571655567,0.789142831518436,0.968759361171826,NA,NA,"future",0.0312406388281743,-0.968759361171826,0,356,"Q4"
"9103",9103,"Cal BaptistSouthern Utah2-12",2026-02-12,"conf","Cal Baptist","Southern Utah","WAC","WAC","A",NA,NA,0.540609234029639,0.331760954622987,0.789142831518436,0.882880763427249,NA,NA,"future",0.117119236572751,-0.882880763427249,0,294,"Q4"
"9104",9104,"LIUWagner2-12",2026-02-12,"conf","LIU","Wagner","NEC","NEC","A",NA,NA,0.325501227881235,0.231947573900047,0.789142831518436,0.925332829516718,NA,NA,"future",0.0746671704832819,-0.925332829516718,0,324,"Q4"
"9105",9105,"Tennessee MartinLindenwood2-12",2026-02-12,"conf","Tennessee Martin","Lindenwood","OVC","OVC","A",NA,NA,0.237188051713002,0.442688901303207,0.789142831518436,0.824917009807152,NA,NA,"future",0.175082990192848,-0.824917009807152,0,224,"Q3"
"9106",9106,"Utah ValleyUtah Tech2-12",2026-02-12,"conf","Utah Valley","Utah Tech","WAC","WAC","A",NA,NA,0.65875856803625,0.479891400510013,0.789142831518436,0.802222630355226,NA,NA,"future",0.197777369644774,-0.802222630355226,0,199,"Q3"
"9107",9107,"Louisiana TechMissouri St.2-12",2026-02-12,"conf","Louisiana Tech","Missouri St.","CUSA","CUSA","A",NA,NA,0.208034428147825,0.618345928322213,0.789142831518436,0.697882118549372,NA,NA,"future",0.302117881450628,-0.697882118549372,0,191,"Q3"
"9108",9108,"UC IrvineCal Poly2-12",2026-02-12,"conf","UC Irvine","Cal Poly","BW","BW","A",NA,NA,0.570843061730183,0.356782664805302,0.789142831518436,0.870920500600285,NA,NA,"future",0.129079499399715,-0.870920500600285,0,257,"Q4"
"9109",9109,"Saint FrancisFairleigh Dickinson2-12",2026-02-12,"conf","Saint Francis","Fairleigh Dickinson","NEC","NEC","A",NA,NA,0.0661980827384546,0.183963005479034,0.789142831518436,0.943186569817656,NA,NA,"future",0.0568134301823435,-0.943186569817656,0,339,"Q4"
"9110",9110,"Southeast Missouri St.SIU Edwardsville2-12",2026-02-12,"conf","Southeast Missouri St.","SIU Edwardsville","OVC","OVC","A",NA,NA,0.215113414869716,0.352740157956621,0.789142831518436,0.872892862348331,NA,NA,"future",0.127107137651669,-0.872892862348331,0,255,"Q4"
"9111",9111,"WinthropGardner Webb2-12",2026-02-12,"conf","Winthrop","Gardner Webb","BSth","BSth","A",NA,NA,0.429719171865507,0.0575179811498203,0.789142831518436,0.983955042501081,NA,NA,"future",0.016044957498919,-0.983955042501081,0,363,"Q4"
"9112",9112,"Tennessee TechMorehead St.2-12",2026-02-12,"conf","Tennessee Tech","Morehead St.","OVC","OVC","A",NA,NA,0.08709095231161,0.270894090214231,0.789142831518436,0.909690142816319,NA,NA,"future",0.0903098571836806,-0.909690142816319,0,286,"Q4"
"9113",9113,"Portland St.Northern Arizona2-12",2026-02-12,"conf","Portland St.","Northern Arizona","BSky","BSky","A",NA,NA,0.428876901216264,0.24304227579025,0.789142831518436,0.920987351691882,NA,NA,"future",0.079012648308118,-0.920987351691882,0,318,"Q4"
"9114",9114,"Northern KentuckyIU Indy2-12",2026-02-12,"conf","Northern Kentucky","IU Indy","Horz","Horz","A",NA,NA,0.406379079596688,0.293111925980727,0.789142831518436,0.900257068363485,NA,NA,"future",0.0997429316365148,-0.900257068363485,0,310,"Q4"
"9115",9115,"UMKCOral Roberts2-12",2026-02-12,"conf","UMKC","Oral Roberts","Sum","Sum","A",NA,NA,0.0841485058607757,0.246336680636335,0.789142831518436,0.919680424700408,NA,NA,"future",0.080319575299592,-0.919680424700408,0,317,"Q4"
"9116",9116,"DelawareFIU2-12",2026-02-12,"conf","Delaware","FIU","CUSA","CUSA","A",NA,NA,0.176954731417496,0.568091309363212,0.789142831518436,0.739948017865934,NA,NA,"future",0.260051982134066,-0.739948017865934,0,198,"Q3"
"9117",9117,"UC Santa BarbaraUC Riverside2-12",2026-02-12,"conf","UC Santa Barbara","UC Riverside","BW","BW","A",NA,NA,0.483931703427263,0.32462968162574,0.789142831518436,0.886184093747293,NA,NA,"future",0.113815906252707,-0.886184093747293,0,283,"Q4"
"9118",9118,"Northern IowaBelmont2-12",2026-02-12,"conf","Northern Iowa","Belmont","MVC","MVC","A",NA,NA,0.62119758035374,0.80633083929574,0.789142831518436,0.473381084368494,NA,NA,"future",0.526618915631506,-0.473381084368494,0,64,"Q1"
"9119",9119,"St. ThomasNebraska Omaha2-12",2026-02-12,"conf","St. Thomas","Nebraska Omaha","Sum","Sum","A",NA,NA,0.564022211588619,0.38253352780429,0.789142831518436,0.857975360620707,NA,NA,"future",0.142024639379293,-0.857975360620707,0,281,"Q4"
"9120",9120,"Cal St. FullertonLong Beach St.2-12",2026-02-12,"conf","Cal St. Fullerton","Long Beach St.","BW","BW","A",NA,NA,0.331925225797259,0.420920977464503,0.789142831518436,0.837366165744844,NA,NA,"future",0.162633834255156,-0.837366165744844,0,240,"Q3"
"9121",9121,"MonmouthDrexel2-12",2026-02-12,"conf","Monmouth","Drexel","CAA","CAA","A",NA,NA,0.318339421823734,0.506908140029048,0.789142831518436,0.78450783990208,NA,NA,"future",0.21549216009792,-0.78450783990208,0,211,"Q3"
"9122",9122,"MemphisNorth Texas2-12",2026-02-12,"conf","Memphis","North Texas","Amer","Amer","A",NA,NA,0.647741340141445,0.61394540023339,0.789142831518436,0.701790604371229,NA,NA,"future",0.298209395628771,-0.701790604371229,0,147,"Q3"
"9123",9123,"South AlabamaSouthern Miss2-12",2026-02-12,"conf","South Alabama","Southern Miss","SB","SB","A",NA,NA,0.306238592181222,0.436163066612626,0.789142831518436,0.828710427563868,NA,NA,"future",0.171289572436132,-0.828710427563868,0,236,"Q3"
"9124",9124,"Tennessee St.Southern Indiana2-12",2026-02-12,"conf","Tennessee St.","Southern Indiana","OVC","OVC","A",NA,NA,0.211923958515258,0.167812136503116,0.789142831518436,0.94887383530995,NA,NA,"future",0.05112616469005,-0.94887383530995,0,338,"Q4"
"9125",9125,"South Dakota St.Denver2-12",2026-02-12,"conf","South Dakota St.","Denver","Sum","Sum","A",NA,NA,0.37728213329656,0.405627761111882,0.789142831518436,0.845774407421677,NA,NA,"future",0.154225592578323,-0.845774407421677,0,251,"Q4"
"9126",9126,"Saint Peter'sSacred Heart2-13",2026-02-13,"conf","Sacred Heart","Saint Peter's","MAAC","MAAC","H",NA,NA,0.302151169708424,0.312643989802408,0.87694452176131,0.940003404180597,NA,NA,"future",0.0599965958194028,-0.940003404180597,0,223,"Q4"
"9127",9127,"YaleDartmouth2-13",2026-02-13,"conf","Dartmouth","Yale","Ivy","Ivy","H",NA,NA,0.465558838117583,0.697398462944221,0.87694452176131,0.755630003204374,NA,NA,"future",0.244369996795626,-0.755630003204374,0,61,"Q2"
"9128",9128,"BrownHarvard2-13",2026-02-13,"conf","Harvard","Brown","Ivy","Ivy","H",NA,NA,0.510633319046039,0.22903256495286,0.87694452176131,0.959982199400525,NA,NA,"future",0.0400178005994747,-0.959982199400525,0,275,"Q4"
"9129",9129,"QuinnipiacSiena2-13",2026-02-13,"conf","Siena","Quinnipiac","MAAC","MAAC","H",NA,NA,0.54942727469335,0.407246884569133,0.87694452176131,0.912069287849074,NA,NA,"future",0.0879307121509264,-0.912069287849074,0,184,"Q4"
"9130",9130,"Saint LouisLoyola Chicago2-13",2026-02-13,"conf","Loyola Chicago","Saint Louis","A10","A10","H",NA,NA,0.28923647413666,0.882079346144617,0.87694452176131,0.487886969241814,NA,NA,"future",0.512113030758186,-0.487886969241814,0,22,"Q1"
"9131",9131,"ColumbiaPenn2-13",2026-02-13,"conf","Penn","Columbia","Ivy","Ivy","H",NA,NA,0.554637837343646,0.408052728218098,0.87694452176131,0.911801277983662,NA,NA,"future",0.0881987220163379,-0.911801277983662,0,151,"Q3"
"9132",9132,"CornellPrinceton2-13",2026-02-13,"conf","Princeton","Cornell","Ivy","Ivy","H",NA,NA,0.452029450467109,0.377743777487108,0.87694452176131,0.921502900364643,NA,NA,"future",0.0784970996353572,-0.921502900364643,0,188,"Q4"
"9133",9133,"IonaCanisius2-13",2026-02-13,"conf","Canisius","Iona","MAAC","MAAC","H",NA,NA,0.168655818164591,0.289732912826144,0.87694452176131,0.945858398301721,NA,NA,"future",0.054141601698279,-0.945858398301721,0,218,"Q4"
"9134",9134,"UNLVBoise St.2-13",2026-02-13,"conf","Boise St.","UNLV","MWC","MWC","H",NA,NA,0.83001126375618,0.560876007034628,0.87694452176131,0.848011636054,NA,NA,"future",0.151988363946,-0.848011636054,0,127,"Q3"
"9135",9135,"Mount St. Mary'sRider2-13",2026-02-13,"conf","Rider","Mount St. Mary's","MAAC","MAAC","H",NA,NA,0.124145130175934,0.171353269912124,0.87694452176131,0.97180128755884,NA,NA,"future",0.0281987124411597,-0.97180128755884,0,304,"Q4"
"9136",9136,"George MasonGeorge Washington2-13",2026-02-13,"conf","George Washington","George Mason","A10","A10","H",NA,NA,0.805846857394486,0.622989999921908,0.87694452176131,0.811769579931046,NA,NA,"future",0.188230420068954,-0.811769579931046,0,63,"Q2"
"9137",9137,"Michigan St.Wisconsin2-13",2026-02-13,"conf","Wisconsin","Michigan St.","B10","B10","H",NA,NA,0.913235229454143,0.932129770868875,0.87694452176131,0.341623855432532,NA,NA,"future",0.658376144567468,-0.341623855432532,0,11,"Q1"
"9138",9138,"ManhattanNiagara2-13",2026-02-13,"conf","Niagara","Manhattan","MAAC","MAAC","H",NA,NA,0.127205292330729,0.115503480599443,0.87694452176131,0.982005422167543,NA,NA,"future",0.0179945778324567,-0.982005422167543,0,330,"Q4"
"9139",9139,"HamptonNorth Carolina A&T2-13",2026-02-13,"conf","North Carolina A&T","Hampton","CAA","CAA","N",NA,NA,0.217022815270932,0.285888193374331,0.837778001870703,0.928057475417574,NA,NA,"future",0.0719425245824262,-0.928057475417574,0,238,"Q4"
"9140",9140,"Saint Peter'sSacred Heart2-13",2026-02-13,"conf","Saint Peter's","Sacred Heart","MAAC","MAAC","A",NA,NA,0.312643989802408,0.302151169708424,0.789142831518436,0.896306351960381,NA,NA,"future",0.103693648039619,-0.896306351960381,0,287,"Q4"
"9141",9141,"YaleDartmouth2-13",2026-02-13,"conf","Yale","Dartmouth","Ivy","Ivy","A",NA,NA,0.697398462944221,0.465558838117583,0.789142831518436,0.811188227275576,NA,NA,"future",0.188811772724424,-0.811188227275576,0,222,"Q3"
"9142",9142,"BrownHarvard2-13",2026-02-13,"conf","Brown","Harvard","Ivy","Ivy","A",NA,NA,0.22903256495286,0.510633319046039,0.789142831518436,0.781977323713595,NA,NA,"future",0.218022676286405,-0.781977323713595,0,182,"Q3"
"9143",9143,"QuinnipiacSiena2-13",2026-02-13,"conf","Quinnipiac","Siena","MAAC","MAAC","A",NA,NA,0.407246884569133,0.54942727469335,0.789142831518436,0.75425005854782,NA,NA,"future",0.24574994145218,-0.75425005854782,0,172,"Q3"
"9144",9144,"Saint LouisLoyola Chicago2-13",2026-02-13,"conf","Saint Louis","Loyola Chicago","A10","A10","A",NA,NA,0.882079346144617,0.28923647413666,0.789142831518436,0.901930542270354,NA,NA,"future",0.0980694577296459,-0.901930542270354,0,315,"Q4"
"9145",9145,"ColumbiaPenn2-13",2026-02-13,"conf","Columbia","Penn","Ivy","Ivy","A",NA,NA,0.408052728218098,0.554637837343646,0.789142831518436,0.750323581088423,NA,NA,"future",0.249676418911577,-0.750323581088423,0,178,"Q3"
"9146",9146,"CornellPrinceton2-13",2026-02-13,"conf","Cornell","Princeton","Ivy","Ivy","A",NA,NA,0.377743777487108,0.452029450467109,0.789142831518436,0.819393021194762,NA,NA,"future",0.180606978805238,-0.819393021194762,0,239,"Q3"
"9147",9147,"IonaCanisius2-13",2026-02-13,"conf","Iona","Canisius","MAAC","MAAC","A",NA,NA,0.289732912826144,0.168655818164591,0.789142831518436,0.948580548987064,NA,NA,"future",0.051419451012936,-0.948580548987064,0,342,"Q4"
"9148",9148,"UNLVBoise St.2-13",2026-02-13,"conf","UNLV","Boise St.","MWC","MWC","A",NA,NA,0.560876007034628,0.83001126375618,0.789142831518436,0.433903907888668,NA,NA,"future",0.566096092111332,-0.433903907888668,0,71,"Q1"
"9149",9149,"Mount St. Mary'sRider2-13",2026-02-13,"conf","Mount St. Mary's","Rider","MAAC","MAAC","A",NA,NA,0.171353269912124,0.124145130175934,0.789142831518436,0.963508975356504,NA,NA,"future",0.0364910246434962,-0.963508975356504,0,357,"Q4"
"9150",9150,"George MasonGeorge Washington2-13",2026-02-13,"conf","George Mason","George Washington","A10","A10","A",NA,NA,0.622989999921908,0.805846857394486,0.789142831518436,0.474153029460988,NA,NA,"future",0.525846970539012,-0.474153029460988,0,75,"Q1"
"9151",9151,"Michigan St.Wisconsin2-13",2026-02-13,"conf","Michigan St.","Wisconsin","B10","B10","A",NA,NA,0.932129770868875,0.913235229454143,0.789142831518436,0.262304234633571,NA,NA,"future",0.737695765366429,-0.262304234633571,0,36,"Q1"
"9152",9152,"ManhattanNiagara2-13",2026-02-13,"conf","Manhattan","Niagara","MAAC","MAAC","A",NA,NA,0.115503480599443,0.127205292330729,0.789142831518436,0.962517008599123,NA,NA,"future",0.0374829914008765,-0.962517008599123,0,355,"Q4"
"9153",9153,"HamptonNorth Carolina A&T2-13",2026-02-13,"conf","Hampton","North Carolina A&T","CAA","CAA","N",NA,NA,0.285888193374331,0.217022815270932,0.837778001870703,0.949063138156892,NA,NA,"future",0.0509368618431082,-0.949063138156892,0,270,"Q4"
"9154",9154,"ArmyAmerican2-14",2026-02-14,"conf","American","Army","Pat","Pat","H",NA,NA,0.508095570002426,0.121286957424866,0.87694452176131,0.980999516370392,NA,NA,"future",0.0190004836296076,-0.980999516370392,0,320,"Q4"
"9155",9155,"CharlestonCampbell2-14",2026-02-14,"conf","Campbell","Charleston","CAA","CAA","H",NA,NA,0.480657896699851,0.363361259870032,0.87694452176131,0.92584938839268,NA,NA,"future",0.0741506116073203,-0.92584938839268,0,175,"Q4"
"9156",9156,"SMUSyracuse2-14",2026-02-14,"conf","Syracuse","SMU","ACC","ACC","H",NA,NA,0.839475742553748,0.852332367434774,0.87694452176131,0.55250469969308,NA,NA,"future",0.44749530030692,-0.55250469969308,0,30,"Q1"
"9157",9157,"Ohio St.Virginia2-14",2026-02-14,"nc","Virginia","Ohio St.","ACC","B10","N",NA,NA,0.956944349895441,0.861070583290885,0.837778001870703,0.454520285240866,NA,NA,"future",0.545479714759134,-0.454520285240866,0,35,"Q1"
"9158",9158,"Loyola MarymountPepperdine2-14",2026-02-14,"conf","Pepperdine","Loyola Marymount","WCC","WCC","H",NA,NA,0.346226240798316,0.409607691238367,0.87694452176131,0.911282503732018,NA,NA,"future",0.0887174962679816,-0.911282503732018,0,170,"Q4"
"9159",9159,"Kansas St.Houston2-14",2026-02-14,"conf","Houston","Kansas St.","B12","B12","H",NA,NA,0.978859960512281,0.660770736289095,0.87694452176131,0.785342749205728,NA,NA,"future",0.214657250794272,-0.785342749205728,0,82,"Q3"
"9160",9160,"Arkansas Pine BluffAlabama St.2-14",2026-02-14,"conf","Alabama St.","Arkansas Pine Bluff","SWAC","SWAC","H",NA,NA,0.268009882386887,0.210499397365107,0.87694452176131,0.963935877536827,NA,NA,"future",0.0360641224631731,-0.963935877536827,0,311,"Q4"
"9161",9161,"YaleHarvard2-14",2026-02-14,"conf","Harvard","Yale","Ivy","Ivy","H",NA,NA,0.510633319046039,0.697398462944221,0.87694452176131,0.755630003204374,NA,NA,"future",0.244369996795626,-0.755630003204374,0,61,"Q2"
"9162",9162,"Southeast Missouri St.Lindenwood2-14",2026-02-14,"conf","Lindenwood","Southeast Missouri St.","OVC","OVC","H",NA,NA,0.442688901303207,0.215113414869716,0.87694452176131,0.962966020309848,NA,NA,"future",0.0370339796901523,-0.962966020309848,0,242,"Q4"
"9163",9163,"TulsaWichita St.2-14",2026-02-14,"conf","Wichita St.","Tulsa","Amer","Amer","H",NA,NA,0.738904436061514,0.756867007275388,0.87694452176131,0.695980430402939,NA,NA,"future",0.304019569597061,-0.695980430402939,0,47,"Q2"
"9164",9164,"South AlabamaArkansas St.2-14",2026-02-14,"conf","Arkansas St.","South Alabama","SB","SB","H",NA,NA,0.643792601240604,0.306238592181222,0.87694452176131,0.941671849852463,NA,NA,"future",0.0583281501475374,-0.941671849852463,0,197,"Q4"
"9165",9165,"Morgan St.South Carolina St.2-14",2026-02-14,"conf","South Carolina St.","Morgan St.","MEAC","MEAC","H",NA,NA,0.0923660430113964,0.0419653130687214,0.87694452176131,0.99389090633261,NA,NA,"future",0.00610909366739021,-0.99389090633261,0,361,"Q4"
"9166",9166,"GonzagaSanta Clara2-14",2026-02-14,"conf","Santa Clara","Gonzaga","WCC","WCC","H",NA,NA,0.904534982736246,0.937344159237918,0.87694452176131,0.32265760727251,NA,NA,"future",0.67734239272749,-0.32265760727251,0,4,"Q1"
"9167",9167,"Mississippi St.Mississippi2-14",2026-02-14,"conf","Mississippi","Mississippi St.","SEC","SEC","H",NA,NA,0.782795445947566,0.637216067206247,0.87694452176131,0.802264340981144,NA,NA,"future",0.197735659018856,-0.802264340981144,0,99,"Q3"
"9168",9168,"Western CarolinaChattanooga2-14",2026-02-14,"conf","Chattanooga","Western Carolina","SC","SC","H",NA,NA,0.31417384513742,0.189337564487005,0.87694452176131,0.968266322969144,NA,NA,"future",0.0317336770308555,-0.968266322969144,0,289,"Q4"
"9169",9169,"CornellPenn2-14",2026-02-14,"conf","Penn","Cornell","Ivy","Ivy","H",NA,NA,0.554637837343646,0.377743777487108,0.87694452176131,0.921502900364643,NA,NA,"future",0.0784970996353572,-0.921502900364643,0,188,"Q4"
"9170",9170,"East CarolinaRice2-14",2026-02-14,"conf","Rice","East Carolina","Amer","Amer","H",NA,NA,0.456337279232508,0.157608291479868,0.87694452176131,0.974417735158404,NA,NA,"future",0.0255822648415964,-0.974417735158404,0,299,"Q4"
"9171",9171,"Grand CanyonSan Jose St.2-14",2026-02-14,"conf","San Jose St.","Grand Canyon","MWC","MWC","H",NA,NA,0.426462166380668,0.739302448616464,0.87694452176131,0.715339957295419,NA,NA,"future",0.284660042704581,-0.715339957295419,0,86,"Q3"
"9172",9172,"LSUTennessee2-14",2026-02-14,"conf","Tennessee","LSU","SEC","SEC","H",NA,NA,0.951108153148531,0.778358211737825,0.87694452176131,0.669889229359921,NA,NA,"future",0.330110770640079,-0.669889229359921,0,50,"Q2"
"9173",9173,"BellarmineAustin Peay2-14",2026-02-14,"conf","Austin Peay","Bellarmine","ASun","ASun","H",NA,NA,0.626176067152334,0.146521869965627,0.87694452176131,0.976476566376086,NA,NA,"future",0.0235234336239143,-0.976476566376086,0,291,"Q4"
"9174",9174,"Southeastern LouisianaNorthwestern St.2-14",2026-02-14,"conf","Northwestern St.","Southeastern Louisiana","Slnd","Slnd","H",NA,NA,0.284845739227625,0.210763265088124,0.87694452176131,0.963880666391084,NA,NA,"future",0.0361193336089162,-0.963880666391084,0,288,"Q4"
"9175",9175,"ColumbiaPrinceton2-14",2026-02-14,"conf","Princeton","Columbia","Ivy","Ivy","H",NA,NA,0.452029450467109,0.408052728218098,0.87694452176131,0.911801277983662,NA,NA,"future",0.0881987220163379,-0.911801277983662,0,151,"Q3"
"9176",9176,"Louisiana MonroeTexas St.2-14",2026-02-14,"conf","Texas St.","Louisiana Monroe","SB","SB","H",NA,NA,0.382567816926111,0.0612505362259951,0.87694452176131,0.990927418635129,NA,NA,"future",0.0090725813648711,-0.990927418635129,0,359,"Q4"
"9177",9177,"ElonWilliam & Mary2-14",2026-02-14,"conf","William & Mary","Elon","CAA","CAA","H",NA,NA,0.684495357208954,0.417238728194965,0.87694452176131,0.908705250541613,NA,NA,"future",0.0912947494583871,-0.908705250541613,0,168,"Q4"
"9178",9178,"TCUOklahoma St.2-14",2026-02-14,"conf","Oklahoma St.","TCU","B12","B12","H",NA,NA,0.819344264260517,0.771350152968443,0.87694452176131,0.678711743570353,NA,NA,"future",0.321288256429647,-0.678711743570353,0,46,"Q2"
"9179",9179,"TexasMissouri2-14",2026-02-14,"conf","Missouri","Texas","SEC","SEC","H",NA,NA,0.837628198528992,0.805200835828333,0.87694452176131,0.632901780263016,NA,NA,"future",0.367098219736984,-0.632901780263016,0,43,"Q2"
"9180",9180,"NorthwesternNebraska2-14",2026-02-14,"conf","Nebraska","Northwestern","B10","B10","H",NA,NA,0.960111303481749,0.745990934106807,0.87694452176131,0.708160123263315,NA,NA,"future",0.291839876736685,-0.708160123263315,0,69,"Q2"
"9181",9181,"Florida St.Virginia Tech2-14",2026-02-14,"conf","Virginia Tech","Florida St.","ACC","ACC","H",NA,NA,0.853893151640768,0.567618274698031,0.87694452176131,0.844443407314126,NA,NA,"future",0.155556592685874,-0.844443407314126,0,115,"Q3"
"9182",9182,"West VirginiaUCF2-14",2026-02-14,"conf","UCF","West Virginia","B12","B12","H",NA,NA,0.866736847529921,0.780378589803463,0.87694452176131,0.667285774701098,NA,NA,"future",0.332714225298902,-0.667285774701098,0,59,"Q2"
"9183",9183,"PittsburghNorth Carolina2-14",2026-02-14,"conf","North Carolina","Pittsburgh","ACC","ACC","H",NA,NA,0.914942599410585,0.587700127965515,0.87694452176131,0.83332008576474,NA,NA,"future",0.16667991423526,-0.83332008576474,0,121,"Q3"
"9184",9184,"StetsonFlorida Gulf Coast2-14",2026-02-14,"conf","Florida Gulf Coast","Stetson","ASun","ASun","H",NA,NA,0.459203789369559,0.131178587745499,0.87694452176131,0.979252959192397,NA,NA,"future",0.020747040807603,-0.979252959192397,0,327,"Q4"
"9185",9185,"MarquetteXavier2-14",2026-02-14,"conf","Xavier","Marquette","BE","BE","H",NA,NA,0.780139218822579,0.526647022481542,0.87694452176131,0.864960820902639,NA,NA,"future",0.135039179097361,-0.864960820902639,0,142,"Q3"
"9186",9186,"ToledoBowling Green2-14",2026-02-14,"conf","Bowling Green","Toledo","MAC","MAC","H",NA,NA,0.717673284740088,0.405578446649967,0.87694452176131,0.912622369732399,NA,NA,"future",0.0873776302676009,-0.912622369732399,0,169,"Q4"
"9187",9187,"Stephen F. AustinUT Rio Grande Valley2-14",2026-02-14,"conf","UT Rio Grande Valley","Stephen F. Austin","Slnd","Slnd","H",NA,NA,0.55726232666861,0.698277000404957,0.87694452176131,0.75485983588986,NA,NA,"future",0.24514016411014,-0.75485983588986,0,88,"Q3"
"9188",9188,"St. ThomasUMKC2-14",2026-02-14,"conf","UMKC","St. Thomas","Sum","Sum","H",NA,NA,0.148903257972366,0.564022211588619,0.87694452176131,0.846356554376,NA,NA,"future",0.153643445624,-0.846356554376,0,116,"Q3"
"9189",9189,"GeorgetownConnecticut2-14",2026-02-14,"conf","Connecticut","Georgetown","BE","BE","H",NA,NA,0.972195245967499,0.594254951891872,0.87694452176131,0.829519401147896,NA,NA,"future",0.170480598852104,-0.829519401147896,0,118,"Q3"
"9190",9190,"LibertyUTEP2-14",2026-02-14,"conf","UTEP","Liberty","CUSA","CUSA","H",NA,NA,0.346704940492434,0.617063960398147,0.87694452176131,0.815583004897484,NA,NA,"future",0.184416995102516,-0.815583004897484,0,84,"Q3"
"9191",9191,"Central ConnecticutFairleigh Dickinson2-14",2026-02-14,"conf","Fairleigh Dickinson","Central Connecticut","NEC","NEC","H",NA,NA,0.183963005479034,0.185254014996825,0.87694452176131,0.969080387831991,NA,NA,"future",0.0309196121680093,-0.969080387831991,0,247,"Q4"
"9192",9192,"Florida A&MJackson St.2-14",2026-02-14,"conf","Jackson St.","Florida A&M","SWAC","SWAC","H",NA,NA,0.203615154509213,0.193160437433708,0.87694452176131,0.967498013170315,NA,NA,"future",0.0325019868296846,-0.967498013170315,0,307,"Q4"
"9193",9193,"Tennessee TechSouthern Indiana2-14",2026-02-14,"conf","Southern Indiana","Tennessee Tech","OVC","OVC","H",NA,NA,0.167812136503116,0.08709095231161,0.87694452176131,0.986790111553305,NA,NA,"future",0.0132098884466947,-0.986790111553305,0,331,"Q4"
"9194",9194,"Portland St.Northern Colorado2-14",2026-02-14,"conf","Northern Colorado","Portland St.","BSky","BSky","H",NA,NA,0.60052552003834,0.428876901216264,0.87694452176131,0.904671517158032,NA,NA,"future",0.0953284828419685,-0.904671517158032,0,137,"Q3"
"9195",9195,"Georgia TechNotre Dame2-14",2026-02-14,"conf","Notre Dame","Georgia Tech","ACC","ACC","H",NA,NA,0.775906977662226,0.493378438439407,0.87694452176131,0.879774473681039,NA,NA,"future",0.120225526318961,-0.879774473681039,0,146,"Q3"
"9196",9196,"OhioMiami OH2-14",2026-02-14,"conf","Miami OH","Ohio","MAC","MAC","H",NA,NA,0.813854927875804,0.300680871365136,0.87694452176131,0.943099418758103,NA,NA,"future",0.0569005812418973,-0.943099418758103,0,216,"Q4"
"9197",9197,"Idaho St.Idaho2-14",2026-02-14,"conf","Idaho","Idaho St.","BSky","BSky","H",NA,NA,0.590672129177698,0.328595781865349,0.87694452176131,0.935737061162961,NA,NA,"future",0.0642629388370387,-0.935737061162961,0,174,"Q4"
"9198",9198,"WoffordUNC Greensboro2-14",2026-02-14,"conf","UNC Greensboro","Wofford","SC","SC","H",NA,NA,0.281789356639244,0.281320852120458,0.87694452176131,0.947931772553643,NA,NA,"future",0.0520682274463571,-0.947931772553643,0,225,"Q4"
"9199",9199,"UC Santa BarbaraCal Poly2-14",2026-02-14,"conf","Cal Poly","UC Santa Barbara","BW","BW","H",NA,NA,0.356782664805302,0.483931703427263,0.87694452176131,0.883716358848983,NA,NA,"future",0.116283641151017,-0.883716358848983,0,145,"Q3"
"9200",9200,"Sacramento St.Northern Arizona2-14",2026-02-14,"conf","Northern Arizona","Sacramento St.","BSky","BSky","H",NA,NA,0.24304227579025,0.187290241962568,0.87694452176131,0.96867531291602,NA,NA,"future",0.0313246870839802,-0.96867531291602,0,279,"Q4"
"9201",9201,"KansasIowa St.2-14",2026-02-14,"conf","Iowa St.","Kansas","B12","B12","H",NA,NA,0.963201567205515,0.923435166348524,0.87694452176131,0.371414287559022,NA,NA,"future",0.628585712440978,-0.371414287559022,0,18,"Q1"
"9202",9202,"Kent St.Ball St.2-14",2026-02-14,"conf","Ball St.","Kent St.","MAC","MAC","H",NA,NA,0.288514481287383,0.481287807626764,0.87694452176131,0.884800030107753,NA,NA,"future",0.115199969892247,-0.884800030107753,0,148,"Q3"
"9203",9203,"Gardner WebbHigh Point2-14",2026-02-14,"conf","High Point","Gardner Webb","BSth","BSth","H",NA,NA,0.756790844012223,0.031054600359691,0.87694452176131,0.995522798064527,NA,NA,"future",0.00447720193547285,-0.995522798064527,0,363,"Q4"
"9204",9204,"UMBCNew Hampshire2-14",2026-02-14,"conf","New Hampshire","UMBC","AE","AE","H",NA,NA,0.294034884198752,0.209748829553563,0.87694452176131,0.96409275773184,NA,NA,"future",0.0359072422681594,-0.96409275773184,0,274,"Q4"
"9205",9205,"Charleston SouthernRadford2-14",2026-02-14,"conf","Radford","Charleston Southern","BSth","BSth","H",NA,NA,0.361659659316487,0.304852499335177,0.87694452176131,0.942029615136421,NA,NA,"future",0.0579703848635789,-0.942029615136421,0,219,"Q4"
"9206",9206,"TroySouthern Miss2-14",2026-02-14,"conf","Southern Miss","Troy","SB","SB","H",NA,NA,0.436163066612626,0.574223488770011,0.87694452176131,0.840868495508097,NA,NA,"future",0.159131504491903,-0.840868495508097,0,103,"Q3"
"9207",9207,"Mississippi Valley St.Alabama A&M2-14",2026-02-14,"conf","Alabama A&M","Mississippi Valley St.","SWAC","SWAC","H",NA,NA,0.264840745295219,0.0200041175334786,0.87694452176131,0.997143844867186,NA,NA,"future",0.00285615513281423,-0.997143844867186,0,365,"Q4"
"9208",9208,"UC RiversideUC San Diego2-14",2026-02-14,"conf","UC San Diego","UC Riverside","BW","BW","H",NA,NA,0.734201130187246,0.201552689174799,0.87694452176131,0.965789939307561,NA,NA,"future",0.0342100606924388,-0.965789939307561,0,283,"Q4"
"9209",9209,"LehighLafayette2-14",2026-02-14,"conf","Lafayette","Lehigh","Pat","Pat","H",NA,NA,0.247759908493423,0.155993773443698,0.87694452176131,0.974720382753838,NA,NA,"future",0.0252796172461617,-0.974720382753838,0,298,"Q4"
"9210",9210,"Maryland Eastern ShoreHoward2-14",2026-02-14,"conf","Howard","Maryland Eastern Shore","MEAC","MEAC","H",NA,NA,0.366972280657132,0.112768939573491,0.87694452176131,0.98247717744524,NA,NA,"future",0.0175228225547599,-0.98247717744524,0,325,"Q4"
"9211",9211,"FurmanVMI2-14",2026-02-14,"conf","VMI","Furman","SC","SC","H",NA,NA,0.144010141026281,0.389531071962605,0.87694452176131,0.917820216149874,NA,NA,"future",0.0821797838501265,-0.917820216149874,0,189,"Q4"
"9212",9212,"USC UpstateLongwood2-14",2026-02-14,"conf","Longwood","USC Upstate","BSth","BSth","H",NA,NA,0.312752660506419,0.171715590878374,0.87694452176131,0.97173133605275,NA,NA,"future",0.0282686639472497,-0.97173133605275,0,285,"Q4"
"9213",9213,"DuquesneSt. Bonaventure2-14",2026-02-14,"conf","St. Bonaventure","Duquesne","A10","A10","H",NA,NA,0.588463345654528,0.509896069293123,0.87694452176131,0.872608167411856,NA,NA,"future",0.127391832588144,-0.872608167411856,0,155,"Q3"
"9214",9214,"Montana St.Montana2-14",2026-02-14,"conf","Montana","Montana St.","BSky","BSky","H",NA,NA,0.633343943366853,0.518194021185584,0.87694452176131,0.868869531125587,NA,NA,"future",0.131130468874413,-0.868869531125587,0,134,"Q3"
"9215",9215,"FordhamRhode Island2-14",2026-02-14,"conf","Rhode Island","Fordham","A10","A10","H",NA,NA,0.656655293009964,0.363206300265358,0.87694452176131,0.925895367207,NA,NA,"future",0.0741046327929997,-0.925895367207,0,226,"Q4"
"9216",9216,"McNeese St.East Texas A&M2-14",2026-02-14,"conf","East Texas A&M","McNeese St.","Slnd","Slnd","H",NA,NA,0.343115860118082,0.683026270437139,0.87694452176131,0.767829201135309,NA,NA,"future",0.232170798864691,-0.767829201135309,0,57,"Q2"
"9217",9217,"Georgia St.Old Dominion2-14",2026-02-14,"conf","Old Dominion","Georgia St.","SB","SB","H",NA,NA,0.413664087476716,0.207313157197796,0.87694452176131,0.964600153744441,NA,NA,"future",0.0353998462555593,-0.964600153744441,0,261,"Q4"
"9218",9218,"Chicago St.Le Moyne2-14",2026-02-14,"conf","Le Moyne","Chicago St.","NEC","NEC","H",NA,NA,0.367582572503491,0.0739186417080468,0.87694452176131,0.988923656012592,NA,NA,"future",0.011076343987408,-0.988923656012592,0,352,"Q4"
"9219",9219,"SouthernPrairie View A&M2-14",2026-02-14,"conf","Prairie View A&M","Southern","SWAC","SWAC","H",NA,NA,0.284102058387528,0.265907681407748,0.87694452176131,0.951629886177392,NA,NA,"future",0.0483701138226084,-0.951629886177392,0,278,"Q4"
"9220",9220,"Cal St. FullertonUC Irvine2-14",2026-02-14,"conf","UC Irvine","Cal St. Fullerton","BW","BW","H",NA,NA,0.71694009377673,0.331925225797259,0.87694452176131,0.934825940311833,NA,NA,"future",0.0651740596881669,-0.934825940311833,0,200,"Q4"
"9221",9221,"West GeorgiaCentral Arkansas2-14",2026-02-14,"conf","Central Arkansas","West Georgia","ASun","ASun","H",NA,NA,0.578184355364173,0.124454025605907,0.87694452176131,0.980443929756687,NA,NA,"future",0.0195560702433134,-0.980443929756687,0,322,"Q4"
"9222",9222,"Tarleton St.Abilene Christian2-14",2026-02-14,"conf","Abilene Christian","Tarleton St.","WAC","WAC","H",NA,NA,0.395357780875213,0.400519815714214,0.87694452176131,0.914284499452316,NA,NA,"future",0.0857155005476835,-0.914284499452316,0,185,"Q4"
"9223",9223,"Texas A&MVanderbilt2-14",2026-02-14,"conf","Vanderbilt","Texas A&M","SEC","SEC","H",NA,NA,0.960919519146125,0.85060177721884,0.87694452176131,0.555885454080178,NA,NA,"future",0.444114545919822,-0.555885454080178,0,41,"Q2"
"9224",9224,"BryantVermont2-14",2026-02-14,"conf","Vermont","Bryant","AE","AE","H",NA,NA,0.446282341818913,0.0698036017290083,0.87694452176131,0.989579639055569,NA,NA,"future",0.0104203609444309,-0.989579639055569,0,345,"Q4"
"9225",9225,"HawaiiCal St. Northridge2-14",2026-02-14,"conf","Cal St. Northridge","Hawaii","BW","BW","H",NA,NA,0.543814122124777,0.653990887306024,0.87694452176131,0.790373812577229,NA,NA,"future",0.209626187422771,-0.790373812577229,0,97,"Q3"
"9226",9226,"New Mexico St.Jacksonville St.2-14",2026-02-14,"conf","Jacksonville St.","New Mexico St.","CUSA","CUSA","H",NA,NA,0.444551537137328,0.516577137332239,0.87694452176131,0.869605543564459,NA,NA,"future",0.130394456435541,-0.869605543564459,0,140,"Q3"
"9227",9227,"Appalachian St.James Madison2-14",2026-02-14,"conf","James Madison","Appalachian St.","SB","SB","H",NA,NA,0.385748212158963,0.322413113123934,0.87694452176131,0.937409842186305,NA,NA,"future",0.0625901578136946,-0.937409842186305,0,212,"Q4"
"9228",9228,"North FloridaJacksonville2-14",2026-02-14,"conf","Jacksonville","North Florida","ASun","ASun","H",NA,NA,0.269014167855688,0.130909333469256,0.87694452176131,0.979300944347944,NA,NA,"future",0.0206990556520561,-0.979300944347944,0,341,"Q4"
"9229",9229,"GeorgiaOklahoma2-14",2026-02-14,"conf","Oklahoma","Georgia","SEC","SEC","H",NA,NA,0.795763730228384,0.851354270638983,0.87694452176131,0.554420048271428,NA,NA,"future",0.445579951728572,-0.554420048271428,0,24,"Q1"
"9230",9230,"SamfordEast Tennessee St.2-14",2026-02-14,"conf","East Tennessee St.","Samford","SC","SC","H",NA,NA,0.607991931766003,0.172321727445834,0.87694452176131,0.971614197909055,NA,NA,"future",0.0283858020909451,-0.971614197909055,0,269,"Q4"
"9231",9231,"Long Beach St.UC Davis2-14",2026-02-14,"conf","UC Davis","Long Beach St.","BW","BW","H",NA,NA,0.569719928859357,0.276270766068189,0.87694452176131,0.949157607123227,NA,NA,"future",0.0508423928767727,-0.949157607123227,0,240,"Q4"
"9232",9232,"AlbanyBinghamton2-14",2026-02-14,"conf","Binghamton","Albany","AE","AE","H",NA,NA,0.0832959988038982,0.187386733437233,0.87694452176131,0.968656075522331,NA,NA,"future",0.0313439244776691,-0.968656075522331,0,309,"Q4"
"9233",9233,"ColoradoBYU2-14",2026-02-14,"conf","BYU","Colorado","B12","B12","H",NA,NA,0.943249231571529,0.640434349812151,0.87694452176131,0.800042273749593,NA,NA,"future",0.199957726250407,-0.800042273749593,0,78,"Q3"
"9234",9234,"Grambling St.Texas Southern2-14",2026-02-14,"conf","Texas Southern","Grambling St.","SWAC","SWAC","H",NA,NA,0.218447040616154,0.233559697555641,0.87694452176131,0.958992470941088,NA,NA,"future",0.0410075290589117,-0.958992470941088,0,266,"Q4"
"9235",9235,"LamarTexas A&M Corpus Chris2-14",2026-02-14,"conf","Texas A&M Corpus Chris","Lamar","Slnd","Slnd","H",NA,NA,0.574962601011334,0.29006579149575,0.87694452176131,0.945775529853966,NA,NA,"future",0.0542244701460342,-0.945775529853966,0,220,"Q4"
"9236",9236,"Tennessee MartinSIU Edwardsville2-14",2026-02-14,"conf","SIU Edwardsville","Tennessee Martin","OVC","OVC","H",NA,NA,0.352740157956621,0.237188051713002,0.87694452176131,0.958192248853182,NA,NA,"future",0.041807751146818,-0.958192248853182,0,187,"Q4"
"9237",9237,"HofstraUNC Wilmington2-14",2026-02-14,"conf","UNC Wilmington","Hofstra","CAA","CAA","H",NA,NA,0.611618585583143,0.550605304781333,0.87694452176131,0.853296277500354,NA,NA,"future",0.146703722499646,-0.853296277500354,0,106,"Q3"
"9238",9238,"Little RockEastern Illinois2-14",2026-02-14,"conf","Eastern Illinois","Little Rock","OVC","OVC","H",NA,NA,0.254464105144106,0.127043860244037,0.87694452176131,0.979987080838008,NA,NA,"future",0.0200129191619924,-0.979987080838008,0,302,"Q4"
"9239",9239,"Cal BaptistUtah Tech2-14",2026-02-14,"conf","Utah Tech","Cal Baptist","WAC","WAC","H",NA,NA,0.479891400510013,0.540609234029639,0.87694452176131,0.858272191250011,NA,NA,"future",0.141727808749989,-0.858272191250011,0,120,"Q3"
"9240",9240,"NJITMaine2-14",2026-02-14,"conf","Maine","NJIT","AE","AE","H",NA,NA,0.117473612685145,0.108362596707915,0.87694452176131,0.983232201292529,NA,NA,"future",0.0167677987074712,-0.983232201292529,0,332,"Q4"
"9241",9241,"MercerThe Citadel2-14",2026-02-14,"conf","The Citadel","Mercer","SC","SC","H",NA,NA,0.140154923802397,0.497972452629038,0.87694452176131,0.877817047848107,NA,NA,"future",0.122182952151893,-0.877817047848107,0,125,"Q3"
"9242",9242,"ClemsonDuke2-14",2026-02-14,"conf","Duke","Clemson","ACC","ACC","H",NA,NA,0.967169328775528,0.887421585948118,0.87694452176131,0.474805920858777,NA,NA,"future",0.525194079141223,-0.474805920858777,0,32,"Q2"
"9243",9243,"Western MichiganEastern Michigan2-14",2026-02-14,"conf","Eastern Michigan","Western Michigan","MAC","MAC","H",NA,NA,0.534059422473723,0.256976620663072,0.87694452176131,0.953715171476899,NA,NA,"future",0.0462848285231012,-0.953715171476899,0,256,"Q4"
"9244",9244,"Miami FLN.C. State2-14",2026-02-14,"conf","N.C. State","Miami FL","ACC","ACC","H",NA,NA,0.928506150979041,0.797942523828166,0.87694452176131,0.643439496156293,NA,NA,"future",0.356560503843707,-0.643439496156293,0,37,"Q2"
"9245",9245,"South Dakota St.Oral Roberts2-14",2026-02-14,"conf","Oral Roberts","South Dakota St.","Sum","Sum","H",NA,NA,0.246336680636335,0.37728213329656,0.87694452176131,0.921644883236383,NA,NA,"future",0.0783551167636174,-0.921644883236383,0,180,"Q4"
"9246",9246,"UCLAMichigan2-14",2026-02-14,"conf","Michigan","UCLA","B10","B10","H",NA,NA,0.98755383780862,0.799123308329882,0.87694452176131,0.64175383145719,NA,NA,"future",0.35824616854281,-0.64175383145719,0,40,"Q2"
"9247",9247,"Northern IllinoisCentral Michigan2-14",2026-02-14,"conf","Central Michigan","Northern Illinois","MAC","MAC","H",NA,NA,0.241994330286212,0.136539414444762,0.87694452176131,0.978292340323179,NA,NA,"future",0.0217076596768214,-0.978292340323179,0,312,"Q4"
"9248",9248,"NevadaSan Diego St.2-14",2026-02-14,"conf","San Diego St.","Nevada","MWC","MWC","H",NA,NA,0.88804009035819,0.739452783455418,0.87694452176131,0.715181068389696,NA,NA,"future",0.284818931610304,-0.715181068389696,0,65,"Q2"
"9249",9249,"Louisiana TechFIU2-14",2026-02-14,"conf","FIU","Louisiana Tech","CUSA","CUSA","H",NA,NA,0.568091309363212,0.208034428147825,0.87694452176131,0.964450169222807,NA,NA,"future",0.0355498307771926,-0.964450169222807,0,264,"Q4"
"9250",9250,"Texas TechArizona2-14",2026-02-14,"conf","Arizona","Texas Tech","B12","B12","H",NA,NA,0.977752465301565,0.914150403527372,0.87694452176131,0.400930435453587,NA,NA,"future",0.599069564546413,-0.400930435453587,0,17,"Q1"
"9251",9251,"BaylorLouisville2-14",2026-02-14,"nc","Louisville","Baylor","ACC","B12","N",NA,NA,0.946656802749613,0.797816469804423,0.837778001870703,0.566868177066302,NA,NA,"future",0.433131822933698,-0.566868177066302,0,53,"Q2"
"9252",9252,"WagnerStonehill2-14",2026-02-14,"conf","Stonehill","Wagner","NEC","NEC","H",NA,NA,0.152535767937579,0.136887136003035,0.87694452176131,0.978229684731794,NA,NA,"future",0.0217703152682057,-0.978229684731794,0,324,"Q4"
"9253",9253,"PurdueIowa2-14",2026-02-14,"conf","Iowa","Purdue","B10","B10","H",NA,NA,0.951016965997977,0.942325072165618,0.87694452176131,0.303704422926014,NA,NA,"future",0.696295577073986,-0.303704422926014,0,5,"Q1"
"9254",9254,"PresbyterianUNC Asheville2-14",2026-02-14,"conf","UNC Asheville","Presbyterian","BSth","BSth","H",NA,NA,0.418702865698982,0.211694092348146,0.87694452176131,0.96368565745234,NA,NA,"future",0.03631434254766,-0.96368565745234,0,258,"Q4"
"9255",9255,"WyomingColorado St.2-14",2026-02-14,"conf","Colorado St.","Wyoming","MWC","MWC","H",NA,NA,0.761948848530048,0.628540397083757,0.87694452176131,0.80812121966831,NA,NA,"future",0.19187878033169,-0.80812121966831,0,100,"Q3"
"9256",9256,"Middle TennesseeWestern Kentucky2-14",2026-02-14,"conf","Western Kentucky","Middle Tennessee","CUSA","CUSA","H",NA,NA,0.539993818540962,0.617437484215807,0.87694452176131,0.815345086458109,NA,NA,"future",0.184654913541891,-0.815345086458109,0,111,"Q3"
"9257",9257,"LipscombQueens2-14",2026-02-14,"conf","Queens","Lipscomb","ASun","ASun","H",NA,NA,0.515663678728228,0.400063738169319,0.87694452176131,0.914433271367804,NA,NA,"future",0.0855667286321963,-0.914433271367804,0,160,"Q3"
"9258",9258,"MinnesotaWashington2-14",2026-02-14,"conf","Washington","Minnesota","B10","B10","H",NA,NA,0.850500833069505,0.730929552070615,0.87694452176131,0.724014798467854,NA,NA,"future",0.275985201532146,-0.724014798467854,0,83,"Q3"
"9259",9259,"DelawareMissouri St.2-14",2026-02-14,"conf","Missouri St.","Delaware","CUSA","CUSA","H",NA,NA,0.618345928322213,0.176954731417496,0.87694452176131,0.970714096550497,NA,NA,"future",0.0292859034495031,-0.970714096550497,0,300,"Q4"
"9260",9260,"TowsonMonmouth2-14",2026-02-14,"conf","Monmouth","Towson","CAA","CAA","H",NA,NA,0.470690741874601,0.35134538872408,0.87694452176131,0.929362589848566,NA,NA,"future",0.0706374101514337,-0.929362589848566,0,162,"Q4"
"9261",9261,"St. John'sProvidence2-14",2026-02-14,"conf","Providence","St. John's","BE","BE","H",NA,NA,0.803485279294478,0.894211859941309,0.87694452176131,0.457429346097337,NA,NA,"future",0.542570653902663,-0.457429346097337,0,23,"Q1"
"9262",9262,"Tennessee St.Morehead St.2-14",2026-02-14,"conf","Morehead St.","Tennessee St.","OVC","OVC","H",NA,NA,0.270894090214231,0.211923958515258,0.87694452176131,0.963637441578405,NA,NA,"future",0.0363625584215946,-0.963637441578405,0,229,"Q4"
"9263",9263,"Bethune CookmanAlcorn St.2-14",2026-02-14,"conf","Alcorn St.","Bethune Cookman","SWAC","SWAC","H",NA,NA,0.174056746218553,0.251758726760507,0.87694452176131,0.954914569002642,NA,NA,"future",0.0450854309973584,-0.954914569002642,0,268,"Q4"
"9264",9264,"South CarolinaAlabama2-14",2026-02-14,"conf","Alabama","South Carolina","SEC","SEC","H",NA,NA,0.954434190116709,0.702029460608034,0.87694452176131,0.751537221073831,NA,NA,"future",0.248462778926169,-0.751537221073831,0,85,"Q3"
"9265",9265,"Coppin St.North Carolina Central2-14",2026-02-14,"conf","North Carolina Central","Coppin St.","MEAC","MEAC","H",NA,NA,0.146611416892688,0.0259808577725411,0.87694452176131,0.996271000581672,NA,NA,"future",0.00372899941832849,-0.996271000581672,0,364,"Q4"
"9266",9266,"AuburnArkansas2-14",2026-02-14,"conf","Arkansas","Auburn","SEC","SEC","H",NA,NA,0.944779447184236,0.84883999378349,0.87694452176131,0.559288913239661,NA,NA,"future",0.440711086760339,-0.559288913239661,0,34,"Q2"
"9267",9267,"BrownDartmouth2-14",2026-02-14,"conf","Dartmouth","Brown","Ivy","Ivy","H",NA,NA,0.465558838117583,0.22903256495286,0.87694452176131,0.959982199400525,NA,NA,"future",0.0400178005994747,-0.959982199400525,0,275,"Q4"
"9268",9268,"MassachusettsAkron2-14",2026-02-14,"conf","Akron","Massachusetts","MAC","MAC","H",NA,NA,0.848029041448943,0.413278035203541,0.87694452176131,0.910049454018875,NA,NA,"future",0.0899505459811247,-0.910049454018875,0,195,"Q4"
"9269",9269,"VCURichmond2-14",2026-02-14,"conf","Richmond","VCU","A10","A10","H",NA,NA,0.660447080764919,0.722299621864947,0.87694452176131,0.732611158893325,NA,NA,"future",0.267388841106675,-0.732611158893325,0,55,"Q2"
"9270",9270,"MemphisUtah St.2-14",2026-02-14,"nc","Utah St.","Memphis","MWC","Amer","H",NA,NA,0.914720101774999,0.647741340141445,0.87694452176131,0.794894141174265,NA,NA,"future",0.205105858825735,-0.794894141174265,0,112,"Q3"
"9271",9271,"Eastern KentuckyNorth Alabama2-14",2026-02-14,"conf","North Alabama","Eastern Kentucky","ASun","ASun","H",NA,NA,0.155996475577486,0.223192376556858,0.87694452176131,0.961244908789494,NA,NA,"future",0.0387550912105064,-0.961244908789494,0,262,"Q4"
"9272",9272,"CaliforniaBoston College2-14",2026-02-14,"conf","Boston College","California","ACC","ACC","H",NA,NA,0.611273164360049,0.717957478164634,0.87694452176131,0.736810404185855,NA,NA,"future",0.263189595814145,-0.736810404185855,0,60,"Q2"
"9273",9273,"MarshallGeorgia Southern2-14",2026-02-14,"conf","Georgia Southern","Marshall","SB","SB","H",NA,NA,0.400249732677704,0.405108655210775,0.87694452176131,0.912777664866289,NA,NA,"future",0.087222335133711,-0.912777664866289,0,138,"Q3"
"9274",9274,"Southern UtahUT Arlington2-14",2026-02-14,"conf","UT Arlington","Southern Utah","WAC","WAC","H",NA,NA,0.58940849732773,0.206808186371712,0.87694452176131,0.964705025156547,NA,NA,"future",0.0352949748434535,-0.964705025156547,0,294,"Q4"
"9275",9275,"Delaware St.Norfolk St.2-14",2026-02-14,"conf","Norfolk St.","Delaware St.","MEAC","MEAC","H",NA,NA,0.214099252585284,0.0497573037483458,0.87694452176131,0.99270589963853,NA,NA,"future",0.00729410036147027,-0.99270589963853,0,358,"Q4"
"9276",9276,"KentuckyFlorida2-14",2026-02-14,"conf","Florida","Kentucky","SEC","SEC","H",NA,NA,0.967769745662781,0.817212751797622,0.87694452176131,0.614491502801326,NA,NA,"future",0.385508497198674,-0.614491502801326,0,31,"Q2"
"9277",9277,"Penn St.Oregon2-14",2026-02-14,"conf","Oregon","Penn St.","B10","B10","H",NA,NA,0.81299290274961,0.48720277375858,0.87694452176131,0.882363892431686,NA,NA,"future",0.117636107568314,-0.882363892431686,0,131,"Q3"
"9278",9278,"North Dakota St.North Dakota2-14",2026-02-14,"conf","North Dakota","North Dakota St.","Sum","Sum","H",NA,NA,0.343317996272495,0.525202618458169,0.87694452176131,0.865636057338206,NA,NA,"future",0.134363942661794,-0.865636057338206,0,132,"Q3"
"9279",9279,"New OrleansHouston Christian2-14",2026-02-14,"conf","Houston Christian","New Orleans","Slnd","Slnd","H",NA,NA,0.276141122733715,0.331235610868882,0.87694452176131,0.93501525605322,NA,NA,"future",0.0649847439467803,-0.93501525605322,0,231,"Q4"
"9280",9280,"DenverNebraska Omaha2-14",2026-02-14,"conf","Nebraska Omaha","Denver","Sum","Sum","H",NA,NA,0.38253352780429,0.263838573314094,0.87694452176131,0.952116681640977,NA,NA,"future",0.0478833183590227,-0.952116681640977,0,251,"Q4"
"9281",9281,"LIUNew Haven2-14",2026-02-14,"conf","New Haven","LIU","NEC","NEC","H",NA,NA,0.189489062413694,0.325501227881235,0.87694452176131,0.936577409173886,NA,NA,"future",0.0634225908261143,-0.936577409173886,0,201,"Q4"
"9282",9282,"Sam Houston St.Kennesaw St.2-14",2026-02-14,"conf","Kennesaw St.","Sam Houston St.","CUSA","CUSA","H",NA,NA,0.57740333990607,0.562519903891757,0.87694452176131,0.847149015990964,NA,NA,"future",0.152850984009036,-0.847149015990964,0,105,"Q3"
"9283",9283,"Saint Mary'sPacific2-14",2026-02-14,"conf","Pacific","Saint Mary's","WCC","WCC","H",NA,NA,0.675830586238256,0.839624194120796,0.87694452176131,0.576488293922997,NA,NA,"future",0.423511706077003,-0.576488293922997,0,28,"Q1"
"9284",9284,"Weber St.Eastern Washington2-14",2026-02-14,"conf","Eastern Washington","Weber St.","BSky","BSky","H",NA,NA,0.461978641835474,0.362300900236987,0.87694452176131,0.926163657167391,NA,NA,"future",0.073836342832609,-0.926163657167391,0,190,"Q4"
"9285",9285,"VillanovaCreighton2-14",2026-02-14,"conf","Creighton","Villanova","BE","BE","H",NA,NA,0.853766094479856,0.84811313237523,0.87694452176131,0.560681993494687,NA,NA,"future",0.439318006505313,-0.560681993494687,0,33,"Q2"
"9286",9286,"Air ForceFresno St.2-14",2026-02-14,"conf","Fresno St.","Air Force","MWC","MWC","H",NA,NA,0.639155744766348,0.105682919431014,0.87694452176131,0.983688285585496,NA,NA,"future",0.0163117144145042,-0.983688285585496,0,336,"Q4"
"9287",9287,"NavyColgate2-14",2026-02-14,"conf","Colgate","Navy","Pat","Pat","H",NA,NA,0.520482639527122,0.313792818654193,0.87694452176131,0.939701501811385,NA,NA,"future",0.0602984981886153,-0.939701501811385,0,193,"Q4"
"9288",9288,"StanfordWake Forest2-14",2026-02-14,"conf","Wake Forest","Stanford","ACC","ACC","H",NA,NA,0.830188381602287,0.712676563861534,0.87694452176131,0.741808445428602,NA,NA,"future",0.258191554571398,-0.741808445428602,0,68,"Q2"
"9289",9289,"BucknellBoston University2-14",2026-02-14,"conf","Boston University","Bucknell","Pat","Pat","H",NA,NA,0.285090150805246,0.127187121287998,0.87694452176131,0.979961742807954,NA,NA,"future",0.0200382571920457,-0.979961742807954,0,333,"Q4"
"9290",9290,"Nicholls St.Incarnate Word2-14",2026-02-14,"conf","Incarnate Word","Nicholls St.","Slnd","Slnd","H",NA,NA,0.403222433818588,0.298838774145833,0.87694452176131,0.943568533420601,NA,NA,"future",0.0564314665793993,-0.943568533420601,0,214,"Q4"
"9291",9291,"MercyhurstSaint Francis2-14",2026-02-14,"conf","Saint Francis","Mercyhurst","NEC","NEC","H",NA,NA,0.11893327333037,0.197715059489074,0.87694452176131,0.966574696119011,NA,NA,"future",0.0334253038809886,-0.966574696119011,0,290,"Q4"
"9292",9292,"ArmyAmerican2-14",2026-02-14,"conf","Army","American","Pat","Pat","A",NA,NA,0.121286957424866,0.508095570002426,0.789142831518436,0.783703607940069,NA,NA,"future",0.216296392059931,-0.783703607940069,0,228,"Q3"
"9293",9293,"CharlestonCampbell2-14",2026-02-14,"conf","Charleston","Campbell","CAA","CAA","A",NA,NA,0.363361259870032,0.480657896699851,0.789142831518436,0.801734966102244,NA,NA,"future",0.198265033897756,-0.801734966102244,0,203,"Q3"
"9294",9294,"SMUSyracuse2-14",2026-02-14,"conf","SMU","Syracuse","ACC","ACC","A",NA,NA,0.852332367434774,0.839475742553748,0.789142831518436,0.417130023189949,NA,NA,"future",0.582869976810051,-0.417130023189949,0,77,"Q2"
"9295",9295,"Ohio St.Virginia2-14",2026-02-14,"nc","Ohio St.","Virginia","B10","ACC","N",NA,NA,0.861070583290885,0.956944349895441,0.837778001870703,0.188549261090899,NA,NA,"future",0.811450738909101,-0.188549261090899,0,13,"Q1"
"9296",9296,"Loyola MarymountPepperdine2-14",2026-02-14,"conf","Loyola Marymount","Pepperdine","WCC","WCC","A",NA,NA,0.409607691238367,0.346226240798316,0.789142831518436,0.876038094973127,NA,NA,"future",0.123961905026873,-0.876038094973127,0,267,"Q4"
"9297",9297,"Kansas St.Houston2-14",2026-02-14,"conf","Kansas St.","Houston","B12","B12","A",NA,NA,0.660770736289095,0.978859960512281,0.789142831518436,0.0747819159995559,NA,NA,"future",0.925218084000444,-0.0747819159995559,0,10,"Q1"
"9298",9298,"Arkansas Pine BluffAlabama St.2-14",2026-02-14,"conf","Arkansas Pine Bluff","Alabama St.","SWAC","SWAC","A",NA,NA,0.210499397365107,0.268009882386887,0.789142831518436,0.910886666510392,NA,NA,"future",0.0891133334896076,-0.910886666510392,0,313,"Q4"
"9299",9299,"YaleHarvard2-14",2026-02-14,"conf","Yale","Harvard","Ivy","Ivy","A",NA,NA,0.697398462944221,0.510633319046039,0.789142831518436,0.781977323713595,NA,NA,"future",0.218022676286405,-0.781977323713595,0,182,"Q3"
"9300",9300,"Southeast Missouri St.Lindenwood2-14",2026-02-14,"conf","Southeast Missouri St.","Lindenwood","OVC","OVC","A",NA,NA,0.215113414869716,0.442688901303207,0.789142831518436,0.824917009807152,NA,NA,"future",0.175082990192848,-0.824917009807152,0,224,"Q3"
"9301",9301,"TulsaWichita St.2-14",2026-02-14,"conf","Tulsa","Wichita St.","Amer","Amer","A",NA,NA,0.756867007275388,0.738904436061514,0.789142831518436,0.569419774868401,NA,NA,"future",0.430580225131599,-0.569419774868401,0,95,"Q2"
"9302",9302,"South AlabamaArkansas St.2-14",2026-02-14,"conf","South Alabama","Arkansas St.","SB","SB","A",NA,NA,0.306238592181222,0.643792601240604,0.789142831518436,0.674344903439392,NA,NA,"future",0.325655096560608,-0.674344903439392,0,141,"Q3"
"9303",9303,"Morgan St.South Carolina St.2-14",2026-02-14,"conf","Morgan St.","South Carolina St.","MEAC","MEAC","A",NA,NA,0.0419653130687214,0.0923660430113964,0.789142831518436,0.973528234373433,NA,NA,"future",0.0264717656265669,-0.973528234373433,0,360,"Q4"
"9304",9304,"GonzagaSanta Clara2-14",2026-02-14,"conf","Gonzaga","Santa Clara","WCC","WCC","A",NA,NA,0.937344159237918,0.904534982736246,0.789142831518436,0.28314899833366,NA,NA,"future",0.716851001666339,-0.28314899833366,0,44,"Q1"
"9305",9305,"Mississippi St.Mississippi2-14",2026-02-14,"conf","Mississippi St.","Mississippi","SEC","SEC","A",NA,NA,0.637216067206247,0.782795445947566,0.789142831518436,0.509432503898883,NA,NA,"future",0.490567496101117,-0.509432503898883,0,87,"Q2"
"9306",9306,"Western CarolinaChattanooga2-14",2026-02-14,"conf","Western Carolina","Chattanooga","SC","SC","A",NA,NA,0.189337564487005,0.31417384513742,0.789142831518436,0.890946330891946,NA,NA,"future",0.109053669108054,-0.890946330891946,0,280,"Q4"
"9307",9307,"CornellPenn2-14",2026-02-14,"conf","Cornell","Penn","Ivy","Ivy","A",NA,NA,0.377743777487108,0.554637837343646,0.789142831518436,0.750323581088423,NA,NA,"future",0.249676418911577,-0.750323581088423,0,178,"Q3"
"9308",9308,"East CarolinaRice2-14",2026-02-14,"conf","East Carolina","Rice","Amer","Amer","A",NA,NA,0.157608291479868,0.456337279232508,0.789142831518436,0.816807094698556,NA,NA,"future",0.183192905301444,-0.816807094698556,0,253,"Q4"
"9309",9309,"Grand CanyonSan Jose St.2-14",2026-02-14,"conf","Grand Canyon","San Jose St.","MWC","MWC","A",NA,NA,0.739302448616464,0.426462166380668,0.789142831518436,0.834251951782731,NA,NA,"future",0.165748048217269,-0.834251951782731,0,259,"Q4"
"9310",9310,"LSUTennessee2-14",2026-02-14,"conf","LSU","Tennessee","SEC","SEC","A",NA,NA,0.778358211737825,0.951108153148531,0.789142831518436,0.161345502513521,NA,NA,"future",0.838654497486479,-0.161345502513521,0,26,"Q1"
"9311",9311,"BellarmineAustin Peay2-14",2026-02-14,"conf","Bellarmine","Austin Peay","ASun","ASun","A",NA,NA,0.146521869965627,0.626176067152334,0.789142831518436,0.690812314834955,NA,NA,"future",0.309187685165045,-0.690812314834955,0,149,"Q3"
"9312",9312,"Southeastern LouisianaNorthwestern St.2-14",2026-02-14,"conf","Southeastern Louisiana","Northwestern St.","Slnd","Slnd","A",NA,NA,0.210763265088124,0.284845739227625,0.789142831518436,0.903812007986627,NA,NA,"future",0.0961879920133734,-0.903812007986627,0,306,"Q4"
"9313",9313,"ColumbiaPrinceton2-14",2026-02-14,"conf","Columbia","Princeton","Ivy","Ivy","A",NA,NA,0.408052728218098,0.452029450467109,0.789142831518436,0.819393021194762,NA,NA,"future",0.180606978805238,-0.819393021194762,0,239,"Q3"
"9314",9314,"Louisiana MonroeTexas St.2-14",2026-02-14,"conf","Louisiana Monroe","Texas St.","SB","SB","A",NA,NA,0.0612505362259951,0.382567816926111,0.789142831518436,0.857957670648498,NA,NA,"future",0.142042329351502,-0.857957670648498,0,265,"Q4"
"9315",9315,"ElonWilliam & Mary2-14",2026-02-14,"conf","Elon","William & Mary","CAA","CAA","A",NA,NA,0.417238728194965,0.684495357208954,0.789142831518436,0.633034687260019,NA,NA,"future",0.366965312739981,-0.633034687260019,0,108,"Q2"
"9316",9316,"TCUOklahoma St.2-14",2026-02-14,"conf","TCU","Oklahoma St.","B12","B12","A",NA,NA,0.771350152968443,0.819344264260517,0.789142831518436,0.452111051323319,NA,NA,"future",0.547888948676681,-0.452111051323319,0,73,"Q1"
"9317",9317,"TexasMissouri2-14",2026-02-14,"conf","Texas","Missouri","SEC","SEC","A",NA,NA,0.805200835828333,0.837628198528992,0.789142831518436,0.42045174979891,NA,NA,"future",0.57954825020109,-0.42045174979891,0,70,"Q1"
"9318",9318,"NorthwesternNebraska2-14",2026-02-14,"conf","Northwestern","Nebraska","B10","B10","A",NA,NA,0.745990934106807,0.960111303481749,0.789142831518436,0.134564422606148,NA,NA,"future",0.865435577393852,-0.134564422606148,0,7,"Q1"
"9319",9319,"Florida St.Virginia Tech2-14",2026-02-14,"conf","Florida St.","Virginia Tech","ACC","ACC","A",NA,NA,0.567618274698031,0.853893151640768,0.789142831518436,0.39038325210195,NA,NA,"future",0.609616747898049,-0.39038325210195,0,51,"Q1"
"9320",9320,"West VirginiaUCF2-14",2026-02-14,"conf","West Virginia","UCF","B12","B12","A",NA,NA,0.780378589803463,0.866736847529921,0.789142831518436,0.365251362941497,NA,NA,"future",0.634748637058503,-0.365251362941497,0,39,"Q1"
"9321",9321,"PittsburghNorth Carolina2-14",2026-02-14,"conf","Pittsburgh","North Carolina","ACC","ACC","A",NA,NA,0.587700127965515,0.914942599410585,0.789142831518436,0.258118902076419,NA,NA,"future",0.741881097923581,-0.258118902076419,0,27,"Q1"
"9322",9322,"StetsonFlorida Gulf Coast2-14",2026-02-14,"conf","Stetson","Florida Gulf Coast","ASun","ASun","A",NA,NA,0.131178587745499,0.459203789369559,0.789142831518436,0.81507273605116,NA,NA,"future",0.18492726394884,-0.81507273605116,0,237,"Q3"
"9323",9323,"MarquetteXavier2-14",2026-02-14,"conf","Marquette","Xavier","BE","BE","A",NA,NA,0.526647022481542,0.780139218822579,0.789142831518436,0.513318973154326,NA,NA,"future",0.486681026845674,-0.513318973154326,0,94,"Q2"
"9324",9324,"ToledoBowling Green2-14",2026-02-14,"conf","Toledo","Bowling Green","MAC","MAC","A",NA,NA,0.405578446649967,0.717673284740088,0.789142831518436,0.595516196130015,NA,NA,"future",0.404483803869985,-0.595516196130015,0,101,"Q2"
"9325",9325,"Stephen F. AustinUT Rio Grande Valley2-14",2026-02-14,"conf","Stephen F. Austin","UT Rio Grande Valley","Slnd","Slnd","A",NA,NA,0.698277000404957,0.55726232666861,0.789142831518436,0.748326675227506,NA,NA,"future",0.251673324772494,-0.748326675227506,0,194,"Q3"
"9326",9326,"St. ThomasUMKC2-14",2026-02-14,"conf","St. Thomas","UMKC","Sum","Sum","A",NA,NA,0.564022211588619,0.148903257972366,0.789142831518436,0.955340268216691,NA,NA,"future",0.0446597317833091,-0.955340268216691,0,346,"Q4"
"9327",9327,"GeorgetownConnecticut2-14",2026-02-14,"conf","Georgetown","Connecticut","BE","BE","A",NA,NA,0.594254951891872,0.972195245967499,0.789142831518436,0.0966876003580351,NA,NA,"future",0.903312399641965,-0.0966876003580351,0,8,"Q1"
"9328",9328,"LibertyUTEP2-14",2026-02-14,"conf","Liberty","UTEP","CUSA","CUSA","A",NA,NA,0.617063960398147,0.346704940492434,0.789142831518436,0.87580832614611,NA,NA,"future",0.12419167385389,-0.87580832614611,0,276,"Q4"
"9329",9329,"Central ConnecticutFairleigh Dickinson2-14",2026-02-14,"conf","Central Connecticut","Fairleigh Dickinson","NEC","NEC","A",NA,NA,0.185254014996825,0.183963005479034,0.789142831518436,0.943186569817656,NA,NA,"future",0.0568134301823435,-0.943186569817656,0,339,"Q4"
"9330",9330,"Florida A&MJackson St.2-14",2026-02-14,"conf","Florida A&M","Jackson St.","SWAC","SWAC","A",NA,NA,0.193160437433708,0.203615154509213,0.789142831518436,0.936052982067883,NA,NA,"future",0.0639470179321173,-0.936052982067883,0,347,"Q4"
"9331",9331,"Tennessee TechSouthern Indiana2-14",2026-02-14,"conf","Tennessee Tech","Southern Indiana","OVC","OVC","A",NA,NA,0.08709095231161,0.167812136503116,0.789142831518436,0.94887383530995,NA,NA,"future",0.05112616469005,-0.94887383530995,0,338,"Q4"
"9332",9332,"Portland St.Northern Colorado2-14",2026-02-14,"conf","Portland St.","Northern Colorado","BSky","BSky","A",NA,NA,0.428876901216264,0.60052552003834,0.789142831518436,0.713431964782188,NA,NA,"future",0.286568035217812,-0.713431964782188,0,164,"Q3"
"9333",9333,"Georgia TechNotre Dame2-14",2026-02-14,"conf","Georgia Tech","Notre Dame","ACC","ACC","A",NA,NA,0.493378438439407,0.775906977662226,0.789142831518436,0.519438937310661,NA,NA,"future",0.480561062689339,-0.519438937310661,0,81,"Q2"
"9334",9334,"OhioMiami OH2-14",2026-02-14,"conf","Ohio","Miami OH","MAC","MAC","A",NA,NA,0.300680871365136,0.813854927875804,0.789142831518436,0.461205767573537,NA,NA,"future",0.538794232426463,-0.461205767573537,0,49,"Q1"
"9335",9335,"Idaho St.Idaho2-14",2026-02-14,"conf","Idaho St.","Idaho","BSky","BSky","A",NA,NA,0.328595781865349,0.590672129177698,0.789142831518436,0.721722468107655,NA,NA,"future",0.278277531892345,-0.721722468107655,0,158,"Q3"
"9336",9336,"WoffordUNC Greensboro2-14",2026-02-14,"conf","Wofford","UNC Greensboro","SC","SC","A",NA,NA,0.281320852120458,0.281789356639244,0.789142831518436,0.9051126855927,NA,NA,"future",0.0948873144073005,-0.9051126855927,0,295,"Q4"
"9337",9337,"UC Santa BarbaraCal Poly2-14",2026-02-14,"conf","UC Santa Barbara","Cal Poly","BW","BW","A",NA,NA,0.483931703427263,0.356782664805302,0.789142831518436,0.870920500600285,NA,NA,"future",0.129079499399715,-0.870920500600285,0,257,"Q4"
"9338",9338,"Sacramento St.Northern Arizona2-14",2026-02-14,"conf","Sacramento St.","Northern Arizona","BSky","BSky","A",NA,NA,0.187290241962568,0.24304227579025,0.789142831518436,0.920987351691882,NA,NA,"future",0.079012648308118,-0.920987351691882,0,318,"Q4"
"9339",9339,"KansasIowa St.2-14",2026-02-14,"conf","Kansas","Iowa St.","B12","B12","A",NA,NA,0.923435166348524,0.963201567205515,0.789142831518436,0.125095084414269,NA,NA,"future",0.874904915585731,-0.125095084414269,0,6,"Q1"
"9340",9340,"Kent St.Ball St.2-14",2026-02-14,"conf","Kent St.","Ball St.","MAC","MAC","A",NA,NA,0.481287807626764,0.288514481287383,0.789142831518436,0.902240976851439,NA,NA,"future",0.097759023148561,-0.902240976851439,0,316,"Q4"
"9341",9341,"Gardner WebbHigh Point2-14",2026-02-14,"conf","Gardner Webb","High Point","BSth","BSth","A",NA,NA,0.031054600359691,0.756790844012223,0.789142831518436,0.546019695713936,NA,NA,"future",0.453980304286064,-0.546019695713936,0,90,"Q2"
"9342",9342,"UMBCNew Hampshire2-14",2026-02-14,"conf","UMBC","New Hampshire","AE","AE","A",NA,NA,0.209748829553563,0.294034884198752,0.789142831518436,0.899856735898056,NA,NA,"future",0.100143264101944,-0.899856735898056,0,323,"Q4"
"9343",9343,"Charleston SouthernRadford2-14",2026-02-14,"conf","Charleston Southern","Radford","BSth","BSth","A",NA,NA,0.304852499335177,0.361659659316487,0.789142831518436,0.868519826317415,NA,NA,"future",0.131480173682585,-0.868519826317415,0,260,"Q4"
"9344",9344,"TroySouthern Miss2-14",2026-02-14,"conf","Troy","Southern Miss","SB","SB","A",NA,NA,0.574223488770011,0.436163066612626,0.789142831518436,0.828710427563868,NA,NA,"future",0.171289572436132,-0.828710427563868,0,236,"Q3"
"9345",9345,"Mississippi Valley St.Alabama A&M2-14",2026-02-14,"conf","Mississippi Valley St.","Alabama A&M","SWAC","SWAC","A",NA,NA,0.0200041175334786,0.264840745295219,0.789142831518436,0.91219415768358,NA,NA,"future",0.0878058423164204,-0.91219415768358,0,308,"Q4"
"9346",9346,"UC RiversideUC San Diego2-14",2026-02-14,"conf","UC Riverside","UC San Diego","BW","BW","A",NA,NA,0.201552689174799,0.734201130187246,0.789142831518436,0.575352440331897,NA,NA,"future",0.424647559668103,-0.575352440331897,0,98,"Q2"
"9347",9347,"LehighLafayette2-14",2026-02-14,"conf","Lehigh","Lafayette","Pat","Pat","A",NA,NA,0.155993773443698,0.247759908493423,0.789142831518436,0.919113429490502,NA,NA,"future",0.0808865705094981,-0.919113429490502,0,328,"Q4"
"9348",9348,"Maryland Eastern ShoreHoward2-14",2026-02-14,"conf","Maryland Eastern Shore","Howard","MEAC","MEAC","A",NA,NA,0.112768939573491,0.366972280657132,0.789142831518436,0.865878007408998,NA,NA,"future",0.134121992591002,-0.865878007408998,0,252,"Q4"
"9349",9349,"FurmanVMI2-14",2026-02-14,"conf","Furman","VMI","SC","SC","A",NA,NA,0.389531071962605,0.144010141026281,0.789142831518436,0.956980979604427,NA,NA,"future",0.0430190203955733,-0.956980979604427,0,353,"Q4"
"9350",9350,"USC UpstateLongwood2-14",2026-02-14,"conf","USC Upstate","Longwood","BSth","BSth","A",NA,NA,0.171715590878374,0.312752660506419,0.789142831518436,0.891586317792624,NA,NA,"future",0.108413682207376,-0.891586317792624,0,271,"Q4"
"9351",9351,"DuquesneSt. Bonaventure2-14",2026-02-14,"conf","Duquesne","St. Bonaventure","A10","A10","A",NA,NA,0.509896069293123,0.588463345654528,0.789142831518436,0.723552025588615,NA,NA,"future",0.276447974411385,-0.723552025588615,0,144,"Q3"
"9352",9352,"Montana St.Montana2-14",2026-02-14,"conf","Montana St.","Montana","BSky","BSky","A",NA,NA,0.518194021185584,0.633343943366853,0.789142831518436,0.68420773286188,NA,NA,"future",0.31579226713812,-0.68420773286188,0,163,"Q3"
"9353",9353,"FordhamRhode Island2-14",2026-02-14,"conf","Fordham","Rhode Island","A10","A10","A",NA,NA,0.363206300265358,0.656655293009964,0.789142831518436,0.661803604151082,NA,NA,"future",0.338196395848918,-0.661803604151082,0,133,"Q2"
"9354",9354,"McNeese St.East Texas A&M2-14",2026-02-14,"conf","McNeese St.","East Texas A&M","Slnd","Slnd","A",NA,NA,0.683026270437139,0.343115860118082,0.789142831518436,0.877525786598482,NA,NA,"future",0.122474213401518,-0.877525786598482,0,277,"Q4"
"9355",9355,"Georgia St.Old Dominion2-14",2026-02-14,"conf","Georgia St.","Old Dominion","SB","SB","A",NA,NA,0.207313157197796,0.413664087476716,0.789142831518436,0.841389735962245,NA,NA,"future",0.158610264037755,-0.841389735962245,0,250,"Q4"
"9356",9356,"Chicago St.Le Moyne2-14",2026-02-14,"conf","Chicago St.","Le Moyne","NEC","NEC","A",NA,NA,0.0739186417080468,0.367582572503491,0.789142831518436,0.865572723413798,NA,NA,"future",0.134427276586202,-0.865572723413798,0,263,"Q4"
"9357",9357,"SouthernPrairie View A&M2-14",2026-02-14,"conf","Southern","Prairie View A&M","SWAC","SWAC","A",NA,NA,0.265907681407748,0.284102058387528,0.789142831518436,0.904129167023034,NA,NA,"future",0.0958708329769656,-0.904129167023034,0,296,"Q4"
"9358",9358,"Cal St. FullertonUC Irvine2-14",2026-02-14,"conf","Cal St. Fullerton","UC Irvine","BW","BW","A",NA,NA,0.331925225797259,0.71694009377673,0.789142831518436,0.596386841218079,NA,NA,"future",0.403613158781921,-0.596386841218079,0,128,"Q2"
"9359",9359,"West GeorgiaCentral Arkansas2-14",2026-02-14,"conf","West Georgia","Central Arkansas","ASun","ASun","A",NA,NA,0.124454025605907,0.578184355364173,0.789142831518436,0.73193102040683,NA,NA,"future",0.26806897959317,-0.73193102040683,0,206,"Q3"
"9360",9360,"Tarleton St.Abilene Christian2-14",2026-02-14,"conf","Tarleton St.","Abilene Christian","WAC","WAC","A",NA,NA,0.400519815714214,0.395357780875213,0.789142831518436,0.851271945390759,NA,NA,"future",0.148728054609241,-0.851271945390759,0,241,"Q4"
"9361",9361,"Texas A&MVanderbilt2-14",2026-02-14,"conf","Texas A&M","Vanderbilt","SEC","SEC","A",NA,NA,0.85060177721884,0.960919519146125,0.789142831518436,0.132101847871506,NA,NA,"future",0.867898152128494,-0.132101847871506,0,16,"Q1"
"9362",9362,"BryantVermont2-14",2026-02-14,"conf","Bryant","Vermont","AE","AE","A",NA,NA,0.0698036017290083,0.446282341818913,0.789142831518436,0.822805153276422,NA,NA,"future",0.177194846723578,-0.822805153276422,0,207,"Q3"
"9363",9363,"HawaiiCal St. Northridge2-14",2026-02-14,"conf","Hawaii","Cal St. Northridge","BW","BW","A",NA,NA,0.653990887306024,0.543814122124777,0.789142831518436,0.758424134649901,NA,NA,"future",0.241575865350099,-0.758424134649901,0,209,"Q3"
"9364",9364,"New Mexico St.Jacksonville St.2-14",2026-02-14,"conf","New Mexico St.","Jacksonville St.","CUSA","CUSA","A",NA,NA,0.516577137332239,0.444551537137328,0.789142831518436,0.823824402356089,NA,NA,"future",0.176175597643911,-0.823824402356089,0,245,"Q4"
"9365",9365,"Appalachian St.James Madison2-14",2026-02-14,"conf","Appalachian St.","James Madison","SB","SB","A",NA,NA,0.322413113123934,0.385748212158963,0.789142831518436,0.85631149644305,NA,NA,"future",0.14368850355695,-0.85631149644305,0,244,"Q4"
"9366",9366,"North FloridaJacksonville2-14",2026-02-14,"conf","North Florida","Jacksonville","ASun","ASun","A",NA,NA,0.130909333469256,0.269014167855688,0.789142831518436,0.910470750059058,NA,NA,"future",0.0895292499409418,-0.910470750059058,0,293,"Q4"
"9367",9367,"GeorgiaOklahoma2-14",2026-02-14,"conf","Georgia","Oklahoma","SEC","SEC","A",NA,NA,0.851354270638983,0.795763730228384,0.789142831518436,0.489936745058446,NA,NA,"future",0.510063254941554,-0.489936745058446,0,76,"Q2"
"9368",9368,"SamfordEast Tennessee St.2-14",2026-02-14,"conf","Samford","East Tennessee St.","SC","SC","A",NA,NA,0.172321727445834,0.607991931766003,0.789142831518436,0.707006029827842,NA,NA,"future",0.292993970172158,-0.707006029827842,0,129,"Q2"
"9369",9369,"Long Beach St.UC Davis2-14",2026-02-14,"conf","Long Beach St.","UC Davis","BW","BW","A",NA,NA,0.276270766068189,0.569719928859357,0.789142831518436,0.738668165713469,NA,NA,"future",0.261331834286531,-0.738668165713469,0,176,"Q3"
"9370",9370,"AlbanyBinghamton2-14",2026-02-14,"conf","Albany","Binghamton","AE","AE","A",NA,NA,0.187386733437233,0.0832959988038982,0.789142831518436,0.976296658657706,NA,NA,"future",0.0237033413422945,-0.976296658657706,0,362,"Q4"
"9371",9371,"ColoradoBYU2-14",2026-02-14,"conf","Colorado","BYU","B12","B12","A",NA,NA,0.640434349812151,0.943249231571529,0.789142831518436,0.183787432026584,NA,NA,"future",0.816212567973416,-0.183787432026584,0,12,"Q1"
"9372",9372,"Grambling St.Texas Southern2-14",2026-02-14,"conf","Grambling St.","Texas Southern","SWAC","SWAC","A",NA,NA,0.233559697555641,0.218447040616154,0.789142831518436,0.930507135168519,NA,NA,"future",0.0694928648314806,-0.930507135168519,0,348,"Q4"
"9373",9373,"LamarTexas A&M Corpus Chris2-14",2026-02-14,"conf","Lamar","Texas A&M Corpus Chris","Slnd","Slnd","A",NA,NA,0.29006579149575,0.574962601011334,0.789142831518436,0.734512356833687,NA,NA,"future",0.265487643166313,-0.734512356833687,0,181,"Q3"
"9374",9374,"Tennessee MartinSIU Edwardsville2-14",2026-02-14,"conf","Tennessee Martin","SIU Edwardsville","OVC","OVC","A",NA,NA,0.237188051713002,0.352740157956621,0.789142831518436,0.872892862348331,NA,NA,"future",0.127107137651669,-0.872892862348331,0,255,"Q4"
"9375",9375,"HofstraUNC Wilmington2-14",2026-02-14,"conf","Hofstra","UNC Wilmington","CAA","CAA","A",NA,NA,0.550605304781333,0.611618585583143,0.789142831518436,0.703838784355614,NA,NA,"future",0.296161215644386,-0.703838784355614,0,109,"Q2"
"9376",9376,"Little RockEastern Illinois2-14",2026-02-14,"conf","Little Rock","Eastern Illinois","OVC","OVC","A",NA,NA,0.127043860244037,0.254464105144106,0.789142831518436,0.916423012707536,NA,NA,"future",0.0835769872924635,-0.916423012707536,0,305,"Q4"
"9377",9377,"Cal BaptistUtah Tech2-14",2026-02-14,"conf","Cal Baptist","Utah Tech","WAC","WAC","A",NA,NA,0.540609234029639,0.479891400510013,0.789142831518436,0.802222630355226,NA,NA,"future",0.197777369644774,-0.802222630355226,0,199,"Q3"
"9378",9378,"NJITMaine2-14",2026-02-14,"conf","NJIT","Maine","AE","AE","A",NA,NA,0.108362596707915,0.117473612685145,0.789142831518436,0.965654705788423,NA,NA,"future",0.0343452942115771,-0.965654705788423,0,343,"Q4"
"9379",9379,"MercerThe Citadel2-14",2026-02-14,"conf","Mercer","The Citadel","SC","SC","A",NA,NA,0.497972452629038,0.140154923802397,0.789142831518436,0.958264437000095,NA,NA,"future",0.0417355629999049,-0.958264437000095,0,350,"Q4"
"9380",9380,"ClemsonDuke2-14",2026-02-14,"conf","Clemson","Duke","ACC","ACC","A",NA,NA,0.887421585948118,0.967169328775528,0.789142831518436,0.1127209681814,NA,NA,"future",0.8872790318186,-0.1127209681814,0,2,"Q1"
"9381",9381,"Western MichiganEastern Michigan2-14",2026-02-14,"conf","Western Michigan","Eastern Michigan","MAC","MAC","A",NA,NA,0.256976620663072,0.534059422473723,0.789142831518436,0.765543748596947,NA,NA,"future",0.234456251403053,-0.765543748596947,0,179,"Q3"
"9382",9382,"Miami FLN.C. State2-14",2026-02-14,"conf","Miami FL","N.C. State","ACC","ACC","A",NA,NA,0.797942523828166,0.928506150979041,0.789142831518436,0.223705894573487,NA,NA,"future",0.776294105426513,-0.223705894573487,0,29,"Q1"
"9383",9383,"South Dakota St.Oral Roberts2-14",2026-02-14,"conf","South Dakota St.","Oral Roberts","Sum","Sum","A",NA,NA,0.37728213329656,0.246336680636335,0.789142831518436,0.919680424700408,NA,NA,"future",0.080319575299592,-0.919680424700408,0,317,"Q4"
"9384",9384,"UCLAMichigan2-14",2026-02-14,"conf","UCLA","Michigan","B10","B10","A",NA,NA,0.799123308329882,0.98755383780862,0.789142831518436,0.0450428444038855,NA,NA,"future",0.954957155596114,-0.0450428444038855,0,1,"Q1"
"9385",9385,"Northern IllinoisCentral Michigan2-14",2026-02-14,"conf","Northern Illinois","Central Michigan","MAC","MAC","A",NA,NA,0.136539414444762,0.241994330286212,0.789142831518436,0.921401475256222,NA,NA,"future",0.0785985247437777,-0.921401475256222,0,329,"Q4"
"9386",9386,"NevadaSan Diego St.2-14",2026-02-14,"conf","Nevada","San Diego St.","MWC","MWC","A",NA,NA,0.739452783455418,0.88804009035819,0.789142831518436,0.320579556111625,NA,NA,"future",0.679420443888375,-0.320579556111625,0,52,"Q1"
"9387",9387,"Louisiana TechFIU2-14",2026-02-14,"conf","Louisiana Tech","FIU","CUSA","CUSA","A",NA,NA,0.208034428147825,0.568091309363212,0.789142831518436,0.739948017865934,NA,NA,"future",0.260051982134066,-0.739948017865934,0,198,"Q3"
"9388",9388,"Texas TechArizona2-14",2026-02-14,"conf","Texas Tech","Arizona","B12","B12","A",NA,NA,0.914150403527372,0.977752465301565,0.789142831518436,0.0784743366007909,NA,NA,"future",0.921525663399209,-0.0784743366007909,0,3,"Q1"
"9389",9389,"BaylorLouisville2-14",2026-02-14,"nc","Baylor","Louisville","B12","ACC","N",NA,NA,0.797816469804423,0.946656802749613,0.837778001870703,0.225411767170161,NA,NA,"future",0.774588232829839,-0.225411767170161,0,15,"Q1"
"9390",9390,"WagnerStonehill2-14",2026-02-14,"conf","Wagner","Stonehill","NEC","NEC","A",NA,NA,0.136887136003035,0.152535767937579,0.789142831518436,0.954113683718504,NA,NA,"future",0.0458863162814964,-0.954113683718504,0,337,"Q4"
"9391",9391,"PurdueIowa2-14",2026-02-14,"conf","Purdue","Iowa","B10","B10","A",NA,NA,0.942325072165618,0.951016965997977,0.789142831518436,0.161610786773865,NA,NA,"future",0.838389213226135,-0.161610786773865,0,21,"Q1"
"9392",9392,"PresbyterianUNC Asheville2-14",2026-02-14,"conf","Presbyterian","UNC Asheville","BSth","BSth","A",NA,NA,0.211694092348146,0.418702865698982,0.789142831518436,0.838602545116366,NA,NA,"future",0.161397454883634,-0.838602545116366,0,232,"Q3"
"9393",9393,"WyomingColorado St.2-14",2026-02-14,"conf","Wyoming","Colorado St.","MWC","MWC","A",NA,NA,0.628540397083757,0.761948848530048,0.789142831518436,0.539013660019678,NA,NA,"future",0.460986339980322,-0.539013660019678,0,92,"Q2"
"9394",9394,"Middle TennesseeWestern Kentucky2-14",2026-02-14,"conf","Middle Tennessee","Western Kentucky","CUSA","CUSA","A",NA,NA,0.617437484215807,0.539993818540962,0.789142831518436,0.761232506402088,NA,NA,"future",0.238767493597912,-0.761232506402088,0,167,"Q3"
"9395",9395,"LipscombQueens2-14",2026-02-14,"conf","Lipscomb","Queens","ASun","ASun","A",NA,NA,0.400063738169319,0.515663678728228,0.789142831518436,0.77852495592304,NA,NA,"future",0.22147504407696,-0.77852495592304,0,183,"Q3"
"9396",9396,"MinnesotaWashington2-14",2026-02-14,"conf","Minnesota","Washington","B10","B10","A",NA,NA,0.730929552070615,0.850500833069505,0.789142831518436,0.396811542881163,NA,NA,"future",0.603188457118837,-0.396811542881163,0,62,"Q1"
"9397",9397,"DelawareMissouri St.2-14",2026-02-14,"conf","Delaware","Missouri St.","CUSA","CUSA","A",NA,NA,0.176954731417496,0.618345928322213,0.789142831518436,0.697882118549372,NA,NA,"future",0.302117881450628,-0.697882118549372,0,191,"Q3"
"9398",9398,"TowsonMonmouth2-14",2026-02-14,"conf","Towson","Monmouth","CAA","CAA","A",NA,NA,0.35134538872408,0.470690741874601,0.789142831518436,0.808011054668748,NA,NA,"future",0.191988945331252,-0.808011054668748,0,204,"Q3"
"9399",9399,"St. John'sProvidence2-14",2026-02-14,"conf","St. John's","Providence","BE","BE","A",NA,NA,0.894211859941309,0.803485279294478,0.789142831518436,0.477900616033965,NA,NA,"future",0.522099383966035,-0.477900616033965,0,89,"Q2"
"9400",9400,"Tennessee St.Morehead St.2-14",2026-02-14,"conf","Tennessee St.","Morehead St.","OVC","OVC","A",NA,NA,0.211923958515258,0.270894090214231,0.789142831518436,0.909690142816319,NA,NA,"future",0.0903098571836806,-0.909690142816319,0,286,"Q4"
"9401",9401,"Bethune CookmanAlcorn St.2-14",2026-02-14,"conf","Bethune Cookman","Alcorn St.","SWAC","SWAC","A",NA,NA,0.251758726760507,0.174056746218553,0.789142831518436,0.946693194210632,NA,NA,"future",0.053306805789368,-0.946693194210632,0,351,"Q4"
"9402",9402,"South CarolinaAlabama2-14",2026-02-14,"conf","South Carolina","Alabama","SEC","SEC","A",NA,NA,0.702029460608034,0.954434190116709,0.789142831518436,0.151588690123373,NA,NA,"future",0.848411309876627,-0.151588690123373,0,19,"Q1"
"9403",9403,"Coppin St.North Carolina Central2-14",2026-02-14,"conf","Coppin St.","North Carolina Central","MEAC","MEAC","A",NA,NA,0.0259808577725411,0.146611416892688,0.789142831518436,0.956110386825677,NA,NA,"future",0.0438896131743233,-0.956110386825677,0,344,"Q4"
"9404",9404,"AuburnArkansas2-14",2026-02-14,"conf","Auburn","Arkansas","SEC","SEC","A",NA,NA,0.84883999378349,0.944779447184236,0.789142831518436,0.17948361785422,NA,NA,"future",0.82051638214578,-0.17948361785422,0,20,"Q1"
"9405",9405,"BrownDartmouth2-14",2026-02-14,"conf","Brown","Dartmouth","Ivy","Ivy","A",NA,NA,0.22903256495286,0.465558838117583,0.789142831518436,0.811188227275576,NA,NA,"future",0.188811772724424,-0.811188227275576,0,222,"Q3"
"9406",9406,"MassachusettsAkron2-14",2026-02-14,"conf","Massachusetts","Akron","MAC","MAC","A",NA,NA,0.413278035203541,0.848029041448943,0.789142831518436,0.401442307127826,NA,NA,"future",0.598557692872174,-0.401442307127826,0,54,"Q1"
"9407",9407,"VCURichmond2-14",2026-02-14,"conf","VCU","Richmond","A10","A10","A",NA,NA,0.722299621864947,0.660447080764919,0.789142831518436,0.658019120873694,NA,NA,"future",0.341980879126306,-0.658019120873694,0,126,"Q2"
"9408",9408,"MemphisUtah St.2-14",2026-02-14,"nc","Memphis","Utah St.","Amer","MWC","A",NA,NA,0.647741340141445,0.914720101774999,0.789142831518436,0.25866611800377,NA,NA,"future",0.74133388199623,-0.25866611800377,0,25,"Q1"
"9409",9409,"Eastern KentuckyNorth Alabama2-14",2026-02-14,"conf","Eastern Kentucky","North Alabama","ASun","ASun","A",NA,NA,0.223192376556858,0.155996475577486,0.789142831518436,0.952938253331221,NA,NA,"future",0.0470617466687792,-0.952938253331221,0,335,"Q4"
"9410",9410,"CaliforniaBoston College2-14",2026-02-14,"conf","California","Boston College","ACC","ACC","A",NA,NA,0.717957478164634,0.611273164360049,0.789142831518436,0.704141763062635,NA,NA,"future",0.295858236937365,-0.704141763062635,0,157,"Q3"
"9411",9411,"MarshallGeorgia Southern2-14",2026-02-14,"conf","Marshall","Georgia Southern","SB","SB","A",NA,NA,0.405108655210775,0.400249732677704,0.789142831518436,0.848667878767697,NA,NA,"future",0.151332121232303,-0.848667878767697,0,243,"Q4"
"9412",9412,"Southern UtahUT Arlington2-14",2026-02-14,"conf","Southern Utah","UT Arlington","WAC","WAC","A",NA,NA,0.206808186371712,0.58940849732773,0.789142831518436,0.722770423127821,NA,NA,"future",0.277229576872179,-0.722770423127821,0,123,"Q2"
"9413",9413,"Delaware St.Norfolk St.2-14",2026-02-14,"conf","Delaware St.","Norfolk St.","MEAC","MEAC","A",NA,NA,0.0497573037483458,0.214099252585284,0.789142831518436,0.932147647195999,NA,NA,"future",0.0678523528040014,-0.932147647195999,0,303,"Q4"
"9414",9414,"KentuckyFlorida2-14",2026-02-14,"conf","Kentucky","Florida","SEC","SEC","A",NA,NA,0.817212751797622,0.967769745662781,0.789142831518436,0.110826915239594,NA,NA,"future",0.889173084760406,-0.110826915239594,0,14,"Q1"
"9415",9415,"Penn St.Oregon2-14",2026-02-14,"conf","Penn St.","Oregon","B10","B10","A",NA,NA,0.48720277375858,0.81299290274961,0.789142831518436,0.462617524270081,NA,NA,"future",0.537382475729919,-0.462617524270081,0,104,"Q2"
"9416",9416,"North Dakota St.North Dakota2-14",2026-02-14,"conf","North Dakota St.","North Dakota","Sum","Sum","A",NA,NA,0.525202618458169,0.343317996272495,0.789142831518436,0.877429380407867,NA,NA,"future",0.122570619592133,-0.877429380407867,0,282,"Q4"
"9417",9417,"New OrleansHouston Christian2-14",2026-02-14,"conf","New Orleans","Houston Christian","Slnd","Slnd","A",NA,NA,0.331235610868882,0.276141122733715,0.789142831518436,0.907497132184877,NA,NA,"future",0.0925028678151233,-0.907497132184877,0,297,"Q4"
"9418",9418,"DenverNebraska Omaha2-14",2026-02-14,"conf","Denver","Nebraska Omaha","Sum","Sum","A",NA,NA,0.263838573314094,0.38253352780429,0.789142831518436,0.857975360620707,NA,NA,"future",0.142024639379293,-0.857975360620707,0,281,"Q4"
"9419",9419,"LIUNew Haven2-14",2026-02-14,"conf","LIU","New Haven","NEC","NEC","A",NA,NA,0.325501227881235,0.189489062413694,0.789142831518436,0.941204763963868,NA,NA,"future",0.0587952360361323,-0.941204763963868,0,326,"Q4"
"9420",9420,"Sam Houston St.Kennesaw St.2-14",2026-02-14,"conf","Sam Houston St.","Kennesaw St.","CUSA","CUSA","A",NA,NA,0.562519903891757,0.57740333990607,0.789142831518436,0.732558726349593,NA,NA,"future",0.267441273650407,-0.732558726349593,0,159,"Q3"
"9421",9421,"Saint Mary'sPacific2-14",2026-02-14,"conf","Saint Mary's","Pacific","WCC","WCC","A",NA,NA,0.839624194120796,0.675830586238256,0.789142831518436,0.642237814640784,NA,NA,"future",0.357762185359216,-0.642237814640784,0,110,"Q2"
"9422",9422,"Weber St.Eastern Washington2-14",2026-02-14,"conf","Weber St.","Eastern Washington","BSky","BSky","A",NA,NA,0.362300900236987,0.461978641835474,0.789142831518436,0.81338334131993,NA,NA,"future",0.18661665868007,-0.81338334131993,0,254,"Q4"
"9423",9423,"VillanovaCreighton2-14",2026-02-14,"conf","Villanova","Creighton","BE","BE","A",NA,NA,0.84811313237523,0.853766094479856,0.789142831518436,0.390625558612227,NA,NA,"future",0.609374441387773,-0.390625558612227,0,58,"Q1"
"9424",9424,"Air ForceFresno St.2-14",2026-02-14,"conf","Air Force","Fresno St.","MWC","MWC","A",NA,NA,0.105682919431014,0.639155744766348,0.789142831518436,0.678756847319588,NA,NA,"future",0.321243152680412,-0.678756847319588,0,139,"Q3"
"9425",9425,"NavyColgate2-14",2026-02-14,"conf","Navy","Colgate","Pat","Pat","A",NA,NA,0.313792818654193,0.520482639527122,0.789142831518436,0.775179083646094,NA,NA,"future",0.224820916353906,-0.775179083646094,0,196,"Q3"
"9426",9426,"StanfordWake Forest2-14",2026-02-14,"conf","Stanford","Wake Forest","ACC","ACC","A",NA,NA,0.712676563861534,0.830188381602287,0.789142831518436,0.433595457149497,NA,NA,"future",0.566404542850503,-0.433595457149497,0,67,"Q1"
"9427",9427,"BucknellBoston University2-14",2026-02-14,"conf","Bucknell","Boston University","Pat","Pat","A",NA,NA,0.127187121287998,0.285090150805246,0.789142831518436,0.903707677893,NA,NA,"future",0.0962923221069998,-0.903707677893,0,292,"Q4"
"9428",9428,"Nicholls St.Incarnate Word2-14",2026-02-14,"conf","Nicholls St.","Incarnate Word","Slnd","Slnd","A",NA,NA,0.298838774145833,0.403222433818588,0.789142831518436,0.847072516115336,NA,NA,"future",0.152927483884664,-0.847072516115336,0,246,"Q4"
"9429",9429,"MercyhurstSaint Francis2-14",2026-02-14,"conf","Mercyhurst","Saint Francis","NEC","NEC","A",NA,NA,0.197715059489074,0.11893327333037,0.789142831518436,0.965187205836041,NA,NA,"future",0.0348127941639589,-0.965187205836041,0,354,"Q4"
"9430",9430,"Green BayMilwaukee2-15",2026-02-15,"conf","Milwaukee","Green Bay","Horz","Horz","H",NA,NA,0.384994055716157,0.347484853107807,0.87694452176131,0.93046936539492,NA,NA,"future",0.0695306346050797,-0.93046936539492,0,230,"Q4"
"9431",9431,"OaklandRobert Morris2-15",2026-02-15,"conf","Robert Morris","Oakland","Horz","Horz","H",NA,NA,0.517536678288298,0.482772141388938,0.87694452176131,0.884192673060866,NA,NA,"future",0.115807326939134,-0.884192673060866,0,135,"Q3"
"9432",9432,"ManhattanCanisius2-15",2026-02-15,"conf","Canisius","Manhattan","MAAC","MAAC","H",NA,NA,0.168655818164591,0.115503480599443,0.87694452176131,0.982005422167543,NA,NA,"future",0.0179945778324567,-0.982005422167543,0,330,"Q4"
"9433",9433,"DavidsonDayton2-15",2026-02-15,"conf","Dayton","Davidson","A10","A10","H",NA,NA,0.806502743818976,0.541996731296271,0.87694452176131,0.857591084116218,NA,NA,"future",0.142408915883782,-0.857591084116218,0,119,"Q3"
"9434",9434,"Holy CrossLoyola MD2-15",2026-02-15,"conf","Loyola MD","Holy Cross","Pat","Pat","H",NA,NA,0.162152229273016,0.118107022625567,0.87694452176131,0.981553972347959,NA,NA,"future",0.0184460276520411,-0.981553972347959,0,314,"Q4"
"9435",9435,"Youngstown St.Detroit Mercy2-15",2026-02-15,"conf","Detroit Mercy","Youngstown St.","Horz","Horz","H",NA,NA,0.41087180318306,0.38787784894262,0.87694452176131,0.918343480785251,NA,NA,"future",0.0816565192147493,-0.918343480785251,0,221,"Q4"
"9436",9436,"UtahCincinnati2-15",2026-02-15,"conf","Cincinnati","Utah","B12","B12","H",NA,NA,0.873465038086542,0.594076360174539,0.87694452176131,0.82962411412064,NA,NA,"future",0.17037588587936,-0.82962411412064,0,117,"Q3"
"9437",9437,"Indiana St.Valparaiso2-15",2026-02-15,"conf","Valparaiso","Indiana St.","MVC","MVC","H",NA,NA,0.617432819487282,0.363662236714813,0.87694452176131,0.925760033172288,NA,NA,"future",0.0742399668277122,-0.925760033172288,0,205,"Q4"
"9438",9438,"UTSACharlotte2-15",2026-02-15,"conf","Charlotte","UTSA","Amer","Amer","H",NA,NA,0.567723178537992,0.0659428297410237,0.87694452176131,0.990190615450233,NA,NA,"future",0.00980938454976721,-0.990190615450233,0,349,"Q4"
"9439",9439,"IonaNiagara2-15",2026-02-15,"conf","Niagara","Iona","MAAC","MAAC","H",NA,NA,0.127205292330729,0.289732912826144,0.87694452176131,0.945858398301721,NA,NA,"future",0.054141601698279,-0.945858398301721,0,218,"Q4"
"9440",9440,"Illinois St.Illinois Chicago2-15",2026-02-15,"conf","Illinois Chicago","Illinois St.","MVC","MVC","H",NA,NA,0.656335877113298,0.699786014575313,0.87694452176131,0.753530147840397,NA,NA,"future",0.246469852159603,-0.753530147840397,0,79,"Q3"
"9441",9441,"San FranciscoSan Diego2-15",2026-02-15,"conf","San Diego","San Francisco","WCC","WCC","H",NA,NA,0.545701106777343,0.598637247467795,0.87694452176131,0.826929190551848,NA,NA,"future",0.173070809448152,-0.826929190551848,0,107,"Q3"
"9442",9442,"BelmontMurray St.2-15",2026-02-15,"conf","Murray St.","Belmont","MVC","MVC","H",NA,NA,0.768671365816874,0.686175756192134,0.87694452176131,0.76521878965505,NA,NA,"future",0.23478121034495,-0.76521878965505,0,64,"Q2"
"9443",9443,"IU IndyPurdue Fort Wayne2-15",2026-02-15,"conf","Purdue Fort Wayne","IU Indy","Horz","Horz","H",NA,NA,0.440919826703015,0.178820401046325,0.87694452176131,0.970349240873804,NA,NA,"future",0.0296507591261961,-0.970349240873804,0,310,"Q4"
"9444",9444,"MarylandRutgers2-15",2026-02-15,"conf","Rutgers","Maryland","B10","B10","H",NA,NA,0.593817364755892,0.573049543206266,0.87694452176131,0.841509712207793,NA,NA,"future",0.158490287792207,-0.841509712207793,0,152,"Q3"
"9445",9445,"Oregon St.Seattle2-15",2026-02-15,"conf","Seattle","Oregon St.","WCC","WCC","H",NA,NA,0.74544303723052,0.33310428152549,0.87694452176131,0.934501532774554,NA,NA,"future",0.0654984672254456,-0.934501532774554,0,213,"Q4"
"9446",9446,"Wright St.Cleveland St.2-15",2026-02-15,"conf","Cleveland St.","Wright St.","Horz","Horz","H",NA,NA,0.281782786451229,0.571577739895169,0.87694452176131,0.84231002581507,NA,NA,"future",0.15768997418493,-0.84231002581507,0,136,"Q3"
"9447",9447,"BradleySouthern Illinois2-15",2026-02-15,"conf","Southern Illinois","Bradley","MVC","MVC","H",NA,NA,0.58926743721773,0.472493714824135,0.87694452176131,0.888344836283847,NA,NA,"future",0.111655163716153,-0.888344836283847,0,124,"Q3"
"9448",9448,"RiderSacred Heart2-15",2026-02-15,"conf","Sacred Heart","Rider","MAAC","MAAC","H",NA,NA,0.302151169708424,0.0692807104895986,0.87694452176131,0.989662640329338,NA,NA,"future",0.010337359670662,-0.989662640329338,0,357,"Q4"
"9449",9449,"SienaMarist2-15",2026-02-15,"conf","Marist","Siena","MAAC","MAAC","H",NA,NA,0.603367224365608,0.390387146522654,0.87694452176131,0.917548378669134,NA,NA,"future",0.0824516213308657,-0.917548378669134,0,172,"Q4"
"9450",9450,"IndianaIllinois2-15",2026-02-15,"conf","Illinois","Indiana","B10","B10","H",NA,NA,0.970104643724092,0.873086517947804,0.87694452176131,0.508818932948501,NA,NA,"future",0.491181067051499,-0.508818932948501,0,38,"Q2"
"9451",9451,"MerrimackQuinnipiac2-15",2026-02-15,"conf","Quinnipiac","Merrimack","MAAC","MAAC","H",NA,NA,0.56676972583644,0.339779292896384,0.87694452176131,0.932647440717921,NA,NA,"future",0.0673525592820787,-0.932647440717921,0,217,"Q4"
"9452",9452,"South FloridaFlorida Atlantic2-15",2026-02-15,"conf","Florida Atlantic","South Florida","Amer","Amer","H",NA,NA,0.793840431015816,0.716094166023229,0.87694452176131,0.738587386794364,NA,NA,"future",0.261412613205636,-0.738587386794364,0,66,"Q2"
"9453",9453,"North TexasTemple2-15",2026-02-15,"conf","Temple","North Texas","Amer","Amer","H",NA,NA,0.639379701297134,0.455092616735083,0.87694452176131,0.895099567727526,NA,NA,"future",0.104900432272474,-0.895099567727526,0,147,"Q3"
"9454",9454,"DrakeNorthern Iowa2-15",2026-02-15,"conf","Northern Iowa","Drake","MVC","MVC","H",NA,NA,0.757436564872932,0.380317101596354,0.87694452176131,0.920708383048696,NA,NA,"future",0.0792916169513039,-0.920708383048696,0,166,"Q4"
"9455",9455,"FairfieldSaint Peter's2-15",2026-02-15,"conf","Saint Peter's","Fairfield","MAAC","MAAC","H",NA,NA,0.464125461254959,0.22489171654641,0.87694452176131,0.960879115225298,NA,NA,"future",0.0391208847747024,-0.960879115225298,0,248,"Q4"
"9456",9456,"Seton HallButler2-15",2026-02-15,"conf","Butler","Seton Hall","BE","BE","H",NA,NA,0.858613464070704,0.784391079417502,0.87694452176131,0.662032950990562,NA,NA,"future",0.337967049009438,-0.662032950990562,0,45,"Q2"
"9457",9457,"TulaneUAB2-15",2026-02-15,"conf","UAB","Tulane","Amer","Amer","H",NA,NA,0.677896014710966,0.343744187026903,0.87694452176131,0.931531828337849,NA,NA,"future",0.0684681716621508,-0.931531828337849,0,202,"Q4"
"9458",9458,"Green BayMilwaukee2-15",2026-02-15,"conf","Green Bay","Milwaukee","Horz","Horz","A",NA,NA,0.347484853107807,0.384994055716157,0.789142831518436,0.856702814984429,NA,NA,"future",0.143297185015571,-0.856702814984429,0,233,"Q3"
"9459",9459,"OaklandRobert Morris2-15",2026-02-15,"conf","Oakland","Robert Morris","Horz","Horz","A",NA,NA,0.482772141388938,0.517536678288298,0.789142831518436,0.777229028620444,NA,NA,"future",0.222770971379556,-0.777229028620444,0,186,"Q3"
"9460",9460,"ManhattanCanisius2-15",2026-02-15,"conf","Manhattan","Canisius","MAAC","MAAC","A",NA,NA,0.115503480599443,0.168655818164591,0.789142831518436,0.948580548987064,NA,NA,"future",0.051419451012936,-0.948580548987064,0,342,"Q4"
"9461",9461,"DavidsonDayton2-15",2026-02-15,"conf","Davidson","Dayton","A10","A10","A",NA,NA,0.541996731296271,0.806502743818976,0.789142831518436,0.473106576585408,NA,NA,"future",0.526893423414592,-0.473106576585408,0,80,"Q2"
"9462",9462,"Holy CrossLoyola MD2-15",2026-02-15,"conf","Holy Cross","Loyola MD","Pat","Pat","A",NA,NA,0.118107022625567,0.162152229273016,0.789142831518436,0.95083072908287,NA,NA,"future",0.0491692709171297,-0.95083072908287,0,340,"Q4"
"9463",9463,"Youngstown St.Detroit Mercy2-15",2026-02-15,"conf","Youngstown St.","Detroit Mercy","Horz","Horz","A",NA,NA,0.38787784894262,0.41087180318306,0.789142831518436,0.842921600902124,NA,NA,"future",0.157078399097876,-0.842921600902124,0,273,"Q4"
"9464",9464,"UtahCincinnati2-15",2026-02-15,"conf","Utah","Cincinnati","B12","B12","A",NA,NA,0.594076360174539,0.873465038086542,0.789142831518436,0.351561364376916,NA,NA,"future",0.648438635623084,-0.351561364376916,0,72,"Q1"
"9465",9465,"Indiana St.Valparaiso2-15",2026-02-15,"conf","Indiana St.","Valparaiso","MVC","MVC","A",NA,NA,0.363662236714813,0.617432819487282,0.789142831518436,0.69869691398021,NA,NA,"future",0.30130308601979,-0.69869691398021,0,171,"Q3"
"9466",9466,"UTSACharlotte2-15",2026-02-15,"conf","UTSA","Charlotte","Amer","Amer","A",NA,NA,0.0659428297410237,0.567723178537992,0.789142831518436,0.740236588946491,NA,NA,"future",0.259763411053509,-0.740236588946491,0,173,"Q3"
"9467",9467,"IonaNiagara2-15",2026-02-15,"conf","Iona","Niagara","MAAC","MAAC","A",NA,NA,0.289732912826144,0.127205292330729,0.789142831518436,0.962517008599123,NA,NA,"future",0.0374829914008765,-0.962517008599123,0,355,"Q4"
"9468",9468,"Illinois St.Illinois Chicago2-15",2026-02-15,"conf","Illinois St.","Illinois Chicago","MVC","MVC","A",NA,NA,0.699786014575313,0.656335877113298,0.789142831518436,0.662120554275075,NA,NA,"future",0.337879445724925,-0.662120554275075,0,161,"Q3"
"9469",9469,"San FranciscoSan Diego2-15",2026-02-15,"conf","San Francisco","San Diego","WCC","WCC","A",NA,NA,0.598637247467795,0.545701106777343,0.789142831518436,0.75702731189978,NA,NA,"future",0.24297268810022,-0.75702731189978,0,208,"Q3"
"9470",9470,"BelmontMurray St.2-15",2026-02-15,"conf","Belmont","Murray St.","MVC","MVC","A",NA,NA,0.686175756192134,0.768671365816874,0.789142831518436,0.52970054022595,NA,NA,"future",0.47029945977405,-0.52970054022595,0,74,"Q1"
"9471",9471,"IU IndyPurdue Fort Wayne2-15",2026-02-15,"conf","IU Indy","Purdue Fort Wayne","Horz","Horz","A",NA,NA,0.178820401046325,0.440919826703015,0.789142831518436,0.825950654976162,NA,NA,"future",0.174049345023838,-0.825950654976162,0,210,"Q3"
"9472",9472,"MarylandRutgers2-15",2026-02-15,"conf","Maryland","Rutgers","B10","B10","A",NA,NA,0.573049543206266,0.593817364755892,0.789142831518436,0.719099142122945,NA,NA,"future",0.280900857877055,-0.719099142122945,0,153,"Q3"
"9473",9473,"Oregon St.Seattle2-15",2026-02-15,"conf","Oregon St.","Seattle","WCC","WCC","A",NA,NA,0.33310428152549,0.74544303723052,0.789142831518436,0.561022355526039,NA,NA,"future",0.438977644473961,-0.561022355526039,0,114,"Q2"
"9474",9474,"Wright St.Cleveland St.2-15",2026-02-15,"conf","Wright St.","Cleveland St.","Horz","Horz","A",NA,NA,0.571577739895169,0.281782786451229,0.789142831518436,0.905115473700407,NA,NA,"future",0.0948845262995927,-0.905115473700407,0,321,"Q4"
"9475",9475,"BradleySouthern Illinois2-15",2026-02-15,"conf","Bradley","Southern Illinois","MVC","MVC","A",NA,NA,0.472493714824135,0.58926743721773,0.789142831518436,0.722887195145564,NA,NA,"future",0.277112804854436,-0.722887195145564,0,143,"Q3"
"9476",9476,"RiderSacred Heart2-15",2026-02-15,"conf","Rider","Sacred Heart","MAAC","MAAC","A",NA,NA,0.0692807104895986,0.302151169708424,0.789142831518436,0.896306351960381,NA,NA,"future",0.103693648039619,-0.896306351960381,0,287,"Q4"
"9477",9477,"SienaMarist2-15",2026-02-15,"conf","Siena","Marist","MAAC","MAAC","A",NA,NA,0.390387146522654,0.603367224365608,0.789142831518436,0.71100112209817,NA,NA,"future",0.28899887790183,-0.71100112209817,0,150,"Q3"
"9478",9478,"IndianaIllinois2-15",2026-02-15,"conf","Indiana","Illinois","B10","B10","A",NA,NA,0.873086517947804,0.970104643724092,0.789142831518436,0.103406530476857,NA,NA,"future",0.896593469523143,-0.103406530476857,0,9,"Q1"
"9479",9479,"MerrimackQuinnipiac2-15",2026-02-15,"conf","Merrimack","Quinnipiac","MAAC","MAAC","A",NA,NA,0.339779292896384,0.56676972583644,0.789142831518436,0.740982745235832,NA,NA,"future",0.259017254764168,-0.740982745235832,0,184,"Q3"
"9480",9480,"South FloridaFlorida Atlantic2-15",2026-02-15,"conf","South Florida","Florida Atlantic","Amer","Amer","A",NA,NA,0.716094166023229,0.793840431015816,0.789142831518436,0.492884070110421,NA,NA,"future",0.507115929889579,-0.492884070110421,0,91,"Q2"
"9481",9481,"North TexasTemple2-15",2026-02-15,"conf","North Texas","Temple","Amer","Amer","A",NA,NA,0.455092616735083,0.639379701297134,0.789142831518436,0.67854505050098,NA,NA,"future",0.32145494949902,-0.67854505050098,0,154,"Q3"
"9482",9482,"DrakeNorthern Iowa2-15",2026-02-15,"conf","Drake","Northern Iowa","MVC","MVC","A",NA,NA,0.380317101596354,0.757436564872932,0.789142831518436,0.545149141228804,NA,NA,"future",0.454850858771196,-0.545149141228804,0,102,"Q2"
"9483",9483,"FairfieldSaint Peter's2-15",2026-02-15,"conf","Fairfield","Saint Peter's","MAAC","MAAC","A",NA,NA,0.22489171654641,0.464125461254959,0.789142831518436,0.812069164133623,NA,NA,"future",0.187930835866377,-0.812069164133623,0,223,"Q3"
"9484",9484,"Seton HallButler2-15",2026-02-15,"conf","Seton Hall","Butler","BE","BE","A",NA,NA,0.784391079417502,0.858613464070704,0.789142831518436,0.381295065510961,NA,NA,"future",0.618704934489039,-0.381295065510961,0,48,"Q1"
"9485",9485,"TulaneUAB2-15",2026-02-15,"conf","Tulane","UAB","Amer","Amer","A",NA,NA,0.343744187026903,0.677896014710966,0.789142831518436,0.640065139338454,NA,NA,"future",0.359934860661546,-0.640065139338454,0,122,"Q2"
"9486",9486,"Mississippi Valley St.Alabama St.2-16",2026-02-16,"conf","Alabama St.","Mississippi Valley St.","SWAC","SWAC","H",NA,NA,0.268009882386887,0.0200041175334786,0.87694452176131,0.997143844867186,NA,NA,"future",0.00285615513281423,-0.997143844867186,0,365,"Q4"
"9487",9487,"Arkansas Pine BluffAlabama A&M2-16",2026-02-16,"conf","Alabama A&M","Arkansas Pine Bluff","SWAC","SWAC","H",NA,NA,0.264840745295219,0.210499397365107,0.87694452176131,0.963935877536827,NA,NA,"future",0.0360641224631731,-0.963935877536827,0,311,"Q4"
"9488",9488,"DrexelStony Brook2-16",2026-02-16,"conf","Stony Brook","Drexel","CAA","CAA","H",NA,NA,0.460531374139957,0.350598890322103,0.87694452176131,0.929577423313673,NA,NA,"future",0.0704225766863269,-0.929577423313673,0,211,"Q4"
"9489",9489,"Southeastern LouisianaEast Texas A&M2-16",2026-02-16,"conf","East Texas A&M","Southeastern Louisiana","Slnd","Slnd","H",NA,NA,0.343115860118082,0.210763265088124,0.87694452176131,0.963880666391084,NA,NA,"future",0.0361193336089162,-0.963880666391084,0,288,"Q4"
"9490",9490,"LouisianaOld Dominion2-16",2026-02-16,"conf","Old Dominion","Louisiana","SB","SB","H",NA,NA,0.413664087476716,0.137657594317457,0.87694452176131,0.978090705272969,NA,NA,"future",0.021909294727031,-0.978090705272969,0,334,"Q4"
"9491",9491,"SyracuseDuke2-16",2026-02-16,"conf","Duke","Syracuse","ACC","ACC","H",NA,NA,0.967169328775528,0.733076983692956,0.87694452176131,0.721822125891199,NA,NA,"future",0.278177874108801,-0.721822125891199,0,77,"Q3"
"9492",9492,"SouthernTexas Southern2-16",2026-02-16,"conf","Texas Southern","Southern","SWAC","SWAC","H",NA,NA,0.218447040616154,0.265907681407748,0.87694452176131,0.951629886177392,NA,NA,"future",0.0483701138226084,-0.951629886177392,0,278,"Q4"
"9493",9493,"McNeese St.Northwestern St.2-16",2026-02-16,"conf","Northwestern St.","McNeese St.","Slnd","Slnd","H",NA,NA,0.284845739227625,0.683026270437139,0.87694452176131,0.767829201135309,NA,NA,"future",0.232170798864691,-0.767829201135309,0,57,"Q2"
"9494",9494,"LamarUT Rio Grande Valley2-16",2026-02-16,"conf","UT Rio Grande Valley","Lamar","Slnd","Slnd","H",NA,NA,0.55726232666861,0.29006579149575,0.87694452176131,0.945775529853966,NA,NA,"future",0.0542244701460342,-0.945775529853966,0,220,"Q4"
"9495",9495,"Florida A&MAlcorn St.2-16",2026-02-16,"conf","Alcorn St.","Florida A&M","SWAC","SWAC","H",NA,NA,0.174056746218553,0.193160437433708,0.87694452176131,0.967498013170315,NA,NA,"future",0.0325019868296846,-0.967498013170315,0,307,"Q4"
"9496",9496,"HoustonIowa St.2-16",2026-02-16,"conf","Iowa St.","Houston","B12","B12","H",NA,NA,0.963201567205515,0.960500923846367,0.87694452176131,0.226642204378726,NA,NA,"future",0.773357795621274,-0.226642204378726,0,10,"Q1"
"9497",9497,"Bethune CookmanJackson St.2-16",2026-02-16,"conf","Jackson St.","Bethune Cookman","SWAC","SWAC","H",NA,NA,0.203615154509213,0.251758726760507,0.87694452176131,0.954914569002642,NA,NA,"future",0.0450854309973584,-0.954914569002642,0,268,"Q4"
"9498",9498,"Coppin St.South Carolina St.2-16",2026-02-16,"conf","South Carolina St.","Coppin St.","MEAC","MEAC","H",NA,NA,0.0923660430113964,0.0259808577725411,0.87694452176131,0.996271000581672,NA,NA,"future",0.00372899941832849,-0.996271000581672,0,364,"Q4"
"9499",9499,"Stephen F. AustinTexas A&M Corpus Chris2-16",2026-02-16,"conf","Texas A&M Corpus Chris","Stephen F. Austin","Slnd","Slnd","H",NA,NA,0.574962601011334,0.698277000404957,0.87694452176131,0.75485983588986,NA,NA,"future",0.24514016411014,-0.75485983588986,0,88,"Q3"
"9500",9500,"Grambling St.Prairie View A&M2-16",2026-02-16,"conf","Prairie View A&M","Grambling St.","SWAC","SWAC","H",NA,NA,0.284102058387528,0.233559697555641,0.87694452176131,0.958992470941088,NA,NA,"future",0.0410075290589117,-0.958992470941088,0,266,"Q4"
"9501",9501,"Norfolk St.Maryland Eastern Shore2-16",2026-02-16,"conf","Maryland Eastern Shore","Norfolk St.","MEAC","MEAC","H",NA,NA,0.194861945562525,0.12516166540671,0.87694452176131,0.980319327860556,NA,NA,"future",0.019680672139444,-0.980319327860556,0,303,"Q4"
"9502",9502,"New OrleansIncarnate Word2-16",2026-02-16,"conf","Incarnate Word","New Orleans","Slnd","Slnd","H",NA,NA,0.403222433818588,0.331235610868882,0.87694452176131,0.93501525605322,NA,NA,"future",0.0649847439467803,-0.93501525605322,0,231,"Q4"
"9503",9503,"Morgan St.North Carolina Central2-16",2026-02-16,"conf","North Carolina Central","Morgan St.","MEAC","MEAC","H",NA,NA,0.146611416892688,0.0419653130687214,0.87694452176131,0.99389090633261,NA,NA,"future",0.00610909366739021,-0.99389090633261,0,361,"Q4"
"9504",9504,"Nicholls St.Houston Christian2-16",2026-02-16,"conf","Houston Christian","Nicholls St.","Slnd","Slnd","H",NA,NA,0.276141122733715,0.298838774145833,0.87694452176131,0.943568533420601,NA,NA,"future",0.0564314665793993,-0.943568533420601,0,214,"Q4"
"9505",9505,"HowardDelaware St.2-16",2026-02-16,"conf","Delaware St.","Howard","MEAC","MEAC","H",NA,NA,0.090666985933371,0.233389525482971,0.87694452176131,0.95902984853669,NA,NA,"future",0.0409701514633097,-0.95902984853669,0,252,"Q4"
"9506",9506,"ColgateBoston University2-16",2026-02-16,"conf","Boston University","Colgate","Pat","Pat","H",NA,NA,0.285090150805246,0.363069644263239,0.87694452176131,0.925935900293245,NA,NA,"future",0.074064099706755,-0.925935900293245,0,196,"Q4"
"9507",9507,"Mississippi Valley St.Alabama St.2-16",2026-02-16,"conf","Mississippi Valley St.","Alabama St.","SWAC","SWAC","A",NA,NA,0.0200041175334786,0.268009882386887,0.789142831518436,0.910886666510392,NA,NA,"future",0.0891133334896076,-0.910886666510392,0,313,"Q4"
"9508",9508,"Arkansas Pine BluffAlabama A&M2-16",2026-02-16,"conf","Arkansas Pine Bluff","Alabama A&M","SWAC","SWAC","A",NA,NA,0.210499397365107,0.264840745295219,0.789142831518436,0.91219415768358,NA,NA,"future",0.0878058423164204,-0.91219415768358,0,308,"Q4"
"9509",9509,"DrexelStony Brook2-16",2026-02-16,"conf","Drexel","Stony Brook","CAA","CAA","A",NA,NA,0.350598890322103,0.460531374139957,0.789142831518436,0.814265765425597,NA,NA,"future",0.185734234574403,-0.814265765425597,0,234,"Q3"
"9510",9510,"Southeastern LouisianaEast Texas A&M2-16",2026-02-16,"conf","Southeastern Louisiana","East Texas A&M","Slnd","Slnd","A",NA,NA,0.210763265088124,0.343115860118082,0.789142831518436,0.877525786598482,NA,NA,"future",0.122474213401518,-0.877525786598482,0,277,"Q4"
"9511",9511,"LouisianaOld Dominion2-16",2026-02-16,"conf","Louisiana","Old Dominion","SB","SB","A",NA,NA,0.137657594317457,0.413664087476716,0.789142831518436,0.841389735962245,NA,NA,"future",0.158610264037755,-0.841389735962245,0,250,"Q4"
"9512",9512,"SyracuseDuke2-16",2026-02-16,"conf","Syracuse","Duke","ACC","ACC","A",NA,NA,0.733076983692956,0.967169328775528,0.789142831518436,0.1127209681814,NA,NA,"future",0.8872790318186,-0.1127209681814,0,2,"Q1"
"9513",9513,"SouthernTexas Southern2-16",2026-02-16,"conf","Southern","Texas Southern","SWAC","SWAC","A",NA,NA,0.265907681407748,0.218447040616154,0.789142831518436,0.930507135168519,NA,NA,"future",0.0694928648314806,-0.930507135168519,0,348,"Q4"
"9514",9514,"McNeese St.Northwestern St.2-16",2026-02-16,"conf","McNeese St.","Northwestern St.","Slnd","Slnd","A",NA,NA,0.683026270437139,0.284845739227625,0.789142831518436,0.903812007986627,NA,NA,"future",0.0961879920133734,-0.903812007986627,0,306,"Q4"
"9515",9515,"LamarUT Rio Grande Valley2-16",2026-02-16,"conf","Lamar","UT Rio Grande Valley","Slnd","Slnd","A",NA,NA,0.29006579149575,0.55726232666861,0.789142831518436,0.748326675227506,NA,NA,"future",0.251673324772494,-0.748326675227506,0,194,"Q3"
"9516",9516,"Florida A&MAlcorn St.2-16",2026-02-16,"conf","Florida A&M","Alcorn St.","SWAC","SWAC","A",NA,NA,0.193160437433708,0.174056746218553,0.789142831518436,0.946693194210632,NA,NA,"future",0.053306805789368,-0.946693194210632,0,351,"Q4"
"9517",9517,"HoustonIowa St.2-16",2026-02-16,"conf","Houston","Iowa St.","B12","B12","A",NA,NA,0.960500923846367,0.963201567205515,0.789142831518436,0.125095084414269,NA,NA,"future",0.874904915585731,-0.125095084414269,0,6,"Q1"
"9518",9518,"Bethune CookmanJackson St.2-16",2026-02-16,"conf","Bethune Cookman","Jackson St.","SWAC","SWAC","A",NA,NA,0.251758726760507,0.203615154509213,0.789142831518436,0.936052982067883,NA,NA,"future",0.0639470179321173,-0.936052982067883,0,347,"Q4"
"9519",9519,"Coppin St.South Carolina St.2-16",2026-02-16,"conf","Coppin St.","South Carolina St.","MEAC","MEAC","A",NA,NA,0.0259808577725411,0.0923660430113964,0.789142831518436,0.973528234373433,NA,NA,"future",0.0264717656265669,-0.973528234373433,0,360,"Q4"
"9520",9520,"Stephen F. AustinTexas A&M Corpus Chris2-16",2026-02-16,"conf","Stephen F. Austin","Texas A&M Corpus Chris","Slnd","Slnd","A",NA,NA,0.698277000404957,0.574962601011334,0.789142831518436,0.734512356833687,NA,NA,"future",0.265487643166313,-0.734512356833687,0,181,"Q3"
"9521",9521,"Grambling St.Prairie View A&M2-16",2026-02-16,"conf","Grambling St.","Prairie View A&M","SWAC","SWAC","A",NA,NA,0.233559697555641,0.284102058387528,0.789142831518436,0.904129167023034,NA,NA,"future",0.0958708329769656,-0.904129167023034,0,296,"Q4"
"9522",9522,"Norfolk St.Maryland Eastern Shore2-16",2026-02-16,"conf","Norfolk St.","Maryland Eastern Shore","MEAC","MEAC","A",NA,NA,0.12516166540671,0.194861945562525,0.789142831518436,0.939259937606587,NA,NA,"future",0.0607400623934126,-0.939259937606587,0,325,"Q4"
"9523",9523,"New OrleansIncarnate Word2-16",2026-02-16,"conf","New Orleans","Incarnate Word","Slnd","Slnd","A",NA,NA,0.331235610868882,0.403222433818588,0.789142831518436,0.847072516115336,NA,NA,"future",0.152927483884664,-0.847072516115336,0,246,"Q4"
"9524",9524,"Morgan St.North Carolina Central2-16",2026-02-16,"conf","Morgan St.","North Carolina Central","MEAC","MEAC","A",NA,NA,0.0419653130687214,0.146611416892688,0.789142831518436,0.956110386825677,NA,NA,"future",0.0438896131743233,-0.956110386825677,0,344,"Q4"
"9525",9525,"Nicholls St.Houston Christian2-16",2026-02-16,"conf","Nicholls St.","Houston Christian","Slnd","Slnd","A",NA,NA,0.298838774145833,0.276141122733715,0.789142831518436,0.907497132184877,NA,NA,"future",0.0925028678151233,-0.907497132184877,0,297,"Q4"
"9526",9526,"HowardDelaware St.2-16",2026-02-16,"conf","Howard","Delaware St.","MEAC","MEAC","A",NA,NA,0.233389525482971,0.090666985933371,0.789142831518436,0.974049833381381,NA,NA,"future",0.0259501666186186,-0.974049833381381,0,358,"Q4"
"9527",9527,"ColgateBoston University2-16",2026-02-16,"conf","Colgate","Boston University","Pat","Pat","A",NA,NA,0.363069644263239,0.285090150805246,0.789142831518436,0.903707677893,NA,NA,"future",0.0962923221069998,-0.903707677893,0,292,"Q4"
"9528",9528,"Southeast Missouri St.Tennessee Martin2-17",2026-02-17,"conf","Tennessee Martin","Southeast Missouri St.","OVC","OVC","H",NA,NA,0.371890241689694,0.215113414869716,0.87694452176131,0.962966020309848,NA,NA,"future",0.0370339796901523,-0.962966020309848,0,242,"Q4"
"9529",9529,"LouisvilleSMU2-17",2026-02-17,"conf","SMU","Louisville","ACC","ACC","H",NA,NA,0.916602426915101,0.927853101372083,0.87694452176131,0.356552099528878,NA,NA,"future",0.643447900471122,-0.356552099528878,0,15,"Q1"
"9530",9530,"BaylorKansas St.2-17",2026-02-17,"conf","Kansas St.","Baylor","B12","B12","H",NA,NA,0.787642451679584,0.740905781509242,0.87694452176131,0.713639564464455,NA,NA,"future",0.286360435535545,-0.713639564464455,0,53,"Q2"
"9531",9531,"LSUTexas2-17",2026-02-17,"conf","Texas","LSU","SEC","SEC","H",NA,NA,0.887271095950039,0.778358211737825,0.87694452176131,0.669889229359921,NA,NA,"future",0.330110770640079,-0.669889229359921,0,50,"Q2"
"9532",9532,"NevadaSan Jose St.2-17",2026-02-17,"conf","San Jose St.","Nevada","MWC","MWC","H",NA,NA,0.426462166380668,0.739452783455418,0.87694452176131,0.715181068389696,NA,NA,"future",0.284818931610304,-0.715181068389696,0,65,"Q2"
"9533",9533,"Air ForceNew Mexico2-17",2026-02-17,"conf","New Mexico","Air Force","MWC","MWC","H",NA,NA,0.889177912187195,0.105682919431014,0.87694452176131,0.983688285585496,NA,NA,"future",0.0163117144145042,-0.983688285585496,0,336,"Q4"
"9534",9534,"Saint LouisRhode Island2-17",2026-02-17,"conf","Rhode Island","Saint Louis","A10","A10","H",NA,NA,0.656655293009964,0.882079346144617,0.87694452176131,0.487886969241814,NA,NA,"future",0.512113030758186,-0.487886969241814,0,22,"Q1"
"9535",9535,"TCUUCF2-17",2026-02-17,"conf","UCF","TCU","B12","B12","H",NA,NA,0.866736847529921,0.771350152968443,0.87694452176131,0.678711743570353,NA,NA,"future",0.321288256429647,-0.678711743570353,0,46,"Q2"
"9536",9536,"Ball St.Ohio2-17",2026-02-17,"conf","Ohio","Ball St.","MAC","MAC","H",NA,NA,0.450162132915252,0.175570369203068,0.87694452176131,0.970983935499258,NA,NA,"future",0.0290160645007421,-0.970983935499258,0,316,"Q4"
"9537",9537,"Fresno St.Wyoming2-17",2026-02-17,"conf","Wyoming","Fresno St.","MWC","MWC","H",NA,NA,0.76314542480965,0.481922792123584,0.87694452176131,0.884540532188665,NA,NA,"future",0.115459467811335,-0.884540532188665,0,139,"Q3"
"9538",9538,"GeorgiaKentucky2-17",2026-02-17,"conf","Kentucky","Georgia","SEC","SEC","H",NA,NA,0.894882969930619,0.851354270638983,0.87694452176131,0.554420048271428,NA,NA,"future",0.445579951728572,-0.554420048271428,0,24,"Q1"
"9539",9539,"UCLAMichigan St.2-17",2026-02-17,"conf","Michigan St.","UCLA","B10","B10","H",NA,NA,0.96316998011938,0.799123308329882,0.87694452176131,0.64175383145719,NA,NA,"future",0.35824616854281,-0.64175383145719,0,40,"Q2"
"9540",9540,"Kent St.Bowling Green2-17",2026-02-17,"conf","Bowling Green","Kent St.","MAC","MAC","H",NA,NA,0.717673284740088,0.481287807626764,0.87694452176131,0.884800030107753,NA,NA,"future",0.115199969892247,-0.884800030107753,0,148,"Q3"
"9541",9541,"George WashingtonVCU2-17",2026-02-17,"conf","VCU","George Washington","A10","A10","H",NA,NA,0.832009910410597,0.685508618398289,0.87694452176131,0.765774611648292,NA,NA,"future",0.234225388351708,-0.765774611648292,0,75,"Q2"
"9542",9542,"Central MichiganEastern Michigan2-17",2026-02-17,"conf","Eastern Michigan","Central Michigan","MAC","MAC","H",NA,NA,0.534059422473723,0.143586134959525,0.87694452176131,0.977014256827904,NA,NA,"future",0.0229857431720957,-0.977014256827904,0,329,"Q4"
"9543",9543,"WisconsinOhio St.2-17",2026-02-17,"conf","Ohio St.","Wisconsin","B10","B10","H",NA,NA,0.895316100144004,0.846803951575671,0.87694452176131,0.563174984065404,NA,NA,"future",0.436825015934596,-0.563174984065404,0,36,"Q2"
"9544",9544,"Miami OHMassachusetts2-17",2026-02-17,"conf","Massachusetts","Miami OH","MAC","MAC","H",NA,NA,0.572880082018046,0.696611503750518,0.87694452176131,0.756317426282864,NA,NA,"future",0.243682573717136,-0.756317426282864,0,49,"Q2"
"9545",9545,"Northern IllinoisBuffalo2-17",2026-02-17,"conf","Buffalo","Northern Illinois","MAC","MAC","H",NA,NA,0.546556873185776,0.136539414444762,0.87694452176131,0.978292340323179,NA,NA,"future",0.0217076596768214,-0.978292340323179,0,312,"Q4"
"9546",9546,"Texas TechArizona St.2-17",2026-02-17,"conf","Arizona St.","Texas Tech","B12","B12","H",NA,NA,0.764484530115745,0.914150403527372,0.87694452176131,0.400930435453587,NA,NA,"future",0.599069564546413,-0.400930435453587,0,17,"Q1"
"9547",9547,"Grand CanyonSan Diego St.2-17",2026-02-17,"conf","San Diego St.","Grand Canyon","MWC","MWC","H",NA,NA,0.88804009035819,0.739302448616464,0.87694452176131,0.715339957295419,NA,NA,"future",0.284660042704581,-0.715339957295419,0,86,"Q3"
"9548",9548,"Virginia TechMiami FL2-17",2026-02-17,"conf","Miami FL","Virginia Tech","ACC","ACC","H",NA,NA,0.882624997146115,0.754253091747402,0.87694452176131,0.698966789253546,NA,NA,"future",0.301033210746454,-0.698966789253546,0,51,"Q2"
"9549",9549,"Boston CollegeFlorida St.2-17",2026-02-17,"conf","Florida St.","Boston College","ACC","ACC","H",NA,NA,0.714263605095652,0.452301733460503,0.87694452176131,0.896152158479263,NA,NA,"future",0.103847841520737,-0.896152158479263,0,157,"Q3"
"9550",9550,"North CarolinaN.C. State2-17",2026-02-17,"conf","N.C. State","North Carolina","ACC","ACC","H",NA,NA,0.928506150979041,0.849603281638803,0.87694452176131,0.557819068404126,NA,NA,"future",0.442180931595874,-0.557819068404126,0,27,"Q1"
"9551",9551,"MinnesotaOregon2-17",2026-02-17,"conf","Oregon","Minnesota","B10","B10","H",NA,NA,0.81299290274961,0.730929552070615,0.87694452176131,0.724014798467854,NA,NA,"future",0.275985201532146,-0.724014798467854,0,83,"Q3"
"9552",9552,"South CarolinaFlorida2-17",2026-02-17,"conf","Florida","South Carolina","SEC","SEC","H",NA,NA,0.967769745662781,0.702029460608034,0.87694452176131,0.751537221073831,NA,NA,"future",0.248462778926169,-0.751537221073831,0,85,"Q3"
"9553",9553,"AkronWestern Michigan2-17",2026-02-17,"conf","Western Michigan","Akron","MAC","MAC","H",NA,NA,0.39706717406787,0.745581397618812,0.87694452176131,0.708606354394313,NA,NA,"future",0.291393645605687,-0.708606354394313,0,54,"Q2"
"9554",9554,"NebraskaIowa2-17",2026-02-17,"conf","Iowa","Nebraska","B10","B10","H",NA,NA,0.951016965997977,0.926689461842875,0.87694452176131,0.360520506421061,NA,NA,"future",0.639479493578939,-0.360520506421061,0,7,"Q1"
"9555",9555,"MichiganPurdue2-17",2026-02-17,"conf","Purdue","Michigan","B10","B10","H",NA,NA,0.968858276411217,0.976564220412699,0.87694452176131,0.146044441707653,NA,NA,"future",0.853955558292347,-0.146044441707653,0,1,"Q1"
"9556",9556,"VillanovaXavier2-17",2026-02-17,"conf","Xavier","Villanova","BE","BE","H",NA,NA,0.780139218822579,0.84811313237523,0.87694452176131,0.560681993494687,NA,NA,"future",0.439318006505313,-0.560681993494687,0,33,"Q2"
"9557",9557,"Southeast Missouri St.Tennessee Martin2-17",2026-02-17,"conf","Southeast Missouri St.","Tennessee Martin","OVC","OVC","A",NA,NA,0.215113414869716,0.371890241689694,0.789142831518436,0.863407239429369,NA,NA,"future",0.136592760570631,-0.863407239429369,0,187,"Q3"
"9558",9558,"LouisvilleSMU2-17",2026-02-17,"conf","Louisville","SMU","ACC","ACC","A",NA,NA,0.927853101372083,0.916602426915101,0.789142831518436,0.254019532125076,NA,NA,"future",0.745980467874924,-0.254019532125076,0,30,"Q1"
"9559",9559,"BaylorKansas St.2-17",2026-02-17,"conf","Baylor","Kansas St.","B12","B12","A",NA,NA,0.740905781509242,0.787642451679584,0.789142831518436,0.502248363029673,NA,NA,"future",0.497751636970327,-0.502248363029673,0,82,"Q2"
"9560",9560,"LSUTexas2-17",2026-02-17,"conf","LSU","Texas","SEC","SEC","A",NA,NA,0.778358211737825,0.887271095950039,0.789142831518436,0.322261464403328,NA,NA,"future",0.677738535596672,-0.322261464403328,0,43,"Q1"
"9561",9561,"NevadaSan Jose St.2-17",2026-02-17,"conf","Nevada","San Jose St.","MWC","MWC","A",NA,NA,0.739452783455418,0.426462166380668,0.789142831518436,0.834251951782731,NA,NA,"future",0.165748048217269,-0.834251951782731,0,259,"Q4"
"9562",9562,"Air ForceNew Mexico2-17",2026-02-17,"conf","Air Force","New Mexico","MWC","MWC","A",NA,NA,0.105682919431014,0.889177912187195,0.789142831518436,0.318080985198017,NA,NA,"future",0.681919014801983,-0.318080985198017,0,42,"Q1"
"9563",9563,"Saint LouisRhode Island2-17",2026-02-17,"conf","Saint Louis","Rhode Island","A10","A10","A",NA,NA,0.882079346144617,0.656655293009964,0.789142831518436,0.661803604151082,NA,NA,"future",0.338196395848918,-0.661803604151082,0,133,"Q2"
"9564",9564,"TCUUCF2-17",2026-02-17,"conf","TCU","UCF","B12","B12","A",NA,NA,0.771350152968443,0.866736847529921,0.789142831518436,0.365251362941497,NA,NA,"future",0.634748637058503,-0.365251362941497,0,39,"Q1"
"9565",9565,"Ball St.Ohio2-17",2026-02-17,"conf","Ball St.","Ohio","MAC","MAC","A",NA,NA,0.175570369203068,0.450162132915252,0.789142831518436,0.820506375236532,NA,NA,"future",0.179493624763468,-0.820506375236532,0,216,"Q3"
"9566",9566,"Fresno St.Wyoming2-17",2026-02-17,"conf","Fresno St.","Wyoming","MWC","MWC","A",NA,NA,0.481922792123584,0.76314542480965,0.789142831518436,0.53737119837597,NA,NA,"future",0.46262880162403,-0.53737119837597,0,100,"Q2"
"9567",9567,"GeorgiaKentucky2-17",2026-02-17,"conf","Georgia","Kentucky","SEC","SEC","A",NA,NA,0.851354270638983,0.894882969930619,0.789142831518436,0.305370611040222,NA,NA,"future",0.694629388959778,-0.305370611040222,0,31,"Q1"
"9568",9568,"UCLAMichigan St.2-17",2026-02-17,"conf","UCLA","Michigan St.","B10","B10","A",NA,NA,0.799123308329882,0.96316998011938,0.789142831518436,0.125192612565118,NA,NA,"future",0.874807387434882,-0.125192612565118,0,11,"Q1"
"9569",9569,"Kent St.Bowling Green2-17",2026-02-17,"conf","Kent St.","Bowling Green","MAC","MAC","A",NA,NA,0.481287807626764,0.717673284740088,0.789142831518436,0.595516196130015,NA,NA,"future",0.404483803869985,-0.595516196130015,0,101,"Q2"
"9570",9570,"George WashingtonVCU2-17",2026-02-17,"conf","George Washington","VCU","A10","A10","A",NA,NA,0.685508618398289,0.832009910410597,0.789142831518436,0.430411360912575,NA,NA,"future",0.569588639087425,-0.430411360912575,0,55,"Q1"
"9571",9571,"Central MichiganEastern Michigan2-17",2026-02-17,"conf","Central Michigan","Eastern Michigan","MAC","MAC","A",NA,NA,0.143586134959525,0.534059422473723,0.789142831518436,0.765543748596947,NA,NA,"future",0.234456251403053,-0.765543748596947,0,179,"Q3"
"9572",9572,"WisconsinOhio St.2-17",2026-02-17,"conf","Wisconsin","Ohio St.","B10","B10","A",NA,NA,0.846803951575671,0.895316100144004,0.789142831518436,0.304393013328042,NA,NA,"future",0.695606986671958,-0.304393013328042,0,35,"Q1"
"9573",9573,"Miami OHMassachusetts2-17",2026-02-17,"conf","Miami OH","Massachusetts","MAC","MAC","A",NA,NA,0.696611503750518,0.572880082018046,0.789142831518436,0.736169735795053,NA,NA,"future",0.263830264204947,-0.736169735795053,0,195,"Q3"
"9574",9574,"Northern IllinoisBuffalo2-17",2026-02-17,"conf","Northern Illinois","Buffalo","MAC","MAC","A",NA,NA,0.136539414444762,0.546556873185776,0.789142831518436,0.756391714958197,NA,NA,"future",0.243608285041803,-0.756391714958197,0,165,"Q3"
"9575",9575,"Texas TechArizona St.2-17",2026-02-17,"conf","Texas Tech","Arizona St.","B12","B12","A",NA,NA,0.914150403527372,0.764484530115745,0.789142831518436,0.535525330246126,NA,NA,"future",0.464474669753874,-0.535525330246126,0,93,"Q2"
"9576",9576,"Grand CanyonSan Diego St.2-17",2026-02-17,"conf","Grand Canyon","San Diego St.","MWC","MWC","A",NA,NA,0.739302448616464,0.88804009035819,0.789142831518436,0.320579556111625,NA,NA,"future",0.679420443888375,-0.320579556111625,0,52,"Q1"
"9577",9577,"Virginia TechMiami FL2-17",2026-02-17,"conf","Virginia Tech","Miami FL","ACC","ACC","A",NA,NA,0.754253091747402,0.882624997146115,0.789142831518436,0.332309029138053,NA,NA,"future",0.667690970861947,-0.332309029138053,0,37,"Q1"
"9578",9578,"Boston CollegeFlorida St.2-17",2026-02-17,"conf","Boston College","Florida St.","ACC","ACC","A",NA,NA,0.452301733460503,0.714263605095652,0.789142831518436,0.599548438685226,NA,NA,"future",0.400451561314774,-0.599548438685226,0,115,"Q2"
"9579",9579,"North CarolinaN.C. State2-17",2026-02-17,"conf","North Carolina","N.C. State","ACC","ACC","A",NA,NA,0.849603281638803,0.928506150979041,0.789142831518436,0.223705894573487,NA,NA,"future",0.776294105426513,-0.223705894573487,0,29,"Q1"
"9580",9580,"MinnesotaOregon2-17",2026-02-17,"conf","Minnesota","Oregon","B10","B10","A",NA,NA,0.730929552070615,0.81299290274961,0.789142831518436,0.462617524270081,NA,NA,"future",0.537382475729919,-0.462617524270081,0,104,"Q2"
"9581",9581,"South CarolinaFlorida2-17",2026-02-17,"conf","South Carolina","Florida","SEC","SEC","A",NA,NA,0.702029460608034,0.967769745662781,0.789142831518436,0.110826915239594,NA,NA,"future",0.889173084760406,-0.110826915239594,0,14,"Q1"
"9582",9582,"AkronWestern Michigan2-17",2026-02-17,"conf","Akron","Western Michigan","MAC","MAC","A",NA,NA,0.745581397618812,0.39706717406787,0.789142831518436,0.850365000236185,NA,NA,"future",0.149634999763815,-0.850365000236185,0,256,"Q4"
"9583",9583,"NebraskaIowa2-17",2026-02-17,"conf","Nebraska","Iowa","B10","B10","A",NA,NA,0.926689461842875,0.951016965997977,0.789142831518436,0.161610786773865,NA,NA,"future",0.838389213226135,-0.161610786773865,0,21,"Q1"
"9584",9584,"MichiganPurdue2-17",2026-02-17,"conf","Michigan","Purdue","B10","B10","A",NA,NA,0.976564220412699,0.968858276411217,0.789142831518436,0.107378422298164,NA,NA,"future",0.892621577701836,-0.107378422298164,0,5,"Q1"
"9585",9585,"VillanovaXavier2-17",2026-02-17,"conf","Villanova","Xavier","BE","BE","A",NA,NA,0.84811313237523,0.780139218822579,0.789142831518436,0.513318973154326,NA,NA,"future",0.486681026845674,-0.513318973154326,0,94,"Q2"
"9586",9586,"AmericanBucknell2-18",2026-02-18,"conf","Bucknell","American","Pat","Pat","H",NA,NA,0.217206619977822,0.351681313504199,0.87694452176131,0.929265785702261,NA,NA,"future",0.0707342142977385,-0.929265785702261,0,228,"Q4"
"9587",9587,"Florida AtlanticUTSA2-18",2026-02-18,"conf","UTSA","Florida Atlantic","Amer","Amer","H",NA,NA,0.118500483117376,0.669116075241684,0.87694452176131,0.778960430736667,NA,NA,"future",0.221039569263333,-0.778960430736667,0,91,"Q3"
"9588",9588,"IllinoisUSC2-18",2026-02-18,"conf","USC","Illinois","B10","B10","H",NA,NA,0.850928400566256,0.944572611131982,0.87694452176131,0.294869444924917,NA,NA,"future",0.705130555075083,-0.294869444924917,0,9,"Q1"
"9589",9589,"Wichita St.East Carolina2-18",2026-02-18,"conf","East Carolina","Wichita St.","Amer","Amer","H",NA,NA,0.262679066039086,0.597783953153128,0.87694452176131,0.82743668853645,NA,NA,"future",0.17256331146355,-0.82743668853645,0,95,"Q3"
"9590",9590,"Kennesaw St.Missouri St.2-18",2026-02-18,"conf","Missouri St.","Kennesaw St.","CUSA","CUSA","H",NA,NA,0.618345928322213,0.417773718358861,0.87694452176131,0.908522587405783,NA,NA,"future",0.0914774125942168,-0.908522587405783,0,159,"Q3"
"9591",9591,"GonzagaSan Francisco2-18",2026-02-18,"conf","San Francisco","Gonzaga","WCC","WCC","H",NA,NA,0.739588765971914,0.937344159237918,0.87694452176131,0.32265760727251,NA,NA,"future",0.67734239272749,-0.32265760727251,0,4,"Q1"
"9592",9592,"UNC GreensboroWestern Carolina2-18",2026-02-18,"conf","Western Carolina","UNC Greensboro","SC","SC","H",NA,NA,0.307831220822344,0.170845743130604,0.87694452176131,0.971899187342243,NA,NA,"future",0.0281008126577568,-0.971899187342243,0,295,"Q4"
"9593",9593,"Loyola ChicagoFordham2-18",2026-02-18,"conf","Fordham","Loyola Chicago","A10","A10","H",NA,NA,0.520630114053518,0.1760796726165,0.87694452176131,0.970884750422331,NA,NA,"future",0.0291152495776692,-0.970884750422331,0,315,"Q4"
"9594",9594,"BYUArizona2-18",2026-02-18,"conf","Arizona","BYU","B12","B12","H",NA,NA,0.977752465301565,0.897211603893705,0.87694452176131,0.44947037290437,NA,NA,"future",0.550529627095631,-0.44947037290437,0,12,"Q1"
"9595",9595,"QueensNorth Alabama2-18",2026-02-18,"conf","North Alabama","Queens","ASun","ASun","H",NA,NA,0.155996475577486,0.358618140773719,0.87694452176131,0.927248717001686,NA,NA,"future",0.0727512829983142,-0.927248717001686,0,183,"Q4"
"9596",9596,"LipscombBellarmine2-18",2026-02-18,"conf","Bellarmine","Lipscomb","ASun","ASun","H",NA,NA,0.246363301451693,0.400063738169319,0.87694452176131,0.914433271367804,NA,NA,"future",0.0855667286321963,-0.914433271367804,0,160,"Q3"
"9597",9597,"KansasOklahoma St.2-18",2026-02-18,"conf","Oklahoma St.","Kansas","B12","B12","H",NA,NA,0.819344264260517,0.923435166348524,0.87694452176131,0.371414287559022,NA,NA,"future",0.628585712440978,-0.371414287559022,0,18,"Q1"
"9598",9598,"PacificWashington St.2-18",2026-02-18,"conf","Washington St.","Pacific","WCC","WCC","H",NA,NA,0.640213899600399,0.522643024911776,0.87694452176131,0.866825148339616,NA,NA,"future",0.133174851660384,-0.866825148339616,0,110,"Q3"
"9599",9599,"Middle TennesseeSam Houston St.2-18",2026-02-18,"conf","Sam Houston St.","Middle Tennessee","CUSA","CUSA","H",NA,NA,0.710010982697554,0.617437484215807,0.87694452176131,0.815345086458109,NA,NA,"future",0.184654913541891,-0.815345086458109,0,111,"Q3"
"9600",9600,"ClemsonWake Forest2-18",2026-02-18,"conf","Wake Forest","Clemson","ACC","ACC","H",NA,NA,0.830188381602287,0.887421585948118,0.87694452176131,0.474805920858777,NA,NA,"future",0.525194079141223,-0.474805920858777,0,32,"Q2"
"9601",9601,"UtahWest Virginia2-18",2026-02-18,"conf","West Virginia","Utah","B12","B12","H",NA,NA,0.87123425331909,0.594076360174539,0.87694452176131,0.82962411412064,NA,NA,"future",0.17037588587936,-0.82962411412064,0,117,"Q3"
"9602",9602,"CreightonConnecticut2-18",2026-02-18,"conf","Connecticut","Creighton","BE","BE","H",NA,NA,0.972195245967499,0.754064342104998,0.87694452176131,0.699180955753172,NA,NA,"future",0.300819044246828,-0.699180955753172,0,58,"Q2"
"9603",9603,"Illinois ChicagoEvansville2-18",2026-02-18,"conf","Evansville","Illinois Chicago","MVC","MVC","H",NA,NA,0.316297971986588,0.500741447619587,0.87694452176131,0.876624116731868,NA,NA,"future",0.123375883268132,-0.876624116731868,0,161,"Q4"
"9604",9604,"Murray St.Illinois St.2-18",2026-02-18,"conf","Illinois St.","Murray St.","MVC","MVC","H",NA,NA,0.816126473444108,0.635707651012394,0.87694452176131,0.803296496851395,NA,NA,"future",0.196703503148605,-0.803296496851395,0,74,"Q2"
"9605",9605,"MarylandNorthwestern2-18",2026-02-18,"conf","Northwestern","Maryland","B10","B10","H",NA,NA,0.848307220201776,0.573049543206266,0.87694452176131,0.841509712207793,NA,NA,"future",0.158490287792207,-0.841509712207793,0,152,"Q3"
"9606",9606,"Saint Mary'sSeattle2-18",2026-02-18,"conf","Seattle","Saint Mary's","WCC","WCC","H",NA,NA,0.74544303723052,0.839624194120796,0.87694452176131,0.576488293922997,NA,NA,"future",0.423511706077003,-0.576488293922997,0,28,"Q1"
"9607",9607,"Boise St.Utah St.2-18",2026-02-18,"conf","Utah St.","Boise St.","MWC","MWC","H",NA,NA,0.914720101774999,0.719435859842334,0.87694452176131,0.735389901479989,NA,NA,"future",0.264610098520011,-0.735389901479989,0,71,"Q2"
"9608",9608,"PepperdinePortland2-18",2026-02-18,"conf","Portland","Pepperdine","WCC","WCC","H",NA,NA,0.553963766133518,0.217599421655683,0.87694452176131,0.962439543198769,NA,NA,"future",0.0375604568012314,-0.962439543198769,0,267,"Q4"
"9609",9609,"James MadisonCoastal Carolina2-18",2026-02-18,"conf","Coastal Carolina","James Madison","SB","SB","H",NA,NA,0.391019597898515,0.248008473110579,0.87694452176131,0.955768164170376,NA,NA,"future",0.0442318358296244,-0.955768164170376,0,244,"Q4"
"9610",9610,"DaytonGeorge Mason2-18",2026-02-18,"conf","George Mason","Dayton","A10","A10","H",NA,NA,0.758834600748699,0.686412835074481,0.87694452176131,0.765020894183328,NA,NA,"future",0.234979105816672,-0.765020894183328,0,80,"Q3"
"9611",9611,"West GeorgiaEastern Kentucky2-18",2026-02-18,"conf","Eastern Kentucky","West Georgia","ASun","ASun","H",NA,NA,0.353630994291055,0.124454025605907,0.87694452176131,0.980443929756687,NA,NA,"future",0.0195560702433134,-0.980443929756687,0,322,"Q4"
"9612",9612,"East Tennessee St.Furman2-18",2026-02-18,"conf","Furman","East Tennessee St.","SC","SC","H",NA,NA,0.548536258475982,0.448888433472161,0.87694452176131,0.897428314939119,NA,NA,"future",0.102571685060881,-0.897428314939119,0,129,"Q3"
"9613",9613,"VanderbiltMissouri2-18",2026-02-18,"conf","Missouri","Vanderbilt","SEC","SEC","H",NA,NA,0.837628198528992,0.928124167770446,0.87694452176131,0.355622029564161,NA,NA,"future",0.644377970435839,-0.355622029564161,0,16,"Q1"
"9614",9614,"CharlotteTulsa2-18",2026-02-18,"conf","Tulsa","Charlotte","Amer","Amer","H",NA,NA,0.855650066325967,0.408184823211502,0.87694452176131,0.911757290865428,NA,NA,"future",0.0882427091345716,-0.911757290865428,0,173,"Q4"
"9615",9615,"MississippiTexas A&M2-18",2026-02-18,"conf","Texas A&M","Mississippi","SEC","SEC","H",NA,NA,0.915550420652576,0.654298907124239,0.87694452176131,0.790148149620637,NA,NA,"future",0.209851850379363,-0.790148149620637,0,87,"Q3"
"9616",9616,"LafayetteHoly Cross2-18",2026-02-18,"conf","Holy Cross","Lafayette","Pat","Pat","H",NA,NA,0.203196040881925,0.147463233359836,0.87694452176131,0.976303494184094,NA,NA,"future",0.023696505815906,-0.976303494184094,0,328,"Q4"
"9617",9617,"Purdue Fort WayneNorthern Kentucky2-18",2026-02-18,"conf","Northern Kentucky","Purdue Fort Wayne","Horz","Horz","H",NA,NA,0.56588651357836,0.292872856878609,0.87694452176131,0.945074204187965,NA,NA,"future",0.054925795812035,-0.945074204187965,0,210,"Q4"
"9618",9618,"Jacksonville St.Louisiana Tech2-18",2026-02-18,"conf","Louisiana Tech","Jacksonville St.","CUSA","CUSA","H",NA,NA,0.333416655235645,0.295930609897491,0.87694452176131,0.944305079945083,NA,NA,"future",0.0556949200549175,-0.944305079945083,0,245,"Q4"
"9619",9619,"ButlerGeorgetown2-18",2026-02-18,"conf","Georgetown","Butler","BE","BE","H",NA,NA,0.736066932523059,0.761292597156938,0.87694452176131,0.690835707123408,NA,NA,"future",0.309164292876592,-0.690835707123408,0,48,"Q2"
"9620",9620,"North Dakota St.South Dakota St.2-18",2026-02-18,"conf","South Dakota St.","North Dakota St.","Sum","Sum","H",NA,NA,0.53567472683946,0.525202618458169,0.87694452176131,0.865636057338206,NA,NA,"future",0.134363942661794,-0.865636057338206,0,132,"Q3"
"9621",9621,"Colorado St.UNLV2-18",2026-02-18,"conf","UNLV","Colorado St.","MWC","MWC","H",NA,NA,0.708634239033289,0.62699617671433,0.87694452176131,0.809143842490246,NA,NA,"future",0.190856157509754,-0.809143842490246,0,92,"Q3"
"9622",9622,"Cleveland St.Youngstown St.2-18",2026-02-18,"conf","Youngstown St.","Cleveland St.","Horz","Horz","H",NA,NA,0.546812666972655,0.170841144385821,0.87694452176131,0.971900073963006,NA,NA,"future",0.0280999260369942,-0.971900073963006,0,321,"Q4"
"9623",9623,"Western KentuckyDelaware2-18",2026-02-18,"conf","Delaware","Western Kentucky","CUSA","CUSA","H",NA,NA,0.290475626387562,0.381373069076346,0.87694452176131,0.920380838248542,NA,NA,"future",0.0796191617514583,-0.920380838248542,0,167,"Q4"
"9624",9624,"Southern IllinoisDrake2-18",2026-02-18,"conf","Drake","Southern Illinois","MVC","MVC","H",NA,NA,0.53888123509143,0.429692892721203,0.87694452176131,0.904383896749159,NA,NA,"future",0.0956161032508414,-0.904383896749159,0,143,"Q3"
"9625",9625,"Oral RobertsNebraska Omaha2-18",2026-02-18,"conf","Nebraska Omaha","Oral Roberts","Sum","Sum","H",NA,NA,0.38253352780429,0.14650394031066,0.87694452176131,0.976479859681162,NA,NA,"future",0.0235201403188382,-0.976479859681162,0,317,"Q4"
"9626",9626,"La SalleDuquesne2-18",2026-02-18,"conf","Duquesne","La Salle","A10","A10","H",NA,NA,0.664548733997581,0.347282363436385,0.87694452176131,0.930527128014643,NA,NA,"future",0.0694728719853572,-0.930527128014643,0,227,"Q4"
"9627",9627,"ArmyLoyola MD2-18",2026-02-18,"conf","Loyola MD","Army","Pat","Pat","H",NA,NA,0.162152229273016,0.121286957424866,0.87694452176131,0.980999516370392,NA,NA,"future",0.0190004836296076,-0.980999516370392,0,320,"Q4"
"9628",9628,"St. John'sMarquette2-18",2026-02-18,"conf","Marquette","St. John's","BE","BE","H",NA,NA,0.679338014949704,0.894211859941309,0.87694452176131,0.457429346097337,NA,NA,"future",0.542570653902663,-0.457429346097337,0,23,"Q1"
"9629",9629,"AuburnMississippi St.2-18",2026-02-18,"conf","Mississippi St.","Auburn","SEC","SEC","H",NA,NA,0.769828564240354,0.84883999378349,0.87694452176131,0.559288913239661,NA,NA,"future",0.440711086760339,-0.559288913239661,0,34,"Q2"
"9630",9630,"Saint Joseph'sSt. Bonaventure2-18",2026-02-18,"conf","St. Bonaventure","Saint Joseph's","A10","A10","H",NA,NA,0.588463345654528,0.441375051805727,0.87694452176131,0.90019487903602,NA,NA,"future",0.0998051209639798,-0.90019487903602,0,192,"Q4"
"9631",9631,"OklahomaTennessee2-18",2026-02-18,"conf","Tennessee","Oklahoma","SEC","SEC","H",NA,NA,0.951108153148531,0.671721774627647,0.87694452176131,0.776923253027942,NA,NA,"future",0.223076746972058,-0.776923253027942,0,76,"Q3"
"9632",9632,"ArkansasAlabama2-18",2026-02-18,"conf","Alabama","Arkansas","SEC","SEC","H",NA,NA,0.954434190116709,0.899851369198693,0.87694452176131,0.442316531859976,NA,NA,"future",0.557683468140024,-0.442316531859976,0,20,"Q1"
"9633",9633,"Northern IowaIndiana St.2-18",2026-02-18,"conf","Indiana St.","Northern Iowa","MVC","MVC","H",NA,NA,0.52112194682298,0.62119758035374,0.87694452176131,0.812931803778752,NA,NA,"future",0.187068196221248,-0.812931803778752,0,102,"Q3"
"9634",9634,"VirginiaGeorgia Tech2-18",2026-02-18,"conf","Georgia Tech","Virginia","ACC","ACC","H",NA,NA,0.649662104684215,0.941543118572919,0.87694452176131,0.306736242269756,NA,NA,"future",0.693263757730244,-0.306736242269756,0,13,"Q1"
"9635",9635,"VMIWofford2-18",2026-02-18,"conf","Wofford","VMI","SC","SC","H",NA,NA,0.427054957226168,0.081180331096308,0.87694452176131,0.987753891098385,NA,NA,"future",0.0122461089016148,-0.987753891098385,0,353,"Q4"
"9636",9636,"RutgersPenn St.2-18",2026-02-18,"conf","Penn St.","Rutgers","B10","B10","H",NA,NA,0.644016964773121,0.434313559219032,0.87694452176131,0.902743058079771,NA,NA,"future",0.0972569419202294,-0.902743058079771,0,153,"Q3"
"9637",9637,"TroyLouisiana Monroe2-18",2026-02-18,"conf","Louisiana Monroe","Troy","SB","SB","H",NA,NA,0.110510816070549,0.574223488770011,0.87694452176131,0.840868495508097,NA,NA,"future",0.159131504491903,-0.840868495508097,0,103,"Q3"
"9638",9638,"DePaulSeton Hall2-18",2026-02-18,"conf","Seton Hall","DePaul","BE","BE","H",NA,NA,0.873855128810157,0.57837139577554,0.87694452176131,0.838582265959197,NA,NA,"future",0.161417734040803,-0.838582265959197,0,113,"Q3"
"9639",9639,"RichmondDavidson2-18",2026-02-18,"conf","Davidson","Richmond","A10","A10","H",NA,NA,0.692626171471865,0.505311078308384,0.87694452176131,0.874633481206489,NA,NA,"future",0.125366518793511,-0.874633481206489,0,126,"Q3"
"9640",9640,"BradleyValparaiso2-18",2026-02-18,"conf","Valparaiso","Bradley","MVC","MVC","H",NA,NA,0.617432819487282,0.472493714824135,0.87694452176131,0.888344836283847,NA,NA,"future",0.111655163716153,-0.888344836283847,0,124,"Q3"
"9641",9641,"UABTemple2-18",2026-02-18,"conf","Temple","UAB","Amer","Amer","H",NA,NA,0.639379701297134,0.524998488358512,0.87694452176131,0.865731238499826,NA,NA,"future",0.134268761500174,-0.865731238499826,0,122,"Q3"
"9642",9642,"LehighNavy2-18",2026-02-18,"conf","Navy","Lehigh","Pat","Pat","H",NA,NA,0.465453988539404,0.155993773443698,0.87694452176131,0.974720382753838,NA,NA,"future",0.0252796172461617,-0.974720382753838,0,298,"Q4"
"9643",9643,"AmericanBucknell2-18",2026-02-18,"conf","American","Bucknell","Pat","Pat","A",NA,NA,0.351681313504199,0.217206619977822,0.789142831518436,0.930976439518599,NA,NA,"future",0.0690235604814007,-0.930976439518599,0,333,"Q4"
"9644",9644,"Florida AtlanticUTSA2-18",2026-02-18,"conf","Florida Atlantic","UTSA","Amer","Amer","A",NA,NA,0.669116075241684,0.118500483117376,0.789142831518436,0.96532593406337,NA,NA,"future",0.0346740659366295,-0.96532593406337,0,349,"Q4"
"9645",9645,"IllinoisUSC2-18",2026-02-18,"conf","Illinois","USC","B10","B10","A",NA,NA,0.944572611131982,0.850928400566256,0.789142831518436,0.396005997866024,NA,NA,"future",0.603994002133976,-0.396005997866024,0,56,"Q1"
"9646",9646,"Wichita St.East Carolina2-18",2026-02-18,"conf","Wichita St.","East Carolina","Amer","Amer","A",NA,NA,0.597783953153128,0.262679066039086,0.789142831518436,0.913081687465795,NA,NA,"future",0.0869183125342055,-0.913081687465795,0,299,"Q4"
"9647",9647,"Kennesaw St.Missouri St.2-18",2026-02-18,"conf","Kennesaw St.","Missouri St.","CUSA","CUSA","A",NA,NA,0.417773718358861,0.618345928322213,0.789142831518436,0.697882118549372,NA,NA,"future",0.302117881450628,-0.697882118549372,0,191,"Q3"
"9648",9648,"GonzagaSan Francisco2-18",2026-02-18,"conf","Gonzaga","San Francisco","WCC","WCC","A",NA,NA,0.937344159237918,0.739588765971914,0.789142831518436,0.568549132866206,NA,NA,"future",0.431450867133794,-0.568549132866206,0,107,"Q2"
"9649",9649,"UNC GreensboroWestern Carolina2-18",2026-02-18,"conf","UNC Greensboro","Western Carolina","SC","SC","A",NA,NA,0.170845743130604,0.307831220822344,0.789142831518436,0.89378923595296,NA,NA,"future",0.10621076404704,-0.89378923595296,0,289,"Q4"
"9650",9650,"Loyola ChicagoFordham2-18",2026-02-18,"conf","Loyola Chicago","Fordham","A10","A10","A",NA,NA,0.1760796726165,0.520630114053518,0.789142831518436,0.775076087478428,NA,NA,"future",0.224923912521572,-0.775076087478428,0,226,"Q3"
"9651",9651,"BYUArizona2-18",2026-02-18,"conf","BYU","Arizona","B12","B12","A",NA,NA,0.897211603893705,0.977752465301565,0.789142831518436,0.0784743366007909,NA,NA,"future",0.921525663399209,-0.0784743366007909,0,3,"Q1"
"9652",9652,"QueensNorth Alabama2-18",2026-02-18,"conf","Queens","North Alabama","ASun","ASun","A",NA,NA,0.358618140773719,0.155996475577486,0.789142831518436,0.952938253331221,NA,NA,"future",0.0470617466687792,-0.952938253331221,0,335,"Q4"
"9653",9653,"LipscombBellarmine2-18",2026-02-18,"conf","Lipscomb","Bellarmine","ASun","ASun","A",NA,NA,0.400063738169319,0.246363301451693,0.789142831518436,0.919669832563784,NA,NA,"future",0.080330167436216,-0.919669832563784,0,291,"Q4"
"9654",9654,"KansasOklahoma St.2-18",2026-02-18,"conf","Kansas","Oklahoma St.","B12","B12","A",NA,NA,0.923435166348524,0.819344264260517,0.789142831518436,0.452111051323319,NA,NA,"future",0.547888948676681,-0.452111051323319,0,73,"Q1"
"9655",9655,"PacificWashington St.2-18",2026-02-18,"conf","Pacific","Washington St.","WCC","WCC","A",NA,NA,0.522643024911776,0.640213899600399,0.789142831518436,0.67775499260287,NA,NA,"future",0.32224500739713,-0.67775499260287,0,156,"Q3"
"9656",9656,"Middle TennesseeSam Houston St.2-18",2026-02-18,"conf","Middle Tennessee","Sam Houston St.","CUSA","CUSA","A",NA,NA,0.617437484215807,0.710010982697554,0.789142831518436,0.604518668369394,NA,NA,"future",0.395481331630606,-0.604518668369394,0,105,"Q2"
"9657",9657,"ClemsonWake Forest2-18",2026-02-18,"conf","Clemson","Wake Forest","ACC","ACC","A",NA,NA,0.887421585948118,0.830188381602287,0.789142831518436,0.433595457149497,NA,NA,"future",0.566404542850503,-0.433595457149497,0,67,"Q1"
"9658",9658,"UtahWest Virginia2-18",2026-02-18,"conf","Utah","West Virginia","B12","B12","A",NA,NA,0.594076360174539,0.87123425331909,0.789142831518436,0.356141766264973,NA,NA,"future",0.643858233735027,-0.356141766264973,0,59,"Q1"
"9659",9659,"CreightonConnecticut2-18",2026-02-18,"conf","Creighton","Connecticut","BE","BE","A",NA,NA,0.754064342104998,0.972195245967499,0.789142831518436,0.0966876003580351,NA,NA,"future",0.903312399641965,-0.0966876003580351,0,8,"Q1"
"9660",9660,"Illinois ChicagoEvansville2-18",2026-02-18,"conf","Illinois Chicago","Evansville","MVC","MVC","A",NA,NA,0.500741447619587,0.316297971986588,0.789142831518436,0.88998656064279,NA,NA,"future",0.110013439357211,-0.88998656064279,0,284,"Q4"
"9661",9661,"Murray St.Illinois St.2-18",2026-02-18,"conf","Murray St.","Illinois St.","MVC","MVC","A",NA,NA,0.635707651012394,0.816126473444108,0.789142831518436,0.457464356306282,NA,NA,"future",0.542535643693718,-0.457464356306282,0,79,"Q2"
"9662",9662,"MarylandNorthwestern2-18",2026-02-18,"conf","Maryland","Northwestern","B10","B10","A",NA,NA,0.573049543206266,0.848307220201776,0.789142831518436,0.400923368847485,NA,NA,"future",0.599076631152515,-0.400923368847485,0,69,"Q1"
"9663",9663,"Saint Mary'sSeattle2-18",2026-02-18,"conf","Saint Mary's","Seattle","WCC","WCC","A",NA,NA,0.839624194120796,0.74544303723052,0.789142831518436,0.561022355526039,NA,NA,"future",0.438977644473961,-0.561022355526039,0,114,"Q2"
"9664",9664,"Boise St.Utah St.2-18",2026-02-18,"conf","Boise St.","Utah St.","MWC","MWC","A",NA,NA,0.719435859842334,0.914720101774999,0.789142831518436,0.25866611800377,NA,NA,"future",0.74133388199623,-0.25866611800377,0,25,"Q1"
"9665",9665,"PepperdinePortland2-18",2026-02-18,"conf","Pepperdine","Portland","WCC","WCC","A",NA,NA,0.217599421655683,0.553963766133518,0.789142831518436,0.750834377479532,NA,NA,"future",0.249165622520468,-0.750834377479532,0,215,"Q3"
"9666",9666,"James MadisonCoastal Carolina2-18",2026-02-18,"conf","James Madison","Coastal Carolina","SB","SB","A",NA,NA,0.248008473110579,0.391019597898515,0.789142831518436,0.853559338847739,NA,NA,"future",0.146440661152261,-0.853559338847739,0,235,"Q3"
"9667",9667,"DaytonGeorge Mason2-18",2026-02-18,"conf","Dayton","George Mason","A10","A10","A",NA,NA,0.686412835074481,0.758834600748699,0.789142831518436,0.543257964252141,NA,NA,"future",0.456742035747859,-0.543257964252141,0,63,"Q1"
"9668",9668,"West GeorgiaEastern Kentucky2-18",2026-02-18,"conf","West Georgia","Eastern Kentucky","ASun","ASun","A",NA,NA,0.124454025605907,0.353630994291055,0.789142831518436,0.872459573266937,NA,NA,"future",0.127540426733063,-0.872459573266937,0,262,"Q4"
"9669",9669,"East Tennessee St.Furman2-18",2026-02-18,"conf","East Tennessee St.","Furman","SC","SC","A",NA,NA,0.448888433472161,0.548536258475982,0.789142831518436,0.754916473669213,NA,NA,"future",0.245083526330787,-0.754916473669213,0,189,"Q3"
"9670",9670,"VanderbiltMissouri2-18",2026-02-18,"conf","Vanderbilt","Missouri","SEC","SEC","A",NA,NA,0.928124167770446,0.837628198528992,0.789142831518436,0.42045174979891,NA,NA,"future",0.57954825020109,-0.42045174979891,0,70,"Q1"
"9671",9671,"CharlotteTulsa2-18",2026-02-18,"conf","Charlotte","Tulsa","Amer","Amer","A",NA,NA,0.408184823211502,0.855650066325967,0.789142831518436,0.387020296107445,NA,NA,"future",0.612979703892555,-0.387020296107445,0,47,"Q1"
"9672",9672,"MississippiTexas A&M2-18",2026-02-18,"conf","Mississippi","Texas A&M","SEC","SEC","A",NA,NA,0.654298907124239,0.915550420652576,0.789142831518436,0.256621248205328,NA,NA,"future",0.743378751794672,-0.256621248205328,0,41,"Q1"
"9673",9673,"LafayetteHoly Cross2-18",2026-02-18,"conf","Lafayette","Holy Cross","Pat","Pat","A",NA,NA,0.147463233359836,0.203196040881925,0.789142831518436,0.936207636608896,NA,NA,"future",0.0637923633911037,-0.936207636608896,0,314,"Q4"
"9674",9674,"Purdue Fort WayneNorthern Kentucky2-18",2026-02-18,"conf","Purdue Fort Wayne","Northern Kentucky","Horz","Horz","A",NA,NA,0.292872856878609,0.56588651357836,0.789142831518436,0.741672343161317,NA,NA,"future",0.258327656838683,-0.741672343161317,0,177,"Q3"
"9675",9675,"Jacksonville St.Louisiana Tech2-18",2026-02-18,"conf","Jacksonville St.","Louisiana Tech","CUSA","CUSA","A",NA,NA,0.295930609897491,0.333416655235645,0.789142831518436,0.882107278744537,NA,NA,"future",0.117892721255463,-0.882107278744537,0,264,"Q4"
"9676",9676,"ButlerGeorgetown2-18",2026-02-18,"conf","Butler","Georgetown","BE","BE","A",NA,NA,0.761292597156938,0.736066932523059,0.789142831518436,0.573009575192196,NA,NA,"future",0.426990424807804,-0.573009575192196,0,118,"Q2"
"9677",9677,"North Dakota St.South Dakota St.2-18",2026-02-18,"conf","North Dakota St.","South Dakota St.","Sum","Sum","A",NA,NA,0.525202618458169,0.53567472683946,0.789142831518436,0.764376370522328,NA,NA,"future",0.235623629477672,-0.764376370522328,0,180,"Q3"
"9678",9678,"Colorado St.UNLV2-18",2026-02-18,"conf","Colorado St.","UNLV","MWC","MWC","A",NA,NA,0.62699617671433,0.708634239033289,0.789142831518436,0.606113922037165,NA,NA,"future",0.393886077962835,-0.606113922037165,0,127,"Q2"
"9679",9679,"Cleveland St.Youngstown St.2-18",2026-02-18,"conf","Cleveland St.","Youngstown St.","Horz","Horz","A",NA,NA,0.170841144385821,0.546812666972655,0.789142831518436,0.756201472941003,NA,NA,"future",0.243798527058997,-0.756201472941003,0,221,"Q3"
"9680",9680,"Western KentuckyDelaware2-18",2026-02-18,"conf","Western Kentucky","Delaware","CUSA","CUSA","A",NA,NA,0.381373069076346,0.290475626387562,0.789142831518436,0.901396772388435,NA,NA,"future",0.0986032276115646,-0.901396772388435,0,300,"Q4"
"9681",9681,"Southern IllinoisDrake2-18",2026-02-18,"conf","Southern Illinois","Drake","MVC","MVC","A",NA,NA,0.429692892721203,0.53888123509143,0.789142831518436,0.762045499978807,NA,NA,"future",0.237954500021193,-0.762045499978807,0,166,"Q3"
"9682",9682,"Oral RobertsNebraska Omaha2-18",2026-02-18,"conf","Oral Roberts","Nebraska Omaha","Sum","Sum","A",NA,NA,0.14650394031066,0.38253352780429,0.789142831518436,0.857975360620707,NA,NA,"future",0.142024639379293,-0.857975360620707,0,281,"Q4"
"9683",9683,"La SalleDuquesne2-18",2026-02-18,"conf","La Salle","Duquesne","A10","A10","A",NA,NA,0.347282363436385,0.664548733997581,0.789142831518436,0.653879211488026,NA,NA,"future",0.346120788511974,-0.653879211488026,0,155,"Q3"
"9684",9684,"ArmyLoyola MD2-18",2026-02-18,"conf","Army","Loyola MD","Pat","Pat","A",NA,NA,0.121286957424866,0.162152229273016,0.789142831518436,0.95083072908287,NA,NA,"future",0.0491692709171297,-0.95083072908287,0,340,"Q4"
"9685",9685,"St. John'sMarquette2-18",2026-02-18,"conf","St. John's","Marquette","BE","BE","A",NA,NA,0.894211859941309,0.679338014949704,0.789142831518436,0.638540499954744,NA,NA,"future",0.361459500045256,-0.638540499954744,0,142,"Q3"
"9686",9686,"AuburnMississippi St.2-18",2026-02-18,"conf","Auburn","Mississippi St.","SEC","SEC","A",NA,NA,0.84883999378349,0.769828564240354,0.789142831518436,0.528076163539221,NA,NA,"future",0.471923836460779,-0.528076163539221,0,99,"Q2"
"9687",9687,"Saint Joseph'sSt. Bonaventure2-18",2026-02-18,"conf","Saint Joseph's","St. Bonaventure","A10","A10","A",NA,NA,0.441375051805727,0.588463345654528,0.789142831518436,0.723552025588615,NA,NA,"future",0.276447974411385,-0.723552025588615,0,144,"Q3"
"9688",9688,"OklahomaTennessee2-18",2026-02-18,"conf","Oklahoma","Tennessee","SEC","SEC","A",NA,NA,0.671721774627647,0.951108153148531,0.789142831518436,0.161345502513521,NA,NA,"future",0.838654497486479,-0.161345502513521,0,26,"Q1"
"9689",9689,"ArkansasAlabama2-18",2026-02-18,"conf","Arkansas","Alabama","SEC","SEC","A",NA,NA,0.899851369198693,0.954434190116709,0.789142831518436,0.151588690123373,NA,NA,"future",0.848411309876627,-0.151588690123373,0,19,"Q1"
"9690",9690,"Northern IowaIndiana St.2-18",2026-02-18,"conf","Northern Iowa","Indiana St.","MVC","MVC","A",NA,NA,0.62119758035374,0.52112194682298,0.789142831518436,0.774732331268569,NA,NA,"future",0.225267668731431,-0.774732331268569,0,205,"Q3"
"9691",9691,"VirginiaGeorgia Tech2-18",2026-02-18,"conf","Virginia","Georgia Tech","ACC","ACC","A",NA,NA,0.941543118572919,0.649662104684215,0.789142831518436,0.668678034087465,NA,NA,"future",0.331321965912535,-0.668678034087465,0,146,"Q3"
"9692",9692,"VMIWofford2-18",2026-02-18,"conf","VMI","Wofford","SC","SC","A",NA,NA,0.081180331096308,0.427054957226168,0.789142831518436,0.833916616644165,NA,NA,"future",0.166083383355835,-0.833916616644165,0,225,"Q3"
"9693",9693,"RutgersPenn St.2-18",2026-02-18,"conf","Rutgers","Penn St.","B10","B10","A",NA,NA,0.434313559219032,0.644016964773121,0.789142831518436,0.674129982609513,NA,NA,"future",0.325870017390487,-0.674129982609513,0,131,"Q2"
"9694",9694,"TroyLouisiana Monroe2-18",2026-02-18,"conf","Troy","Louisiana Monroe","SB","SB","A",NA,NA,0.574223488770011,0.110510816070549,0.789142831518436,0.967869772859297,NA,NA,"future",0.0321302271407032,-0.967869772859297,0,359,"Q4"
"9695",9695,"DePaulSeton Hall2-18",2026-02-18,"conf","DePaul","Seton Hall","BE","BE","A",NA,NA,0.57837139577554,0.873855128810157,0.789142831518436,0.350756125662828,NA,NA,"future",0.649243874337172,-0.350756125662828,0,45,"Q1"
"9696",9696,"RichmondDavidson2-18",2026-02-18,"conf","Richmond","Davidson","A10","A10","A",NA,NA,0.505311078308384,0.692626171471865,0.789142831518436,0.624182848539627,NA,NA,"future",0.375817151460373,-0.624182848539627,0,119,"Q2"
"9697",9697,"BradleyValparaiso2-18",2026-02-18,"conf","Bradley","Valparaiso","MVC","MVC","A",NA,NA,0.472493714824135,0.617432819487282,0.789142831518436,0.69869691398021,NA,NA,"future",0.30130308601979,-0.69869691398021,0,171,"Q3"
"9698",9698,"UABTemple2-18",2026-02-18,"conf","UAB","Temple","Amer","Amer","A",NA,NA,0.524998488358512,0.639379701297134,0.789142831518436,0.67854505050098,NA,NA,"future",0.32145494949902,-0.67854505050098,0,154,"Q3"
"9699",9699,"LehighNavy2-18",2026-02-18,"conf","Lehigh","Navy","Pat","Pat","A",NA,NA,0.155993773443698,0.465453988539404,0.789142831518436,0.811252761824176,NA,NA,"future",0.188747238175824,-0.811252761824176,0,193,"Q3"
"9700",9700,"CharlestonNorth Carolina A&T2-19",2026-02-19,"conf","North Carolina A&T","Charleston","CAA","CAA","H",NA,NA,0.276662006999724,0.363361259870032,0.87694452176131,0.92584938839268,NA,NA,"future",0.0741506116073203,-0.92584938839268,0,175,"Q4"
"9701",9701,"USC UpstateWinthrop2-19",2026-02-19,"conf","Winthrop","USC Upstate","BSth","BSth","H",NA,NA,0.589293391463423,0.171715590878374,0.87694452176131,0.97173133605275,NA,NA,"future",0.0282686639472497,-0.97173133605275,0,285,"Q4"
"9702",9702,"Utah TechUT Arlington2-19",2026-02-19,"conf","UT Arlington","Utah Tech","WAC","WAC","H",NA,NA,0.58940849732773,0.326398450988887,0.87694452176131,0.936334401660849,NA,NA,"future",0.0636655983391512,-0.936334401660849,0,199,"Q4"
"9703",9703,"Alabama St.Florida A&M2-19",2026-02-19,"conf","Florida A&M","Alabama St.","SWAC","SWAC","H",NA,NA,0.313122465804659,0.161273195651384,0.87694452176131,0.973727114931155,NA,NA,"future",0.026272885068845,-0.973727114931155,0,313,"Q4"
"9704",9704,"Tennessee MartinLittle Rock2-19",2026-02-19,"conf","Little Rock","Tennessee Martin","OVC","OVC","H",NA,NA,0.216987170533557,0.237188051713002,0.87694452176131,0.958192248853182,NA,NA,"future",0.041807751146818,-0.958192248853182,0,187,"Q4"
"9705",9705,"DrexelNortheastern2-19",2026-02-19,"conf","Northeastern","Drexel","CAA","CAA","H",NA,NA,0.389208555122323,0.350598890322103,0.87694452176131,0.929577423313673,NA,NA,"future",0.0704225766863269,-0.929577423313673,0,211,"Q4"
"9706",9706,"Le MoyneCentral Connecticut2-19",2026-02-19,"conf","Central Connecticut","Le Moyne","NEC","NEC","H",NA,NA,0.302144565079282,0.233859733605385,0.87694452176131,0.958926535914673,NA,NA,"future",0.0410734640853271,-0.958926535914673,0,263,"Q4"
"9707",9707,"Southern IndianaWestern Illinois2-19",2026-02-19,"conf","Western Illinois","Southern Indiana","OVC","OVC","H",NA,NA,0.107692571655567,0.0957595304080808,0.87694452176131,0.985357317458812,NA,NA,"future",0.0146426825411878,-0.985357317458812,0,338,"Q4"
"9708",9708,"HamptonHofstra2-19",2026-02-19,"conf","Hofstra","Hampton","CAA","CAA","H",NA,NA,0.699970786275648,0.224878457335432,0.87694452176131,0.960881974481878,NA,NA,"future",0.0391180255181218,-0.960881974481878,0,238,"Q4"
"9709",9709,"LIUSaint Francis2-19",2026-02-19,"conf","Saint Francis","LIU","NEC","NEC","H",NA,NA,0.11893327333037,0.325501227881235,0.87694452176131,0.936577409173886,NA,NA,"future",0.0634225908261143,-0.936577409173886,0,201,"Q4"
"9710",9710,"UNC AshevilleHigh Point2-19",2026-02-19,"conf","High Point","UNC Asheville","BSth","BSth","H",NA,NA,0.756790844012223,0.274453641199316,0.87694452176131,0.949595279565646,NA,NA,"future",0.0504047204343535,-0.949595279565646,0,232,"Q4"
"9711",9711,"Gardner WebbRadford2-19",2026-02-19,"conf","Radford","Gardner Webb","BSth","BSth","H",NA,NA,0.361659659316487,0.031054600359691,0.87694452176131,0.995522798064527,NA,NA,"future",0.00447720193547285,-0.995522798064527,0,363,"Q4"
"9712",9712,"IU IndyWright St.2-19",2026-02-19,"conf","Wright St.","IU Indy","Horz","Horz","H",NA,NA,0.717548418206008,0.178820401046325,0.87694452176131,0.970349240873804,NA,NA,"future",0.0296507591261961,-0.970349240873804,0,310,"Q4"
"9713",9713,"UMKCNorth Dakota2-19",2026-02-19,"conf","North Dakota","UMKC","Sum","Sum","H",NA,NA,0.343317996272495,0.0841485058607757,0.87694452176131,0.987271223453189,NA,NA,"future",0.0127287765468107,-0.987271223453189,0,346,"Q4"
"9714",9714,"Mississippi Valley St.Prairie View A&M2-19",2026-02-19,"conf","Prairie View A&M","Mississippi Valley St.","SWAC","SWAC","H",NA,NA,0.284102058387528,0.0200041175334786,0.87694452176131,0.997143844867186,NA,NA,"future",0.00285615513281423,-0.997143844867186,0,365,"Q4"
"9715",9715,"MemphisSouth Florida2-19",2026-02-19,"conf","South Florida","Memphis","Amer","Amer","H",NA,NA,0.827671121247399,0.647741340141445,0.87694452176131,0.794894141174265,NA,NA,"future",0.205105858825735,-0.794894141174265,0,112,"Q3"
"9716",9716,"Arkansas St.Louisiana2-19",2026-02-19,"conf","Louisiana","Arkansas St.","SB","SB","H",NA,NA,0.233108569263396,0.486958310027856,0.87694452176131,0.882465421492392,NA,NA,"future",0.117534578507608,-0.882465421492392,0,141,"Q3"
"9717",9717,"Georgia SouthernGeorgia St.2-19",2026-02-19,"conf","Georgia St.","Georgia Southern","SB","SB","H",NA,NA,0.332443152619094,0.25951963690932,0.87694452176131,0.953125607727472,NA,NA,"future",0.0468743922725275,-0.953125607727472,0,243,"Q4"
"9718",9718,"Fairleigh DickinsonChicago St.2-19",2026-02-19,"conf","Chicago St.","Fairleigh Dickinson","NEC","NEC","H",NA,NA,0.131935258890074,0.105857899301199,0.87694452176131,0.983658574348393,NA,NA,"future",0.0163414256516066,-0.983658574348393,0,339,"Q4"
"9719",9719,"UC DavisCal St. Fullerton2-19",2026-02-19,"conf","Cal St. Fullerton","UC Davis","BW","BW","H",NA,NA,0.486141474245039,0.410152855593226,0.87694452176131,0.911100116157902,NA,NA,"future",0.0888998838420977,-0.911100116157902,0,176,"Q4"
"9720",9720,"ChattanoogaMercer2-19",2026-02-19,"conf","Mercer","Chattanooga","SC","SC","H",NA,NA,0.653833270716202,0.193922737600882,0.87694452176131,0.967344083601197,NA,NA,"future",0.0326559163988029,-0.967344083601197,0,280,"Q4"
"9721",9721,"IdahoPortland St.2-19",2026-02-19,"conf","Portland St.","Idaho","BSky","BSky","H",NA,NA,0.588461091868302,0.431116462873849,0.87694452176131,0.903880582257921,NA,NA,"future",0.0961194177420787,-0.903880582257921,0,158,"Q3"
"9722",9722,"MarshallAppalachian St.2-19",2026-02-19,"conf","Appalachian St.","Marshall","SB","SB","H",NA,NA,0.475354481792086,0.405108655210775,0.87694452176131,0.912777664866289,NA,NA,"future",0.087222335133711,-0.912777664866289,0,138,"Q3"
"9723",9723,"UC IrvineLong Beach St.2-19",2026-02-19,"conf","Long Beach St.","UC Irvine","BW","BW","H",NA,NA,0.420920977464503,0.570843061730183,0.87694452176131,0.842708029324452,NA,NA,"future",0.157291970675548,-0.842708029324452,0,128,"Q3"
"9724",9724,"JacksonvilleFlorida Gulf Coast2-19",2026-02-19,"conf","Florida Gulf Coast","Jacksonville","ASun","ASun","H",NA,NA,0.459203789369559,0.161966016954007,0.87694452176131,0.973595990398377,NA,NA,"future",0.0264040096016227,-0.973595990398377,0,293,"Q4"
"9725",9725,"MonmouthUNC Wilmington2-19",2026-02-19,"conf","UNC Wilmington","Monmouth","CAA","CAA","H",NA,NA,0.611618585583143,0.318339421823734,0.87694452176131,0.938498639231933,NA,NA,"future",0.0615013607680674,-0.938498639231933,0,204,"Q4"
"9726",9726,"LindenwoodTennessee St.2-19",2026-02-19,"conf","Tennessee St.","Lindenwood","OVC","OVC","H",NA,NA,0.338648005350723,0.294360678016868,0.87694452176131,0.944700645022092,NA,NA,"future",0.0552993549779085,-0.944700645022092,0,224,"Q4"
"9727",9727,"Cal BaptistUtah Valley2-19",2026-02-19,"conf","Utah Valley","Cal Baptist","WAC","WAC","H",NA,NA,0.786139268528895,0.540609234029639,0.87694452176131,0.858272191250011,NA,NA,"future",0.141727808749989,-0.858272191250011,0,120,"Q3"
"9728",9728,"WagnerMercyhurst2-19",2026-02-19,"conf","Mercyhurst","Wagner","NEC","NEC","H",NA,NA,0.319386016835833,0.136887136003035,0.87694452176131,0.978229684731794,NA,NA,"future",0.0217703152682057,-0.978229684731794,0,324,"Q4"
"9729",9729,"Alabama St.Bethune Cookman2-19",2026-02-19,"conf","Bethune Cookman","Alabama St.","SWAC","SWAC","H",NA,NA,0.390499707456399,0.161273195651384,0.87694452176131,0.973727114931155,NA,NA,"future",0.026272885068845,-0.973727114931155,0,313,"Q4"
"9730",9730,"AlbanyNJIT2-19",2026-02-19,"conf","NJIT","Albany","AE","AE","H",NA,NA,0.187927329168802,0.187386733437233,0.87694452176131,0.968656075522331,NA,NA,"future",0.0313439244776691,-0.968656075522331,0,309,"Q4"
"9731",9731,"SamfordThe Citadel2-19",2026-02-19,"conf","The Citadel","Samford","SC","SC","H",NA,NA,0.140154923802397,0.172321727445834,0.87694452176131,0.971614197909055,NA,NA,"future",0.0283858020909451,-0.971614197909055,0,269,"Q4"
"9732",9732,"New HampshireUMass Lowell2-19",2026-02-19,"conf","UMass Lowell","New Hampshire","AE","AE","H",NA,NA,0.273410301879121,0.179474847733072,0.87694452176131,0.970220927546977,NA,NA,"future",0.0297790724530229,-0.970220927546977,0,323,"Q4"
"9733",9733,"VermontUMBC2-19",2026-02-19,"conf","UMBC","Vermont","AE","AE","H",NA,NA,0.335726306960335,0.297392585715157,0.87694452176131,0.943935425917984,NA,NA,"future",0.0560645740820156,-0.943935425917984,0,207,"Q4"
"9734",9734,"SIU EdwardsvilleTennessee Tech2-19",2026-02-19,"conf","Tennessee Tech","SIU Edwardsville","OVC","OVC","H",NA,NA,0.15372993043803,0.222517010562244,0.87694452176131,0.961389918559662,NA,NA,"future",0.0386100814403375,-0.961389918559662,0,255,"Q4"
"9735",9735,"Texas St.South Alabama2-19",2026-02-19,"conf","South Alabama","Texas St.","SB","SB","H",NA,NA,0.456678516291553,0.245509808153534,0.87694452176131,0.956333012725181,NA,NA,"future",0.043666987274819,-0.956333012725181,0,265,"Q4"
"9736",9736,"William & MaryCampbell2-19",2026-02-19,"conf","Campbell","William & Mary","CAA","CAA","H",NA,NA,0.480657896699851,0.532570409595156,0.87694452176131,0.862159378953457,NA,NA,"future",0.137840621046543,-0.862159378953457,0,108,"Q3"
"9737",9737,"MontanaIdaho St.2-19",2026-02-19,"conf","Idaho St.","Montana","BSky","BSky","H",NA,NA,0.482382067045718,0.47565609222007,0.87694452176131,0.887080556167823,NA,NA,"future",0.112919443832177,-0.887080556167823,0,163,"Q4"
"9738",9738,"Eastern WashingtonSacramento St.2-19",2026-02-19,"conf","Sacramento St.","Eastern Washington","BSky","BSky","H",NA,NA,0.304984656110273,0.310791476526984,0.87694452176131,0.940488514720462,NA,NA,"future",0.0595114852795378,-0.940488514720462,0,254,"Q4"
"9739",9739,"Central ArkansasStetson2-19",2026-02-19,"conf","Stetson","Central Arkansas","ASun","ASun","H",NA,NA,0.223300374896591,0.418552667589624,0.87694452176131,0.908256159397106,NA,NA,"future",0.0917438406028938,-0.908256159397106,0,206,"Q4"
"9740",9740,"Southern UtahTarleton St.2-19",2026-02-19,"conf","Tarleton St.","Southern Utah","WAC","WAC","H",NA,NA,0.559896594488506,0.206808186371712,0.87694452176131,0.964705025156547,NA,NA,"future",0.0352949748434535,-0.964705025156547,0,294,"Q4"
"9741",9741,"FIULiberty2-19",2026-02-19,"conf","Liberty","FIU","CUSA","CUSA","H",NA,NA,0.754201371304044,0.408547275216062,0.87694452176131,0.911636516667524,NA,NA,"future",0.0883634833324762,-0.911636516667524,0,198,"Q4"
"9742",9742,"Alabama A&MFlorida A&M2-19",2026-02-19,"conf","Florida A&M","Alabama A&M","SWAC","SWAC","H",NA,NA,0.313122465804659,0.159091874905061,0.87694452176131,0.974138773713817,NA,NA,"future",0.025861226286183,-0.974138773713817,0,308,"Q4"
"9743",9743,"Montana St.Weber St.2-19",2026-02-19,"conf","Weber St.","Montana St.","BSky","BSky","H",NA,NA,0.519652525465715,0.518194021185584,0.87694452176131,0.868869531125587,NA,NA,"future",0.131130468874413,-0.868869531125587,0,134,"Q3"
"9744",9744,"Cal St. NorthridgeUC Santa Barbara2-19",2026-02-19,"conf","UC Santa Barbara","Cal St. Northridge","BW","BW","H",NA,NA,0.641009132198243,0.385010418560885,0.87694452176131,0.91924578431368,NA,NA,"future",0.0807542156863204,-0.91924578431368,0,209,"Q4"
"9745",9745,"LongwoodPresbyterian2-19",2026-02-19,"conf","Presbyterian","Longwood","BSth","BSth","H",NA,NA,0.33833969804482,0.192892523448795,0.87694452176131,0.967552055004814,NA,NA,"future",0.0324479449951863,-0.967552055004814,0,271,"Q4"
"9746",9746,"Austin PeayNorth Florida2-19",2026-02-19,"conf","North Florida","Austin Peay","ASun","ASun","H",NA,NA,0.222890542562906,0.467994966707812,0.87694452176131,0.890123562109543,NA,NA,"future",0.109876437890457,-0.890123562109543,0,149,"Q3"
"9747",9747,"StonehillNew Haven2-19",2026-02-19,"conf","New Haven","Stonehill","NEC","NEC","H",NA,NA,0.189489062413694,0.0863616106872418,0.87694452176131,0.986909609419067,NA,NA,"future",0.0130903905809331,-0.986909609419067,0,337,"Q4"
"9748",9748,"BinghamtonBryant2-19",2026-02-19,"conf","Bryant","Binghamton","AE","AE","H",NA,NA,0.125026481328206,0.0455455848513069,0.87694452176131,0.993348470028501,NA,NA,"future",0.00665152997149854,-0.993348470028501,0,362,"Q4"
"9749",9749,"Cal St. BakersfieldUC Riverside2-19",2026-02-19,"conf","UC Riverside","Cal St. Bakersfield","BW","BW","H",NA,NA,0.32462968162574,0.159533932612316,0.87694452176131,0.974055493161456,NA,NA,"future",0.0259445068385435,-0.974055493161456,0,301,"Q4"
"9750",9750,"Cal PolyHawaii2-19",2026-02-19,"conf","Hawaii","Cal Poly","BW","BW","H",NA,NA,0.782563869210565,0.22558726115521,0.87694452176131,0.960729012486904,NA,NA,"future",0.0392709875130959,-0.960729012486904,0,257,"Q4"
"9751",9751,"South DakotaDenver2-19",2026-02-19,"conf","Denver","South Dakota","Sum","Sum","H",NA,NA,0.405627761111882,0.214647067407385,0.87694452176131,0.963064474227078,NA,NA,"future",0.036935525772922,-0.963064474227078,0,272,"Q4"
"9752",9752,"Morehead St.Eastern Illinois2-19",2026-02-19,"conf","Eastern Illinois","Morehead St.","OVC","OVC","H",NA,NA,0.254464105144106,0.163264947729151,0.87694452176131,0.973349662894276,NA,NA,"future",0.0266503371057238,-0.973349662894276,0,286,"Q4"
"9753",9753,"TulaneNorth Texas2-19",2026-02-19,"conf","North Texas","Tulane","Amer","Amer","H",NA,NA,0.61394540023339,0.343744187026903,0.87694452176131,0.931531828337849,NA,NA,"future",0.0684681716621508,-0.931531828337849,0,202,"Q4"
"9754",9754,"CharlestonNorth Carolina A&T2-19",2026-02-19,"conf","Charleston","North Carolina A&T","CAA","CAA","A",NA,NA,0.363361259870032,0.276662006999724,0.789142831518436,0.907278273097433,NA,NA,"future",0.0927217269025665,-0.907278273097433,0,270,"Q4"
"9755",9755,"USC UpstateWinthrop2-19",2026-02-19,"conf","USC Upstate","Winthrop","BSth","BSth","A",NA,NA,0.171715590878374,0.589293391463423,0.789142831518436,0.72286571295832,NA,NA,"future",0.27713428704168,-0.72286571295832,0,130,"Q2"
"9756",9756,"Utah TechUT Arlington2-19",2026-02-19,"conf","Utah Tech","UT Arlington","WAC","WAC","A",NA,NA,0.326398450988887,0.58940849732773,0.789142831518436,0.722770423127821,NA,NA,"future",0.277229576872179,-0.722770423127821,0,123,"Q2"
"9757",9757,"Alabama St.Florida A&M2-19",2026-02-19,"conf","Alabama St.","Florida A&M","SWAC","SWAC","A",NA,NA,0.161273195651384,0.313122465804659,0.789142831518436,0.89141995383216,NA,NA,"future",0.10858004616784,-0.89141995383216,0,307,"Q4"
"9758",9758,"Tennessee MartinLittle Rock2-19",2026-02-19,"conf","Tennessee Martin","Little Rock","OVC","OVC","A",NA,NA,0.237188051713002,0.216987170533557,0.789142831518436,0.931059361043289,NA,NA,"future",0.0689406389567112,-0.931059361043289,0,302,"Q4"
"9759",9759,"DrexelNortheastern2-19",2026-02-19,"conf","Drexel","Northeastern","CAA","CAA","A",NA,NA,0.350598890322103,0.389208555122323,0.789142831518436,0.854508227313528,NA,NA,"future",0.145491772686472,-0.854508227313528,0,249,"Q4"
"9760",9760,"Le MoyneCentral Connecticut2-19",2026-02-19,"conf","Le Moyne","Central Connecticut","NEC","NEC","A",NA,NA,0.233859733605385,0.302144565079282,0.789142831518436,0.896309263138175,NA,NA,"future",0.103690736861825,-0.896309263138175,0,247,"Q4"
"9761",9761,"Southern IndianaWestern Illinois2-19",2026-02-19,"conf","Southern Indiana","Western Illinois","OVC","OVC","A",NA,NA,0.0957595304080808,0.107692571655567,0.789142831518436,0.968759361171826,NA,NA,"future",0.0312406388281743,-0.968759361171826,0,356,"Q4"
"9762",9762,"HamptonHofstra2-19",2026-02-19,"conf","Hampton","Hofstra","CAA","CAA","A",NA,NA,0.224878457335432,0.699970786275648,0.789142831518436,0.616000755318418,NA,NA,"future",0.383999244681582,-0.616000755318418,0,106,"Q2"
"9763",9763,"LIUSaint Francis2-19",2026-02-19,"conf","LIU","Saint Francis","NEC","NEC","A",NA,NA,0.325501227881235,0.11893327333037,0.789142831518436,0.965187205836041,NA,NA,"future",0.0348127941639589,-0.965187205836041,0,354,"Q4"
"9764",9764,"UNC AshevilleHigh Point2-19",2026-02-19,"conf","UNC Asheville","High Point","BSth","BSth","A",NA,NA,0.274453641199316,0.756790844012223,0.789142831518436,0.546019695713936,NA,NA,"future",0.453980304286064,-0.546019695713936,0,90,"Q2"
"9765",9765,"Gardner WebbRadford2-19",2026-02-19,"conf","Gardner Webb","Radford","BSth","BSth","A",NA,NA,0.031054600359691,0.361659659316487,0.789142831518436,0.868519826317415,NA,NA,"future",0.131480173682585,-0.868519826317415,0,260,"Q4"
"9766",9766,"IU IndyWright St.2-19",2026-02-19,"conf","IU Indy","Wright St.","Horz","Horz","A",NA,NA,0.178820401046325,0.717548418206008,0.789142831518436,0.595664611268505,NA,NA,"future",0.404335388731495,-0.595664611268505,0,136,"Q3"
"9767",9767,"UMKCNorth Dakota2-19",2026-02-19,"conf","UMKC","North Dakota","Sum","Sum","A",NA,NA,0.0841485058607757,0.343317996272495,0.789142831518436,0.877429380407867,NA,NA,"future",0.122570619592133,-0.877429380407867,0,282,"Q4"
"9768",9768,"Mississippi Valley St.Prairie View A&M2-19",2026-02-19,"conf","Mississippi Valley St.","Prairie View A&M","SWAC","SWAC","A",NA,NA,0.0200041175334786,0.284102058387528,0.789142831518436,0.904129167023034,NA,NA,"future",0.0958708329769656,-0.904129167023034,0,296,"Q4"
"9769",9769,"MemphisSouth Florida2-19",2026-02-19,"conf","Memphis","South Florida","Amer","Amer","A",NA,NA,0.647741340141445,0.827671121247399,0.789142831518436,0.437960160751415,NA,NA,"future",0.562039839248585,-0.437960160751415,0,66,"Q1"
"9770",9770,"Arkansas St.Louisiana2-19",2026-02-19,"conf","Arkansas St.","Louisiana","SB","SB","A",NA,NA,0.486958310027856,0.233108569263396,0.789142831518436,0.924882092909863,NA,NA,"future",0.0751179070901371,-0.924882092909863,0,334,"Q4"
"9771",9771,"Georgia SouthernGeorgia St.2-19",2026-02-19,"conf","Georgia Southern","Georgia St.","SB","SB","A",NA,NA,0.25951963690932,0.332443152619094,0.789142831518436,0.88256236526728,NA,NA,"future",0.11743763473272,-0.88256236526728,0,261,"Q4"
"9772",9772,"Fairleigh DickinsonChicago St.2-19",2026-02-19,"conf","Fairleigh Dickinson","Chicago St.","NEC","NEC","A",NA,NA,0.105857899301199,0.131935258890074,0.789142831518436,0.960974076944283,NA,NA,"future",0.0390259230557167,-0.960974076944283,0,352,"Q4"
"9773",9773,"UC DavisCal St. Fullerton2-19",2026-02-19,"conf","UC Davis","Cal St. Fullerton","BW","BW","A",NA,NA,0.410152855593226,0.486141474245039,0.789142831518436,0.798221354022513,NA,NA,"future",0.201778645977487,-0.798221354022513,0,200,"Q3"
"9774",9774,"ChattanoogaMercer2-19",2026-02-19,"conf","Chattanooga","Mercer","SC","SC","A",NA,NA,0.193922737600882,0.653833270716202,0.789142831518436,0.664593982193898,NA,NA,"future",0.335406017806102,-0.664593982193898,0,125,"Q2"
"9775",9775,"IdahoPortland St.2-19",2026-02-19,"conf","Idaho","Portland St.","BSky","BSky","A",NA,NA,0.431116462873849,0.588461091868302,0.789142831518436,0.723553887104282,NA,NA,"future",0.276446112895718,-0.723553887104282,0,137,"Q3"
"9776",9776,"MarshallAppalachian St.2-19",2026-02-19,"conf","Marshall","Appalachian St.","SB","SB","A",NA,NA,0.405108655210775,0.475354481792086,0.789142831518436,0.805091918259702,NA,NA,"future",0.194908081740298,-0.805091918259702,0,212,"Q3"
"9777",9777,"UC IrvineLong Beach St.2-19",2026-02-19,"conf","UC Irvine","Long Beach St.","BW","BW","A",NA,NA,0.570843061730183,0.420920977464503,0.789142831518436,0.837366165744844,NA,NA,"future",0.162633834255156,-0.837366165744844,0,240,"Q3"
"9778",9778,"JacksonvilleFlorida Gulf Coast2-19",2026-02-19,"conf","Jacksonville","Florida Gulf Coast","ASun","ASun","A",NA,NA,0.161966016954007,0.459203789369559,0.789142831518436,0.81507273605116,NA,NA,"future",0.18492726394884,-0.81507273605116,0,237,"Q3"
"9779",9779,"MonmouthUNC Wilmington2-19",2026-02-19,"conf","Monmouth","UNC Wilmington","CAA","CAA","A",NA,NA,0.318339421823734,0.611618585583143,0.789142831518436,0.703838784355614,NA,NA,"future",0.296161215644386,-0.703838784355614,0,109,"Q2"
"9780",9780,"LindenwoodTennessee St.2-19",2026-02-19,"conf","Lindenwood","Tennessee St.","OVC","OVC","A",NA,NA,0.294360678016868,0.338648005350723,0.789142831518436,0.87964697213628,NA,NA,"future",0.120353027863719,-0.87964697213628,0,229,"Q3"
"9781",9781,"Cal BaptistUtah Valley2-19",2026-02-19,"conf","Cal Baptist","Utah Valley","WAC","WAC","A",NA,NA,0.540609234029639,0.786139268528895,0.789142831518436,0.50448923133059,NA,NA,"future",0.49551076866941,-0.50448923133059,0,96,"Q2"
"9782",9782,"WagnerMercyhurst2-19",2026-02-19,"conf","Wagner","Mercyhurst","NEC","NEC","A",NA,NA,0.136887136003035,0.319386016835833,0.789142831518436,0.888584293689684,NA,NA,"future",0.111415706310316,-0.888584293689684,0,290,"Q4"
"9783",9783,"Alabama St.Bethune Cookman2-19",2026-02-19,"conf","Alabama St.","Bethune Cookman","SWAC","SWAC","A",NA,NA,0.161273195651384,0.390499707456399,0.789142831518436,0.853832094366351,NA,NA,"future",0.146167905633649,-0.853832094366351,0,268,"Q4"
"9784",9784,"AlbanyNJIT2-19",2026-02-19,"conf","Albany","NJIT","AE","AE","A",NA,NA,0.187386733437233,0.187927329168802,0.789142831518436,0.941766734177816,NA,NA,"future",0.0582332658221836,-0.941766734177816,0,332,"Q4"
"9785",9785,"SamfordThe Citadel2-19",2026-02-19,"conf","Samford","The Citadel","SC","SC","A",NA,NA,0.172321727445834,0.140154923802397,0.789142831518436,0.958264437000095,NA,NA,"future",0.0417355629999049,-0.958264437000095,0,350,"Q4"
"9786",9786,"New HampshireUMass Lowell2-19",2026-02-19,"conf","New Hampshire","UMass Lowell","AE","AE","A",NA,NA,0.179474847733072,0.273410301879121,0.789142831518436,0.908641117556753,NA,NA,"future",0.091358882443247,-0.908641117556753,0,319,"Q4"
"9787",9787,"VermontUMBC2-19",2026-02-19,"conf","Vermont","UMBC","AE","AE","A",NA,NA,0.297392585715157,0.335726306960335,0.789142831518436,0.881024132869604,NA,NA,"future",0.118975867130396,-0.881024132869604,0,274,"Q4"
"9788",9788,"SIU EdwardsvilleTennessee Tech2-19",2026-02-19,"conf","SIU Edwardsville","Tennessee Tech","OVC","OVC","A",NA,NA,0.222517010562244,0.15372993043803,0.789142831518436,0.953708845262442,NA,NA,"future",0.0462911547375577,-0.953708845262442,0,331,"Q4"
"9789",9789,"Texas St.South Alabama2-19",2026-02-19,"conf","Texas St.","South Alabama","SB","SB","A",NA,NA,0.245509808153534,0.456678516291553,0.789142831518436,0.816601206226327,NA,NA,"future",0.183398793773673,-0.816601206226327,0,197,"Q3"
"9790",9790,"William & MaryCampbell2-19",2026-02-19,"conf","William & Mary","Campbell","CAA","CAA","A",NA,NA,0.532570409595156,0.480657896699851,0.789142831518436,0.801734966102244,NA,NA,"future",0.198265033897756,-0.801734966102244,0,203,"Q3"
"9791",9791,"MontanaIdaho St.2-19",2026-02-19,"conf","Montana","Idaho St.","BSky","BSky","A",NA,NA,0.47565609222007,0.482382067045718,0.789142831518436,0.800634908501729,NA,NA,"future",0.199365091498271,-0.800634908501729,0,174,"Q3"
"9792",9792,"Eastern WashingtonSacramento St.2-19",2026-02-19,"conf","Eastern Washington","Sacramento St.","BSky","BSky","A",NA,NA,0.310791476526984,0.304984656110273,0.789142831518436,0.895054064928712,NA,NA,"future",0.104945935071288,-0.895054064928712,0,279,"Q4"
"9793",9793,"Central ArkansasStetson2-19",2026-02-19,"conf","Central Arkansas","Stetson","ASun","ASun","A",NA,NA,0.418552667589624,0.223300374896591,0.789142831518436,0.928661106603634,NA,NA,"future",0.0713388933963659,-0.928661106603634,0,327,"Q4"
"9794",9794,"Southern UtahTarleton St.2-19",2026-02-19,"conf","Southern Utah","Tarleton St.","WAC","WAC","A",NA,NA,0.206808186371712,0.559896594488506,0.789142831518436,0.746309231111213,NA,NA,"future",0.253690768888787,-0.746309231111213,0,185,"Q3"
"9795",9795,"FIULiberty2-19",2026-02-19,"conf","FIU","Liberty","CUSA","CUSA","A",NA,NA,0.408547275216062,0.754201371304044,0.789142831518436,0.549492294681649,NA,NA,"future",0.450507705318351,-0.549492294681649,0,84,"Q2"
"9796",9796,"Alabama A&MFlorida A&M2-19",2026-02-19,"conf","Alabama A&M","Florida A&M","SWAC","SWAC","A",NA,NA,0.159091874905061,0.313122465804659,0.789142831518436,0.89141995383216,NA,NA,"future",0.10858004616784,-0.89141995383216,0,307,"Q4"
"9797",9797,"Montana St.Weber St.2-19",2026-02-19,"conf","Montana St.","Weber St.","BSky","BSky","A",NA,NA,0.518194021185584,0.519652525465715,0.789142831518436,0.775758164330446,NA,NA,"future",0.224241835669554,-0.775758164330446,0,190,"Q3"
"9798",9798,"Cal St. NorthridgeUC Santa Barbara2-19",2026-02-19,"conf","Cal St. Northridge","UC Santa Barbara","BW","BW","A",NA,NA,0.385010418560885,0.641009132198243,0.789142831518436,0.677000142650276,NA,NA,"future",0.322999857349724,-0.677000142650276,0,145,"Q3"
"9799",9799,"LongwoodPresbyterian2-19",2026-02-19,"conf","Longwood","Presbyterian","BSth","BSth","A",NA,NA,0.192892523448795,0.33833969804482,0.789142831518436,0.879792664762907,NA,NA,"future",0.120207335237093,-0.879792664762907,0,258,"Q4"
"9800",9800,"Austin PeayNorth Florida2-19",2026-02-19,"conf","Austin Peay","North Florida","ASun","ASun","A",NA,NA,0.467994966707812,0.222890542562906,0.789142831518436,0.928817598328057,NA,NA,"future",0.0711824016719433,-0.928817598328057,0,341,"Q4"
"9801",9801,"StonehillNew Haven2-19",2026-02-19,"conf","Stonehill","New Haven","NEC","NEC","A",NA,NA,0.0863616106872418,0.189489062413694,0.789142831518436,0.941204763963868,NA,NA,"future",0.0587952360361323,-0.941204763963868,0,326,"Q4"
"9802",9802,"BinghamtonBryant2-19",2026-02-19,"conf","Binghamton","Bryant","AE","AE","A",NA,NA,0.0455455848513069,0.125026481328206,0.789142831518436,0.963223783162156,NA,NA,"future",0.0367762168378437,-0.963223783162156,0,345,"Q4"
"9803",9803,"Cal St. BakersfieldUC Riverside2-19",2026-02-19,"conf","Cal St. Bakersfield","UC Riverside","BW","BW","A",NA,NA,0.159533932612316,0.32462968162574,0.789142831518436,0.886184093747293,NA,NA,"future",0.113815906252707,-0.886184093747293,0,283,"Q4"
"9804",9804,"Cal PolyHawaii2-19",2026-02-19,"conf","Cal Poly","Hawaii","BW","BW","A",NA,NA,0.22558726115521,0.782563869210565,0.789142831518436,0.50977274777129,NA,NA,"future",0.49022725222871,-0.50977274777129,0,97,"Q2"
"9805",9805,"South DakotaDenver2-19",2026-02-19,"conf","South Dakota","Denver","Sum","Sum","A",NA,NA,0.214647067407385,0.405627761111882,0.789142831518436,0.845774407421677,NA,NA,"future",0.154225592578323,-0.845774407421677,0,251,"Q4"
"9806",9806,"Morehead St.Eastern Illinois2-19",2026-02-19,"conf","Morehead St.","Eastern Illinois","OVC","OVC","A",NA,NA,0.163264947729151,0.254464105144106,0.789142831518436,0.916423012707536,NA,NA,"future",0.0835769872924635,-0.916423012707536,0,305,"Q4"
"9807",9807,"TulaneNorth Texas2-19",2026-02-19,"conf","Tulane","North Texas","Amer","Amer","A",NA,NA,0.343744187026903,0.61394540023339,0.789142831518436,0.701790604371229,NA,NA,"future",0.298209395628771,-0.701790604371229,0,147,"Q3"
"9808",9808,"MaristManhattan2-20",2026-02-20,"conf","Manhattan","Marist","MAAC","MAAC","H",NA,NA,0.199140354213253,0.444102896546951,0.87694452176131,0.899197121104733,NA,NA,"future",0.100802878895267,-0.899197121104733,0,150,"Q3"
"9809",9809,"CanisiusRider2-20",2026-02-20,"conf","Rider","Canisius","MAAC","MAAC","H",NA,NA,0.124145130175934,0.0962828763969484,0.87694452176131,0.985270070495874,NA,NA,"future",0.0147299295041264,-0.985270070495874,0,342,"Q4"
"9810",9810,"VCUSaint Louis2-20",2026-02-20,"conf","Saint Louis","VCU","A10","A10","H",NA,NA,0.934398970437872,0.722299621864947,0.87694452176131,0.732611158893325,NA,NA,"future",0.267388841106675,-0.732611158893325,0,55,"Q2"
"9811",9811,"Saint Peter'sIona2-20",2026-02-20,"conf","Iona","Saint Peter's","MAAC","MAAC","H",NA,NA,0.437173937533644,0.312643989802408,0.87694452176131,0.940003404180597,NA,NA,"future",0.0599965958194028,-0.940003404180597,0,223,"Q4"
"9812",9812,"SienaMerrimack2-20",2026-02-20,"conf","Merrimack","Siena","MAAC","MAAC","H",NA,NA,0.494941213645724,0.390387146522654,0.87694452176131,0.917548378669134,NA,NA,"future",0.0824516213308657,-0.917548378669134,0,172,"Q4"
"9813",9813,"MilwaukeeDetroit Mercy2-20",2026-02-20,"conf","Detroit Mercy","Milwaukee","Horz","Horz","H",NA,NA,0.41087180318306,0.247415137782907,0.87694452176131,0.955902572692459,NA,NA,"future",0.0440974273075413,-0.955902572692459,0,233,"Q4"
"9814",9814,"PrincetonBrown2-20",2026-02-20,"conf","Brown","Princeton","Ivy","Ivy","H",NA,NA,0.361296853591693,0.302269000525834,0.87694452176131,0.942693369093223,NA,NA,"future",0.0573066309067766,-0.942693369093223,0,239,"Q4"
"9815",9815,"NiagaraMount St. Mary's2-20",2026-02-20,"conf","Mount St. Mary's","Niagara","MAAC","MAAC","H",NA,NA,0.282514165173045,0.0710982537629475,0.87694452176131,0.989373790127263,NA,NA,"future",0.0106262098727368,-0.989373790127263,0,355,"Q4"
"9816",9816,"Sacred HeartFairfield2-20",2026-02-20,"conf","Fairfield","Sacred Heart","MAAC","MAAC","H",NA,NA,0.35586849615359,0.185258742802667,0.87694452176131,0.969079449264048,NA,NA,"future",0.0309205507359519,-0.969079449264048,0,287,"Q4"
"9817",9817,"IndianaPurdue2-20",2026-02-20,"conf","Purdue","Indiana","B10","B10","H",NA,NA,0.968858276411217,0.873086517947804,0.87694452176131,0.508818932948501,NA,NA,"future",0.491181067051499,-0.508818932948501,0,38,"Q2"
"9818",9818,"Green BayOakland2-20",2026-02-20,"conf","Oakland","Green Bay","Horz","Horz","H",NA,NA,0.639939911872445,0.347484853107807,0.87694452176131,0.93046936539492,NA,NA,"future",0.0695306346050797,-0.93046936539492,0,230,"Q4"
"9819",9819,"MaristManhattan2-20",2026-02-20,"conf","Marist","Manhattan","MAAC","MAAC","A",NA,NA,0.444102896546951,0.199140354213253,0.789142831518436,0.937698454634616,NA,NA,"future",0.0623015453653843,-0.937698454634616,0,330,"Q4"
"9820",9820,"CanisiusRider2-20",2026-02-20,"conf","Canisius","Rider","MAAC","MAAC","A",NA,NA,0.0962828763969484,0.124145130175934,0.789142831518436,0.963508975356504,NA,NA,"future",0.0364910246434962,-0.963508975356504,0,357,"Q4"
"9821",9821,"VCUSaint Louis2-20",2026-02-20,"conf","VCU","Saint Louis","A10","A10","A",NA,NA,0.722299621864947,0.934398970437872,0.789142831518436,0.20807868025584,NA,NA,"future",0.79192131974416,-0.20807868025584,0,22,"Q1"
"9822",9822,"Saint Peter'sIona2-20",2026-02-20,"conf","Saint Peter's","Iona","MAAC","MAAC","A",NA,NA,0.312643989802408,0.437173937533644,0.789142831518436,0.828126310189698,NA,NA,"future",0.171873689810302,-0.828126310189698,0,218,"Q3"
"9823",9823,"SienaMerrimack2-20",2026-02-20,"conf","Siena","Merrimack","MAAC","MAAC","A",NA,NA,0.390387146522654,0.494941213645724,0.789142831518436,0.792490301797105,NA,NA,"future",0.207509698202895,-0.792490301797105,0,217,"Q3"
"9824",9824,"MilwaukeeDetroit Mercy2-20",2026-02-20,"conf","Milwaukee","Detroit Mercy","Horz","Horz","A",NA,NA,0.247415137782907,0.41087180318306,0.789142831518436,0.842921600902124,NA,NA,"future",0.157078399097876,-0.842921600902124,0,273,"Q4"
"9825",9825,"PrincetonBrown2-20",2026-02-20,"conf","Princeton","Brown","Ivy","Ivy","A",NA,NA,0.302269000525834,0.361296853591693,0.789142831518436,0.868699218992873,NA,NA,"future",0.131300781007127,-0.868699218992873,0,275,"Q4"
"9826",9826,"NiagaraMount St. Mary's2-20",2026-02-20,"conf","Niagara","Mount St. Mary's","MAAC","MAAC","A",NA,NA,0.0710982537629475,0.282514165173045,0.789142831518436,0.904804899863118,NA,NA,"future",0.0951951001368816,-0.904804899863118,0,304,"Q4"
"9827",9827,"Sacred HeartFairfield2-20",2026-02-20,"conf","Sacred Heart","Fairfield","MAAC","MAAC","A",NA,NA,0.185258742802667,0.35586849615359,0.789142831518436,0.871367911823899,NA,NA,"future",0.128632088176101,-0.871367911823899,0,248,"Q4"
"9828",9828,"IndianaPurdue2-20",2026-02-20,"conf","Indiana","Purdue","B10","B10","A",NA,NA,0.873086517947804,0.968858276411217,0.789142831518436,0.107378422298164,NA,NA,"future",0.892621577701836,-0.107378422298164,0,5,"Q1"
"9829",9829,"Green BayOakland2-20",2026-02-20,"conf","Green Bay","Oakland","Horz","Horz","A",NA,NA,0.347484853107807,0.639939911872445,0.789142831518436,0.678014683260013,NA,NA,"future",0.321985316739987,-0.678014683260013,0,135,"Q2"
"9830",9830,"Bowling GreenMiami OH2-21",2026-02-21,"conf","Miami OH","Bowling Green","MAC","MAC","H",NA,NA,0.813854927875804,0.571728621824331,0.87694452176131,0.842228164877759,NA,NA,"future",0.157771835122241,-0.842228164877759,0,101,"Q3"
"9831",9831,"Boston CollegeSMU2-21",2026-02-21,"conf","SMU","Boston College","ACC","ACC","H",NA,NA,0.916602426915101,0.452301733460503,0.87694452176131,0.896152158479263,NA,NA,"future",0.103847841520737,-0.896152158479263,0,157,"Q3"
"9832",9832,"Arkansas St.Louisiana Monroe2-21",2026-02-21,"conf","Louisiana Monroe","Arkansas St.","SB","SB","H",NA,NA,0.110510816070549,0.486958310027856,0.87694452176131,0.882465421492392,NA,NA,"future",0.117534578507608,-0.882465421492392,0,141,"Q3"
"9833",9833,"LindenwoodTennessee Tech2-21",2026-02-21,"conf","Tennessee Tech","Lindenwood","OVC","OVC","H",NA,NA,0.15372993043803,0.294360678016868,0.87694452176131,0.944700645022092,NA,NA,"future",0.0552993549779085,-0.944700645022092,0,224,"Q4"
"9834",9834,"Nicholls St.Stephen F. Austin2-21",2026-02-21,"conf","Stephen F. Austin","Nicholls St.","Slnd","Slnd","H",NA,NA,0.815047683515057,0.298838774145833,0.87694452176131,0.943568533420601,NA,NA,"future",0.0564314665793993,-0.943568533420601,0,214,"Q4"
"9835",9835,"MarshallCoastal Carolina2-21",2026-02-21,"conf","Coastal Carolina","Marshall","SB","SB","H",NA,NA,0.391019597898515,0.405108655210775,0.87694452176131,0.912777664866289,NA,NA,"future",0.087222335133711,-0.912777664866289,0,138,"Q3"
"9836",9836,"Kansas St.Texas Tech2-21",2026-02-21,"conf","Texas Tech","Kansas St.","B12","B12","H",NA,NA,0.952998790803517,0.660770736289095,0.87694452176131,0.785342749205728,NA,NA,"future",0.214657250794272,-0.785342749205728,0,82,"Q3"
"9837",9837,"PennYale2-21",2026-02-21,"conf","Yale","Penn","Ivy","Ivy","H",NA,NA,0.814418788081781,0.395413064060764,0.87694452176131,0.915940225457352,NA,NA,"future",0.0840597745426485,-0.915940225457352,0,178,"Q4"
"9838",9838,"North CarolinaSyracuse2-21",2026-02-21,"conf","Syracuse","North Carolina","ACC","ACC","H",NA,NA,0.839475742553748,0.849603281638803,0.87694452176131,0.557819068404126,NA,NA,"future",0.442180931595874,-0.557819068404126,0,27,"Q1"
"9839",9839,"Texas SouthernArkansas Pine Bluff2-21",2026-02-21,"conf","Arkansas Pine Bluff","Texas Southern","SWAC","SWAC","H",NA,NA,0.33673558307527,0.127997519309955,0.87694452176131,0.979818278787393,NA,NA,"future",0.0201817212126065,-0.979818278787393,0,348,"Q4"
"9840",9840,"Texas SouthernMississippi Valley St.2-21",2026-02-21,"conf","Mississippi Valley St.","Texas Southern","SWAC","SWAC","H",NA,NA,0.0374143704241414,0.127997519309955,0.87694452176131,0.979818278787393,NA,NA,"future",0.0201817212126065,-0.979818278787393,0,348,"Q4"
"9841",9841,"HarvardCornell2-21",2026-02-21,"conf","Cornell","Harvard","Ivy","Ivy","H",NA,NA,0.536163309604943,0.3540000459956,0.87694452176131,0.928595399712616,NA,NA,"future",0.0714046002873839,-0.928595399712616,0,182,"Q4"
"9842",9842,"TempleWichita St.2-21",2026-02-21,"conf","Wichita St.","Temple","Amer","Amer","H",NA,NA,0.738904436061514,0.482165271889948,0.87694452176131,0.884441310768963,NA,NA,"future",0.115558689231037,-0.884441310768963,0,154,"Q3"
"9843",9843,"UNLVAir Force2-21",2026-02-21,"conf","Air Force","UNLV","MWC","MWC","H",NA,NA,0.183685442633759,0.560876007034628,0.87694452176131,0.848011636054,NA,NA,"future",0.151988363946,-0.848011636054,0,127,"Q3"
"9844",9844,"Southeast Missouri St.Little Rock2-21",2026-02-21,"conf","Little Rock","Southeast Missouri St.","OVC","OVC","H",NA,NA,0.216987170533557,0.215113414869716,0.87694452176131,0.962966020309848,NA,NA,"future",0.0370339796901523,-0.962966020309848,0,242,"Q4"
"9845",9845,"Delaware St.Morgan St.2-21",2026-02-21,"conf","Morgan St.","Delaware St.","MEAC","MEAC","H",NA,NA,0.0769875851717531,0.0497573037483458,0.87694452176131,0.99270589963853,NA,NA,"future",0.00729410036147027,-0.99270589963853,0,358,"Q4"
"9846",9846,"Loyola ChicagoSaint Joseph's2-21",2026-02-21,"conf","Saint Joseph's","Loyola Chicago","A10","A10","H",NA,NA,0.600718255311877,0.1760796726165,0.87694452176131,0.970884750422331,NA,NA,"future",0.0291152495776692,-0.970884750422331,0,315,"Q4"
"9847",9847,"Florida St.Clemson2-21",2026-02-21,"conf","Clemson","Florida St.","ACC","ACC","H",NA,NA,0.937538780726441,0.567618274698031,0.87694452176131,0.844443407314126,NA,NA,"future",0.155556592685874,-0.844443407314126,0,115,"Q3"
"9848",9848,"ArizonaHouston2-21",2026-02-21,"conf","Houston","Arizona","B12","B12","H",NA,NA,0.978859960512281,0.958472429946254,0.87694452176131,0.235920885661496,NA,NA,"future",0.764079114338504,-0.235920885661496,0,3,"Q1"
"9849",9849,"SIU EdwardsvilleTennessee St.2-21",2026-02-21,"conf","Tennessee St.","SIU Edwardsville","OVC","OVC","H",NA,NA,0.338648005350723,0.222517010562244,0.87694452176131,0.961389918559662,NA,NA,"future",0.0386100814403375,-0.961389918559662,0,255,"Q4"
"9850",9850,"North AlabamaLipscomb2-21",2026-02-21,"conf","Lipscomb","North Alabama","ASun","ASun","H",NA,NA,0.559428391801076,0.0884777145660335,0.87694452176131,0.986562452243666,NA,NA,"future",0.013437547756334,-0.986562452243666,0,335,"Q4"
"9851",9851,"Eastern KentuckyBellarmine2-21",2026-02-21,"conf","Bellarmine","Eastern Kentucky","ASun","ASun","H",NA,NA,0.246363301451693,0.223192376556858,0.87694452176131,0.961244908789494,NA,NA,"future",0.0387550912105064,-0.961244908789494,0,262,"Q4"
"9852",9852,"Rhode IslandLa Salle2-21",2026-02-21,"conf","La Salle","Rhode Island","A10","A10","H",NA,NA,0.503258861337018,0.501095551708488,0.87694452176131,0.876470842985361,NA,NA,"future",0.123529157014639,-0.876470842985361,0,133,"Q3"
"9853",9853,"DelawareMiddle Tennessee2-21",2026-02-21,"conf","Middle Tennessee","Delaware","CUSA","CUSA","H",NA,NA,0.754494348969183,0.176954731417496,0.87694452176131,0.970714096550497,NA,NA,"future",0.0292859034495031,-0.970714096550497,0,300,"Q4"
"9854",9854,"Northern ArizonaNorthern Colorado2-21",2026-02-21,"conf","Northern Colorado","Northern Arizona","BSky","BSky","H",NA,NA,0.60052552003834,0.144289047802944,0.87694452176131,0.976885797919125,NA,NA,"future",0.0231142020808752,-0.976885797919125,0,318,"Q4"
"9855",9855,"DartmouthColumbia2-21",2026-02-21,"conf","Columbia","Dartmouth","Ivy","Ivy","H",NA,NA,0.567588970085062,0.313883565357004,0.87694452176131,0.939677619552002,NA,NA,"future",0.060322380447998,-0.939677619552002,0,222,"Q4"
"9856",9856,"CincinnatiKansas2-21",2026-02-21,"conf","Kansas","Cincinnati","B12","B12","H",NA,NA,0.958273819187545,0.78379278013368,0.87694452176131,0.662823243260027,NA,NA,"future",0.337176756739973,-0.662823243260027,0,72,"Q2"
"9857",9857,"Loyola MarymountSan Diego2-21",2026-02-21,"conf","San Diego","Loyola Marymount","WCC","WCC","H",NA,NA,0.545701106777343,0.409607691238367,0.87694452176131,0.911282503732018,NA,NA,"future",0.0887174962679816,-0.911282503732018,0,170,"Q4"
"9858",9858,"MaineNew Hampshire2-21",2026-02-21,"conf","New Hampshire","Maine","AE","AE","H",NA,NA,0.294034884198752,0.0653376419463159,0.87694452176131,0.990285998285382,NA,NA,"future",0.00971400171461845,-0.990285998285382,0,343,"Q4"
"9859",9859,"TexasGeorgia2-21",2026-02-21,"conf","Georgia","Texas","SEC","SEC","H",NA,NA,0.91600808149171,0.805200835828333,0.87694452176131,0.632901780263016,NA,NA,"future",0.367098219736984,-0.632901780263016,0,43,"Q2"
"9860",9860,"ProvidenceDePaul2-21",2026-02-21,"conf","DePaul","Providence","BE","BE","H",NA,NA,0.723148523927946,0.682260447232124,0.87694452176131,0.768458776904752,NA,NA,"future",0.231541223095248,-0.768458776904752,0,89,"Q3"
"9861",9861,"UMKCNorth Dakota St.2-21",2026-02-21,"conf","North Dakota St.","UMKC","Sum","Sum","H",NA,NA,0.678074728815918,0.0841485058607757,0.87694452176131,0.987271223453189,NA,NA,"future",0.0127287765468107,-0.987271223453189,0,346,"Q4"
"9862",9862,"West VirginiaTCU2-21",2026-02-21,"conf","TCU","West Virginia","B12","B12","H",NA,NA,0.865296099885822,0.780378589803463,0.87694452176131,0.667285774701098,NA,NA,"future",0.332714225298902,-0.667285774701098,0,59,"Q2"
"9863",9863,"Central ArkansasFlorida Gulf Coast2-21",2026-02-21,"conf","Florida Gulf Coast","Central Arkansas","ASun","ASun","H",NA,NA,0.459203789369559,0.418552667589624,0.87694452176131,0.908256159397106,NA,NA,"future",0.0917438406028938,-0.908256159397106,0,206,"Q4"
"9864",9864,"SamfordMercer2-21",2026-02-21,"conf","Mercer","Samford","SC","SC","H",NA,NA,0.653833270716202,0.172321727445834,0.87694452176131,0.971614197909055,NA,NA,"future",0.0283858020909451,-0.971614197909055,0,269,"Q4"
"9865",9865,"HofstraNortheastern2-21",2026-02-21,"conf","Northeastern","Hofstra","CAA","CAA","H",NA,NA,0.389208555122323,0.550605304781333,0.87694452176131,0.853296277500354,NA,NA,"future",0.146703722499646,-0.853296277500354,0,106,"Q3"
"9866",9866,"Central ConnecticutChicago St.2-21",2026-02-21,"conf","Chicago St.","Central Connecticut","NEC","NEC","H",NA,NA,0.131935258890074,0.185254014996825,0.87694452176131,0.969080387831991,NA,NA,"future",0.0309196121680093,-0.969080387831991,0,247,"Q4"
"9867",9867,"Southern IndianaEastern Illinois2-21",2026-02-21,"conf","Eastern Illinois","Southern Indiana","OVC","OVC","H",NA,NA,0.254464105144106,0.0957595304080808,0.87694452176131,0.985357317458812,NA,NA,"future",0.0146426825411878,-0.985357317458812,0,338,"Q4"
"9868",9868,"Notre DamePittsburgh2-21",2026-02-21,"conf","Pittsburgh","Notre Dame","ACC","ACC","H",NA,NA,0.730765128903465,0.645182423439833,0.87694452176131,0.796713547399044,NA,NA,"future",0.203286452600956,-0.796713547399044,0,81,"Q3"
"9869",9869,"UCFUtah2-21",2026-02-21,"conf","Utah","UCF","B12","B12","H",NA,NA,0.735923022179889,0.77353273260516,0.87694452176131,0.675998096188303,NA,NA,"future",0.324001903811697,-0.675998096188303,0,39,"Q2"
"9870",9870,"Loyola MDColgate2-21",2026-02-21,"conf","Colgate","Loyola MD","Pat","Pat","H",NA,NA,0.520482639527122,0.0922603677365822,0.87694452176131,0.985938471534303,NA,NA,"future",0.0140615284656967,-0.985938471534303,0,340,"Q4"
"9871",9871,"ValparaisoIllinois Chicago2-21",2026-02-21,"conf","Illinois Chicago","Valparaiso","MVC","MVC","H",NA,NA,0.656335877113298,0.458749949196083,0.87694452176131,0.893707567155318,NA,NA,"future",0.106292432844682,-0.893707567155318,0,171,"Q4"
"9872",9872,"North Carolina A&TElon2-21",2026-02-21,"conf","Elon","North Carolina A&T","CAA","CAA","H",NA,NA,0.576866467930946,0.167266946360123,0.87694452176131,0.97258668982768,NA,NA,"future",0.0274133101723195,-0.97258668982768,0,270,"Q4"
"9873",9873,"ConnecticutVillanova2-21",2026-02-21,"conf","Villanova","Connecticut","BE","BE","H",NA,NA,0.914034335117992,0.948353630627273,0.87694452176131,0.279589420810512,NA,NA,"future",0.720410579189488,-0.279589420810512,0,8,"Q1"
"9874",9874,"South DakotaOral Roberts2-21",2026-02-21,"conf","Oral Roberts","South Dakota","Sum","Sum","H",NA,NA,0.246336680636335,0.214647067407385,0.87694452176131,0.963064474227078,NA,NA,"future",0.036935525772922,-0.963064474227078,0,272,"Q4"
"9875",9875,"Iowa St.BYU2-21",2026-02-21,"conf","BYU","Iowa St.","B12","B12","H",NA,NA,0.943249231571529,0.932186105100022,0.87694452176131,0.341423525966652,NA,NA,"future",0.658576474033348,-0.341423525966652,0,6,"Q1"
"9876",9876,"AkronBall St.2-21",2026-02-21,"conf","Ball St.","Akron","MAC","MAC","H",NA,NA,0.288514481287383,0.745581397618812,0.87694452176131,0.708606354394313,NA,NA,"future",0.291393645605687,-0.708606354394313,0,54,"Q2"
"9877",9877,"WinthropHigh Point2-21",2026-02-21,"conf","High Point","Winthrop","BSth","BSth","H",NA,NA,0.756790844012223,0.429719171865507,0.87694452176131,0.904374623248957,NA,NA,"future",0.095625376751043,-0.904374623248957,0,130,"Q3"
"9878",9878,"AlbanyUMBC2-21",2026-02-21,"conf","UMBC","Albany","AE","AE","H",NA,NA,0.335726306960335,0.187386733437233,0.87694452176131,0.968656075522331,NA,NA,"future",0.0313439244776691,-0.968656075522331,0,309,"Q4"
"9879",9879,"Wake ForestVirginia Tech2-21",2026-02-21,"conf","Virginia Tech","Wake Forest","ACC","ACC","H",NA,NA,0.853893151640768,0.719689280913198,0.87694452176131,0.73514545115225,NA,NA,"future",0.26485454884775,-0.73514545115225,0,67,"Q2"
"9880",9880,"UC Santa BarbaraHawaii2-21",2026-02-21,"conf","Hawaii","UC Santa Barbara","BW","BW","H",NA,NA,0.782563869210565,0.483931703427263,0.87694452176131,0.883716358848983,NA,NA,"future",0.116283641151017,-0.883716358848983,0,145,"Q3"
"9881",9881,"Old DominionSouthern Miss2-21",2026-02-21,"conf","Southern Miss","Old Dominion","SB","SB","H",NA,NA,0.436163066612626,0.270343466440864,0.87694452176131,0.950578683851748,NA,NA,"future",0.0494213161482524,-0.950578683851748,0,250,"Q4"
"9882",9882,"EvansvilleMurray St.2-21",2026-02-21,"conf","Murray St.","Evansville","MVC","MVC","H",NA,NA,0.768671365816874,0.195465563513328,0.87694452176131,0.967031802152611,NA,NA,"future",0.0329681978473889,-0.967031802152611,0,284,"Q4"
"9883",9883,"Western CarolinaVMI2-21",2026-02-21,"conf","VMI","Western Carolina","SC","SC","H",NA,NA,0.144010141026281,0.189337564487005,0.87694452176131,0.968266322969144,NA,NA,"future",0.0317336770308555,-0.968266322969144,0,289,"Q4"
"9884",9884,"Southern UtahAbilene Christian2-21",2026-02-21,"conf","Abilene Christian","Southern Utah","WAC","WAC","H",NA,NA,0.395357780875213,0.206808186371712,0.87694452176131,0.964705025156547,NA,NA,"future",0.0352949748434535,-0.964705025156547,0,294,"Q4"
"9885",9885,"St. BonaventureRichmond2-21",2026-02-21,"conf","Richmond","St. Bonaventure","A10","A10","H",NA,NA,0.660447080764919,0.42887918075561,0.87694452176131,0.904670714557104,NA,NA,"future",0.0953292854428963,-0.904670714557104,0,144,"Q3"
"9886",9886,"North DakotaSouth Dakota St.2-21",2026-02-21,"conf","South Dakota St.","North Dakota","Sum","Sum","H",NA,NA,0.53567472683946,0.215415619860043,0.87694452176131,0.962902167938933,NA,NA,"future",0.0370978320610666,-0.962902167938933,0,282,"Q4"
"9887",9887,"FurmanWofford2-21",2026-02-21,"conf","Wofford","Furman","SC","SC","H",NA,NA,0.427054957226168,0.389531071962605,0.87694452176131,0.917820216149874,NA,NA,"future",0.0821797838501265,-0.917820216149874,0,189,"Q4"
"9888",9888,"RadfordUNC Asheville2-21",2026-02-21,"conf","UNC Asheville","Radford","BSth","BSth","H",NA,NA,0.418702865698982,0.229310238486478,0.87694452176131,0.959921770218191,NA,NA,"future",0.0400782297818087,-0.959921770218191,0,260,"Q4"
"9889",9889,"PortlandSeattle2-21",2026-02-21,"conf","Seattle","Portland","WCC","WCC","H",NA,NA,0.74544303723052,0.394760979258516,0.87694452176131,0.916150061931773,NA,NA,"future",0.0838499380682269,-0.916150061931773,0,215,"Q4"
"9890",9890,"Incarnate WordEast Texas A&M2-21",2026-02-21,"conf","East Texas A&M","Incarnate Word","Slnd","Slnd","H",NA,NA,0.343115860118082,0.261903553465073,0.87694452176131,0.95256990795582,NA,NA,"future",0.0474300920441801,-0.95256990795582,0,246,"Q4"
"9891",9891,"OhioNorthern Illinois2-21",2026-02-21,"conf","Northern Illinois","Ohio","MAC","MAC","H",NA,NA,0.231423124479628,0.300680871365136,0.87694452176131,0.943099418758103,NA,NA,"future",0.0569005812418973,-0.943099418758103,0,216,"Q4"
"9892",9892,"Texas St.Louisiana2-21",2026-02-21,"conf","Louisiana","Texas St.","SB","SB","H",NA,NA,0.233108569263396,0.245509808153534,0.87694452176131,0.956333012725181,NA,NA,"future",0.043666987274819,-0.956333012725181,0,265,"Q4"
"9893",9893,"James MadisonGeorgia St.2-21",2026-02-21,"conf","Georgia St.","James Madison","SB","SB","H",NA,NA,0.332443152619094,0.248008473110579,0.87694452176131,0.955768164170376,NA,NA,"future",0.0442318358296244,-0.955768164170376,0,244,"Q4"
"9894",9894,"Cal St. FullertonCal St. Bakersfield2-21",2026-02-21,"conf","Cal St. Bakersfield","Cal St. Fullerton","BW","BW","H",NA,NA,0.265483872557692,0.331925225797259,0.87694452176131,0.934825940311833,NA,NA,"future",0.0651740596881669,-0.934825940311833,0,200,"Q4"
"9895",9895,"Georgia TechLouisville2-21",2026-02-21,"conf","Louisville","Georgia Tech","ACC","ACC","H",NA,NA,0.960766906153242,0.493378438439407,0.87694452176131,0.879774473681039,NA,NA,"future",0.120225526318961,-0.879774473681039,0,146,"Q3"
"9896",9896,"Utah TechTarleton St.2-21",2026-02-21,"conf","Tarleton St.","Utah Tech","WAC","WAC","H",NA,NA,0.559896594488506,0.326398450988887,0.87694452176131,0.936334401660849,NA,NA,"future",0.0636655983391512,-0.936334401660849,0,199,"Q4"
"9897",9897,"ChattanoogaThe Citadel2-21",2026-02-21,"conf","The Citadel","Chattanooga","SC","SC","H",NA,NA,0.140154923802397,0.193922737600882,0.87694452176131,0.967344083601197,NA,NA,"future",0.0326559163988029,-0.967344083601197,0,280,"Q4"
"9898",9898,"MonmouthCharleston2-21",2026-02-21,"conf","Charleston","Monmouth","CAA","CAA","H",NA,NA,0.52079730801882,0.318339421823734,0.87694452176131,0.938498639231933,NA,NA,"future",0.0615013607680674,-0.938498639231933,0,204,"Q4"
"9899",9899,"UTEPNew Mexico St.2-21",2026-02-21,"conf","New Mexico St.","UTEP","CUSA","CUSA","H",NA,NA,0.670484002673614,0.217959569432829,0.87694452176131,0.962363042817825,NA,NA,"future",0.0376369571821751,-0.962363042817825,0,276,"Q4"
"9900",9900,"RutgersMinnesota2-21",2026-02-21,"conf","Minnesota","Rutgers","B10","B10","H",NA,NA,0.837995134981792,0.434313559219032,0.87694452176131,0.902743058079771,NA,NA,"future",0.0972569419202294,-0.902743058079771,0,153,"Q3"
"9901",9901,"KentuckyAuburn2-21",2026-02-21,"conf","Auburn","Kentucky","SEC","SEC","H",NA,NA,0.914477539067104,0.817212751797622,0.87694452176131,0.614491502801326,NA,NA,"future",0.385508497198674,-0.614491502801326,0,31,"Q2"
"9902",9902,"Maryland Eastern ShoreCoppin St.2-21",2026-02-21,"conf","Coppin St.","Maryland Eastern Shore","MEAC","MEAC","H",NA,NA,0.0483363016192594,0.112768939573491,0.87694452176131,0.98247717744524,NA,NA,"future",0.0175228225547599,-0.98247717744524,0,325,"Q4"
"9903",9903,"Boston UniversityLehigh2-21",2026-02-21,"conf","Lehigh","Boston University","Pat","Pat","H",NA,NA,0.26032083125622,0.173160301084916,0.87694452176131,0.97145190396275,NA,NA,"future",0.0285480960372501,-0.97145190396275,0,292,"Q4"
"9904",9904,"Mississippi St.South Carolina2-21",2026-02-21,"conf","South Carolina","Mississippi St.","SEC","SEC","H",NA,NA,0.817726977948728,0.637216067206247,0.87694452176131,0.802264340981144,NA,NA,"future",0.197735659018856,-0.802264340981144,0,99,"Q3"
"9905",9905,"East Tennessee St.UNC Greensboro2-21",2026-02-21,"conf","UNC Greensboro","East Tennessee St.","SC","SC","H",NA,NA,0.281789356639244,0.448888433472161,0.87694452176131,0.897428314939119,NA,NA,"future",0.102571685060881,-0.897428314939119,0,129,"Q3"
"9906",9906,"St. ThomasDenver2-21",2026-02-21,"conf","Denver","St. Thomas","Sum","Sum","H",NA,NA,0.405627761111882,0.564022211588619,0.87694452176131,0.846356554376,NA,NA,"future",0.153643445624,-0.846356554376,0,116,"Q3"
"9907",9907,"Cal St. NorthridgeLong Beach St.2-21",2026-02-21,"conf","Long Beach St.","Cal St. Northridge","BW","BW","H",NA,NA,0.420920977464503,0.385010418560885,0.87694452176131,0.91924578431368,NA,NA,"future",0.0807542156863204,-0.91924578431368,0,209,"Q4"
"9908",9908,"BinghamtonUMass Lowell2-21",2026-02-21,"conf","UMass Lowell","Binghamton","AE","AE","H",NA,NA,0.273410301879121,0.0455455848513069,0.87694452176131,0.993348470028501,NA,NA,"future",0.00665152997149854,-0.993348470028501,0,362,"Q4"
"9909",9909,"Austin PeayJacksonville2-21",2026-02-21,"conf","Jacksonville","Austin Peay","ASun","ASun","H",NA,NA,0.269014167855688,0.467994966707812,0.87694452176131,0.890123562109543,NA,NA,"future",0.109876437890457,-0.890123562109543,0,149,"Q3"
"9910",9910,"IllinoisUCLA2-21",2026-02-21,"conf","UCLA","Illinois","B10","B10","H",NA,NA,0.883383237146971,0.944572611131982,0.87694452176131,0.294869444924917,NA,NA,"future",0.705130555075083,-0.294869444924917,0,9,"Q1"
"9911",9911,"UNC WilmingtonCampbell2-21",2026-02-21,"conf","Campbell","UNC Wilmington","CAA","CAA","H",NA,NA,0.480657896699851,0.45266192968586,0.87694452176131,0.896016774005065,NA,NA,"future",0.103983225994935,-0.896016774005065,0,109,"Q3"
"9912",9912,"East CarolinaCharlotte2-21",2026-02-21,"conf","Charlotte","East Carolina","Amer","Amer","H",NA,NA,0.567723178537992,0.157608291479868,0.87694452176131,0.974417735158404,NA,NA,"future",0.0255822648415964,-0.974417735158404,0,299,"Q4"
"9913",9913,"WagnerSaint Francis2-21",2026-02-21,"conf","Saint Francis","Wagner","NEC","NEC","H",NA,NA,0.11893327333037,0.136887136003035,0.87694452176131,0.978229684731794,NA,NA,"future",0.0217703152682057,-0.978229684731794,0,324,"Q4"
"9914",9914,"MissouriArkansas2-21",2026-02-21,"conf","Arkansas","Missouri","SEC","SEC","H",NA,NA,0.944779447184236,0.730398132959743,0.87694452176131,0.724554054905934,NA,NA,"future",0.275445945094066,-0.724554054905934,0,70,"Q2"
"9915",9915,"Eastern MichiganToledo2-21",2026-02-21,"conf","Toledo","Eastern Michigan","MAC","MAC","H",NA,NA,0.565070766531367,0.375757933331981,0.87694452176131,0.922112482630347,NA,NA,"future",0.0778875173696529,-0.922112482630347,0,179,"Q4"
"9916",9916,"Jackson St.Alcorn St.2-21",2026-02-21,"conf","Alcorn St.","Jackson St.","SWAC","SWAC","H",NA,NA,0.174056746218553,0.118376704856031,0.87694452176131,0.981507081310067,NA,NA,"future",0.0184929186899327,-0.981507081310067,0,347,"Q4"
"9917",9917,"DukeMichigan2-21",2026-02-21,"nc","Michigan","Duke","B10","ACC","N",NA,NA,0.982906196444088,0.955254604924041,0.837778001870703,0.19478671911205,NA,NA,"future",0.80521328088795,-0.19478671911205,0,2,"Q1"
"9918",9918,"Prairie View A&MArkansas Pine Bluff2-21",2026-02-21,"conf","Arkansas Pine Bluff","Prairie View A&M","SWAC","SWAC","H",NA,NA,0.33673558307527,0.172466558867004,0.87694452176131,0.971586187483802,NA,NA,"future",0.0284138125161976,-0.971586187483802,0,296,"Q4"
"9919",9919,"FloridaMississippi2-21",2026-02-21,"conf","Mississippi","Florida","SEC","SEC","H",NA,NA,0.782795445947566,0.940366182041113,0.87694452176131,0.311259394238092,NA,NA,"future",0.688740605761908,-0.311259394238092,0,14,"Q1"
"9920",9920,"San Diego St.Colorado St.2-21",2026-02-21,"conf","Colorado St.","San Diego St.","MWC","MWC","H",NA,NA,0.761948848530048,0.806407529368549,0.87694452176131,0.631108325214088,NA,NA,"future",0.368891674785912,-0.631108325214088,0,52,"Q2"
"9921",9921,"VermontNJIT2-21",2026-02-21,"conf","NJIT","Vermont","AE","AE","H",NA,NA,0.187927329168802,0.297392585715157,0.87694452176131,0.943935425917984,NA,NA,"future",0.0560645740820156,-0.943935425917984,0,207,"Q4"
"9922",9922,"Utah ValleyUT Arlington2-21",2026-02-21,"conf","UT Arlington","Utah Valley","WAC","WAC","H",NA,NA,0.58940849732773,0.65875856803625,0.87694452176131,0.786850012957824,NA,NA,"future",0.213149987042176,-0.786850012957824,0,96,"Q3"
"9923",9923,"Louisiana TechKennesaw St.2-21",2026-02-21,"conf","Kennesaw St.","Louisiana Tech","CUSA","CUSA","H",NA,NA,0.57740333990607,0.208034428147825,0.87694452176131,0.964450169222807,NA,NA,"future",0.0355498307771926,-0.964450169222807,0,264,"Q4"
"9924",9924,"DavidsonFordham2-21",2026-02-21,"conf","Fordham","Davidson","A10","A10","H",NA,NA,0.520630114053518,0.541996731296271,0.87694452176131,0.857591084116218,NA,NA,"future",0.142408915883782,-0.857591084116218,0,119,"Q3"
"9925",9925,"UC San DiegoUC Irvine2-21",2026-02-21,"conf","UC Irvine","UC San Diego","BW","BW","H",NA,NA,0.71694009377673,0.591942410772934,0.87694452176131,0.830870239432055,NA,NA,"future",0.169129760567945,-0.830870239432055,0,98,"Q3"
"9926",9926,"Texas A&MOklahoma2-21",2026-02-21,"conf","Oklahoma","Texas A&M","SEC","SEC","H",NA,NA,0.795763730228384,0.85060177721884,0.87694452176131,0.555885454080178,NA,NA,"future",0.444114545919822,-0.555885454080178,0,41,"Q2"
"9927",9927,"BuffaloMassachusetts2-21",2026-02-21,"conf","Massachusetts","Buffalo","MAC","MAC","H",NA,NA,0.572880082018046,0.387632809783295,0.87694452176131,0.918420848754699,NA,NA,"future",0.0815791512453012,-0.918420848754699,0,165,"Q4"
"9928",9928,"Le MoyneStonehill2-21",2026-02-21,"conf","Stonehill","Le Moyne","NEC","NEC","H",NA,NA,0.152535767937579,0.233859733605385,0.87694452176131,0.958926535914673,NA,NA,"future",0.0410734640853271,-0.958926535914673,0,263,"Q4"
"9929",9929,"North Carolina CentralHoward2-21",2026-02-21,"conf","Howard","North Carolina Central","MEAC","MEAC","H",NA,NA,0.366972280657132,0.082756424692227,0.87694452176131,0.987497925961696,NA,NA,"future",0.0125020740383036,-0.987497925961696,0,344,"Q4"
"9930",9930,"PresbyterianUSC Upstate2-21",2026-02-21,"conf","USC Upstate","Presbyterian","BSth","BSth","H",NA,NA,0.283031250289585,0.211694092348146,0.87694452176131,0.96368565745234,NA,NA,"future",0.03631434254766,-0.96368565745234,0,258,"Q4"
"9931",9931,"Western KentuckyLiberty2-21",2026-02-21,"conf","Liberty","Western Kentucky","CUSA","CUSA","H",NA,NA,0.754201371304044,0.381373069076346,0.87694452176131,0.920380838248542,NA,NA,"future",0.0796191617514583,-0.920380838248542,0,167,"Q4"
"9932",9932,"Santa ClaraSan Francisco2-21",2026-02-21,"conf","San Francisco","Santa Clara","WCC","WCC","H",NA,NA,0.739588765971914,0.832662968850565,0.87694452176131,0.588844197277155,NA,NA,"future",0.411155802722845,-0.588844197277155,0,44,"Q2"
"9933",9933,"Oklahoma St.Colorado2-21",2026-02-21,"conf","Colorado","Oklahoma St.","B12","B12","H",NA,NA,0.772290823716488,0.704302099365832,0.87694452176131,0.749498494736875,NA,NA,"future",0.250501505263125,-0.749498494736875,0,73,"Q2"
"9934",9934,"Eastern WashingtonPortland St.2-21",2026-02-21,"conf","Portland St.","Eastern Washington","BSky","BSky","H",NA,NA,0.588461091868302,0.310791476526984,0.87694452176131,0.940488514720462,NA,NA,"future",0.0595114852795378,-0.940488514720462,0,254,"Q4"
"9935",9935,"Jacksonville St.Sam Houston St.2-21",2026-02-21,"conf","Sam Houston St.","Jacksonville St.","CUSA","CUSA","H",NA,NA,0.710010982697554,0.295930609897491,0.87694452176131,0.944305079945083,NA,NA,"future",0.0556949200549175,-0.944305079945083,0,245,"Q4"
"9936",9936,"Morehead St.Western Illinois2-21",2026-02-21,"conf","Western Illinois","Morehead St.","OVC","OVC","H",NA,NA,0.107692571655567,0.163264947729151,0.87694452176131,0.973349662894276,NA,NA,"future",0.0266503371057238,-0.973349662894276,0,286,"Q4"
"9937",9937,"NavyArmy2-21",2026-02-21,"conf","Army","Navy","Pat","Pat","H",NA,NA,0.208126264319721,0.313792818654193,0.87694452176131,0.939701501811385,NA,NA,"future",0.0602984981886153,-0.939701501811385,0,193,"Q4"
"9938",9938,"AlabamaLSU2-21",2026-02-21,"conf","LSU","Alabama","SEC","SEC","H",NA,NA,0.86991035902452,0.916668476253729,0.87694452176131,0.393145203996765,NA,NA,"future",0.606854796003235,-0.393145203996765,0,19,"Q1"
"9939",9939,"Texas A&M Corpus ChrisMcNeese St.2-21",2026-02-21,"conf","McNeese St.","Texas A&M Corpus Chris","Slnd","Slnd","H",NA,NA,0.804042842508263,0.415344559057257,0.87694452176131,0.909349881209777,NA,NA,"future",0.0906501187902234,-0.909349881209777,0,181,"Q4"
"9940",9940,"Montana St.Idaho St.2-21",2026-02-21,"conf","Idaho St.","Montana St.","BSky","BSky","H",NA,NA,0.482382067045718,0.518194021185584,0.87694452176131,0.868869531125587,NA,NA,"future",0.131130468874413,-0.868869531125587,0,134,"Q3"
"9941",9941,"IdahoSacramento St.2-21",2026-02-21,"conf","Sacramento St.","Idaho","BSky","BSky","H",NA,NA,0.304984656110273,0.431116462873849,0.87694452176131,0.903880582257921,NA,NA,"future",0.0961194177420787,-0.903880582257921,0,158,"Q3"
"9942",9942,"West GeorgiaQueens2-21",2026-02-21,"conf","Queens","West Georgia","ASun","ASun","H",NA,NA,0.515663678728228,0.124454025605907,0.87694452176131,0.980443929756687,NA,NA,"future",0.0195560702433134,-0.980443929756687,0,322,"Q4"
"9943",9943,"Alabama A&MBethune Cookman2-21",2026-02-21,"conf","Bethune Cookman","Alabama A&M","SWAC","SWAC","H",NA,NA,0.390499707456399,0.159091874905061,0.87694452176131,0.974138773713817,NA,NA,"future",0.025861226286183,-0.974138773713817,0,308,"Q4"
"9944",9944,"MontanaWeber St.2-21",2026-02-21,"conf","Weber St.","Montana","BSky","BSky","H",NA,NA,0.519652525465715,0.47565609222007,0.87694452176131,0.887080556167823,NA,NA,"future",0.112919443832177,-0.887080556167823,0,163,"Q4"
"9945",9945,"Saint Mary'sWashington St.2-21",2026-02-21,"conf","Washington St.","Saint Mary's","WCC","WCC","H",NA,NA,0.640213899600399,0.839624194120796,0.87694452176131,0.576488293922997,NA,NA,"future",0.423511706077003,-0.576488293922997,0,28,"Q1"
"9946",9946,"Arizona St.Baylor2-21",2026-02-21,"conf","Baylor","Arizona St.","B12","B12","H",NA,NA,0.844844372317854,0.630271822278081,0.87694452176131,0.806967577765592,NA,NA,"future",0.193032422234408,-0.806967577765592,0,93,"Q3"
"9947",9947,"New MexicoFresno St.2-21",2026-02-21,"conf","Fresno St.","New Mexico","MWC","MWC","H",NA,NA,0.639155744766348,0.808195778802625,0.87694452176131,0.628428109075613,NA,NA,"future",0.371571890924387,-0.628428109075613,0,42,"Q2"
"9948",9948,"WyomingGrand Canyon2-21",2026-02-21,"conf","Grand Canyon","Wyoming","MWC","MWC","H",NA,NA,0.843748589646882,0.628540397083757,0.87694452176131,0.80812121966831,NA,NA,"future",0.19187878033169,-0.80812121966831,0,100,"Q3"
"9949",9949,"Utah St.Nevada2-21",2026-02-21,"conf","Nevada","Utah St.","MWC","MWC","H",NA,NA,0.843851415463164,0.849238029418344,0.87694452176131,0.558523317336614,NA,NA,"future",0.441476682663386,-0.558523317336614,0,25,"Q1"
"9950",9950,"UC DavisUC Riverside2-21",2026-02-21,"conf","UC Riverside","UC Davis","BW","BW","H",NA,NA,0.32462968162574,0.410152855593226,0.87694452176131,0.911100116157902,NA,NA,"future",0.0888998838420977,-0.911100116157902,0,176,"Q4"
"9951",9951,"Indiana St.Belmont2-21",2026-02-21,"conf","Belmont","Indiana St.","MVC","MVC","H",NA,NA,0.80633083929574,0.363662236714813,0.87694452176131,0.925760033172288,NA,NA,"future",0.0742399668277122,-0.925760033172288,0,205,"Q4"
"9952",9952,"GeorgetownSeton Hall2-21",2026-02-21,"conf","Seton Hall","Georgetown","BE","BE","H",NA,NA,0.873855128810157,0.594254951891872,0.87694452176131,0.829519401147896,NA,NA,"future",0.170480598852104,-0.829519401147896,0,118,"Q3"
"9953",9953,"PacificGonzaga2-21",2026-02-21,"conf","Gonzaga","Pacific","WCC","WCC","H",NA,NA,0.966086351861385,0.522643024911776,0.87694452176131,0.866825148339616,NA,NA,"future",0.133174851660384,-0.866825148339616,0,110,"Q3"
"9954",9954,"PepperdineOregon St.2-21",2026-02-21,"conf","Oregon St.","Pepperdine","WCC","WCC","H",NA,NA,0.48746862199899,0.217599421655683,0.87694452176131,0.962439543198769,NA,NA,"future",0.0375604568012314,-0.962439543198769,0,267,"Q4"
"9955",9955,"StanfordCalifornia2-21",2026-02-21,"conf","California","Stanford","ACC","ACC","H",NA,NA,0.828977030903702,0.712676563861534,0.87694452176131,0.741808445428602,NA,NA,"future",0.258191554571398,-0.741808445428602,0,68,"Q2"
"9956",9956,"Southern IllinoisNorthern Iowa2-21",2026-02-21,"conf","Northern Iowa","Southern Illinois","MVC","MVC","H",NA,NA,0.757436564872932,0.429692892721203,0.87694452176131,0.904383896749159,NA,NA,"future",0.0956161032508414,-0.904383896749159,0,143,"Q3"
"9957",9957,"Missouri St.FIU2-21",2026-02-21,"conf","FIU","Missouri St.","CUSA","CUSA","H",NA,NA,0.568091309363212,0.459710378911034,0.87694452176131,0.893339623025375,NA,NA,"future",0.106660376974625,-0.893339623025375,0,191,"Q4"
"9958",9958,"UT Rio Grande ValleySoutheastern Louisiana2-21",2026-02-21,"conf","Southeastern Louisiana","UT Rio Grande Valley","Slnd","Slnd","H",NA,NA,0.33709012828235,0.397957356960562,0.87694452176131,0.915118069533995,NA,NA,"future",0.0848819304660049,-0.915118069533995,0,194,"Q4"
"9959",9959,"CreightonSt. John's2-21",2026-02-21,"conf","St. John's","Creighton","BE","BE","H",NA,NA,0.941505441293299,0.754064342104998,0.87694452176131,0.699180955753172,NA,NA,"future",0.300819044246828,-0.699180955753172,0,58,"Q2"
"9960",9960,"Northern KentuckyYoungstown St.2-21",2026-02-21,"conf","Youngstown St.","Northern Kentucky","Horz","Horz","H",NA,NA,0.546812666972655,0.406379079596688,0.87694452176131,0.91235726676444,NA,NA,"future",0.0876427332355595,-0.91235726676444,0,177,"Q4"
"9961",9961,"LongwoodCharleston Southern2-21",2026-02-21,"conf","Charleston Southern","Longwood","BSth","BSth","H",NA,NA,0.455058138848351,0.192892523448795,0.87694452176131,0.967552055004814,NA,NA,"future",0.0324479449951863,-0.967552055004814,0,271,"Q4"
"9962",9962,"South Carolina St.Norfolk St.2-21",2026-02-21,"conf","Norfolk St.","South Carolina St.","MEAC","MEAC","H",NA,NA,0.214099252585284,0.0507325033248179,0.87694452176131,0.992556422425133,NA,NA,"future",0.00744357757486747,-0.992556422425133,0,360,"Q4"
"9963",9963,"San Jose St.Boise St.2-21",2026-02-21,"conf","Boise St.","San Jose St.","MWC","MWC","H",NA,NA,0.83001126375618,0.280831199129306,0.87694452176131,0.9480512429362,NA,NA,"future",0.0519487570637999,-0.9480512429362,0,259,"Q4"
"9964",9964,"OregonUSC2-21",2026-02-21,"conf","USC","Oregon","B10","B10","H",NA,NA,0.850928400566256,0.695409733355037,0.87694452176131,0.757362731797896,NA,NA,"future",0.242637268202104,-0.757362731797896,0,104,"Q3"
"9965",9965,"TowsonDrexel2-21",2026-02-21,"conf","Drexel","Towson","CAA","CAA","H",NA,NA,0.506908140029048,0.35134538872408,0.87694452176131,0.929362589848566,NA,NA,"future",0.0706374101514337,-0.929362589848566,0,162,"Q4"
"9966",9966,"XavierButler2-21",2026-02-21,"conf","Butler","Xavier","BE","BE","H",NA,NA,0.858613464070704,0.650772325033312,0.87694452176131,0.792715583981746,NA,NA,"future",0.207284416018254,-0.792715583981746,0,94,"Q3"
"9967",9967,"New HavenFairleigh Dickinson2-21",2026-02-21,"conf","Fairleigh Dickinson","New Haven","NEC","NEC","H",NA,NA,0.183963005479034,0.109352159726003,0.87694452176131,0.983063190078944,NA,NA,"future",0.0169368099210561,-0.983063190078944,0,326,"Q4"
"9968",9968,"HamptonStony Brook2-21",2026-02-21,"conf","Stony Brook","Hampton","CAA","CAA","H",NA,NA,0.460531374139957,0.224878457335432,0.87694452176131,0.960881974481878,NA,NA,"future",0.0391180255181218,-0.960881974481878,0,238,"Q4"
"9969",9969,"Penn St.Nebraska2-21",2026-02-21,"conf","Nebraska","Penn St.","B10","B10","H",NA,NA,0.960111303481749,0.48720277375858,0.87694452176131,0.882363892431686,NA,NA,"future",0.117636107568314,-0.882363892431686,0,131,"Q3"
"9970",9970,"North FloridaStetson2-21",2026-02-21,"conf","Stetson","North Florida","ASun","ASun","H",NA,NA,0.223300374896591,0.130909333469256,0.87694452176131,0.979300944347944,NA,NA,"future",0.0206990556520561,-0.979300944347944,0,341,"Q4"
"9971",9971,"WashingtonMaryland2-21",2026-02-21,"conf","Maryland","Washington","B10","B10","H",NA,NA,0.718765491706146,0.749226742667862,0.87694452176131,0.704603340179548,NA,NA,"future",0.295396659820452,-0.704603340179548,0,62,"Q2"
"9972",9972,"TroySouth Alabama2-21",2026-02-21,"conf","South Alabama","Troy","SB","SB","H",NA,NA,0.456678516291553,0.574223488770011,0.87694452176131,0.840868495508097,NA,NA,"future",0.159131504491903,-0.840868495508097,0,103,"Q3"
"9973",9973,"Western MichiganCentral Michigan2-21",2026-02-21,"conf","Central Michigan","Western Michigan","MAC","MAC","H",NA,NA,0.241994330286212,0.256976620663072,0.87694452176131,0.953715171476899,NA,NA,"future",0.0462848285231012,-0.953715171476899,0,256,"Q4"
"9974",9974,"New OrleansLamar2-21",2026-02-21,"conf","Lamar","New Orleans","Slnd","Slnd","H",NA,NA,0.437571853477538,0.331235610868882,0.87694452176131,0.93501525605322,NA,NA,"future",0.0649847439467803,-0.93501525605322,0,231,"Q4"
"9975",9975,"Grambling St.Southern2-21",2026-02-21,"conf","Southern","Grambling St.","SWAC","SWAC","H",NA,NA,0.408192260035411,0.233559697555641,0.87694452176131,0.958992470941088,NA,NA,"future",0.0410075290589117,-0.958992470941088,0,266,"Q4"
"9976",9976,"TennesseeVanderbilt2-21",2026-02-21,"conf","Vanderbilt","Tennessee","SEC","SEC","H",NA,NA,0.960919519146125,0.910843273419277,0.87694452176131,0.410919233587288,NA,NA,"future",0.589080766412712,-0.410919233587288,0,26,"Q1"
"9977",9977,"DuquesneDayton2-21",2026-02-21,"conf","Dayton","Duquesne","A10","A10","H",NA,NA,0.806502743818976,0.509896069293123,0.87694452176131,0.872608167411856,NA,NA,"future",0.127391832588144,-0.872608167411856,0,155,"Q3"
"9978",9978,"Georgia SouthernAppalachian St.2-21",2026-02-21,"conf","Appalachian St.","Georgia Southern","SB","SB","H",NA,NA,0.475354481792086,0.25951963690932,0.87694452176131,0.953125607727472,NA,NA,"future",0.0468743922725275,-0.953125607727472,0,243,"Q4"
"9979",9979,"Illinois St.Bradley2-21",2026-02-21,"conf","Bradley","Illinois St.","MVC","MVC","H",NA,NA,0.630393603174275,0.699786014575313,0.87694452176131,0.753530147840397,NA,NA,"future",0.246469852159603,-0.753530147840397,0,79,"Q3"
"9980",9980,"Houston ChristianNorthwestern St.2-21",2026-02-21,"conf","Northwestern St.","Houston Christian","Slnd","Slnd","H",NA,NA,0.284845739227625,0.166904500846973,0.87694452176131,0.972656041762217,NA,NA,"future",0.0273439582377828,-0.972656041762217,0,297,"Q4"
"9981",9981,"LIUMercyhurst2-21",2026-02-21,"conf","Mercyhurst","LIU","NEC","NEC","H",NA,NA,0.319386016835833,0.325501227881235,0.87694452176131,0.936577409173886,NA,NA,"future",0.0634225908261143,-0.936577409173886,0,201,"Q4"
"9982",9982,"Miami FLVirginia2-21",2026-02-21,"conf","Virginia","Miami FL","ACC","ACC","H",NA,NA,0.96842400434267,0.797942523828166,0.87694452176131,0.643439496156293,NA,NA,"future",0.356560503843707,-0.643439496156293,0,37,"Q2"
"9983",9983,"Bowling GreenMiami OH2-21",2026-02-21,"conf","Bowling Green","Miami OH","MAC","MAC","A",NA,NA,0.571728621824331,0.813854927875804,0.789142831518436,0.461205767573537,NA,NA,"future",0.538794232426463,-0.461205767573537,0,49,"Q1"
"9984",9984,"Boston CollegeSMU2-21",2026-02-21,"conf","Boston College","SMU","ACC","ACC","A",NA,NA,0.452301733460503,0.916602426915101,0.789142831518436,0.254019532125076,NA,NA,"future",0.745980467874924,-0.254019532125076,0,30,"Q1"
"9985",9985,"Arkansas St.Louisiana Monroe2-21",2026-02-21,"conf","Arkansas St.","Louisiana Monroe","SB","SB","A",NA,NA,0.486958310027856,0.110510816070549,0.789142831518436,0.967869772859297,NA,NA,"future",0.0321302271407032,-0.967869772859297,0,359,"Q4"
"9986",9986,"LindenwoodTennessee Tech2-21",2026-02-21,"conf","Lindenwood","Tennessee Tech","OVC","OVC","A",NA,NA,0.294360678016868,0.15372993043803,0.789142831518436,0.953708845262442,NA,NA,"future",0.0462911547375577,-0.953708845262442,0,331,"Q4"
"9987",9987,"Nicholls St.Stephen F. Austin2-21",2026-02-21,"conf","Nicholls St.","Stephen F. Austin","Slnd","Slnd","A",NA,NA,0.298838774145833,0.815047683515057,0.789142831518436,0.459245063096948,NA,NA,"future",0.540754936903052,-0.459245063096948,0,88,"Q2"
"9988",9988,"MarshallCoastal Carolina2-21",2026-02-21,"conf","Marshall","Coastal Carolina","SB","SB","A",NA,NA,0.405108655210775,0.391019597898515,0.789142831518436,0.853559338847739,NA,NA,"future",0.146440661152261,-0.853559338847739,0,235,"Q3"
"9989",9989,"Kansas St.Texas Tech2-21",2026-02-21,"conf","Kansas St.","Texas Tech","B12","B12","A",NA,NA,0.660770736289095,0.952998790803517,0.789142831518436,0.155818723619252,NA,NA,"future",0.844181276380748,-0.155818723619252,0,17,"Q1"
"9990",9990,"PennYale2-21",2026-02-21,"conf","Penn","Yale","Ivy","Ivy","A",NA,NA,0.395413064060764,0.814418788081781,0.789142831518436,0.460279928688857,NA,NA,"future",0.539720071311143,-0.460279928688857,0,61,"Q1"
"9991",9991,"North CarolinaSyracuse2-21",2026-02-21,"conf","North Carolina","Syracuse","ACC","ACC","A",NA,NA,0.849603281638803,0.839475742553748,0.789142831518436,0.417130023189949,NA,NA,"future",0.582869976810051,-0.417130023189949,0,77,"Q2"
"9992",9992,"Texas SouthernArkansas Pine Bluff2-21",2026-02-21,"conf","Texas Southern","Arkansas Pine Bluff","SWAC","SWAC","A",NA,NA,0.127997519309955,0.33673558307527,0.789142831518436,0.880549289395955,NA,NA,"future",0.119450710604045,-0.880549289395955,0,311,"Q4"
"9993",9993,"Texas SouthernMississippi Valley St.2-21",2026-02-21,"conf","Texas Southern","Mississippi Valley St.","SWAC","SWAC","A",NA,NA,0.127997519309955,0.0374143704241414,0.789142831518436,0.989721146603053,NA,NA,"future",0.0102788533969466,-0.989721146603053,0,365,"Q4"
"9994",9994,"HarvardCornell2-21",2026-02-21,"conf","Harvard","Cornell","Ivy","Ivy","A",NA,NA,0.3540000459956,0.536163309604943,0.789142831518436,0.764022375784147,NA,NA,"future",0.235977624215853,-0.764022375784147,0,188,"Q3"
"9995",9995,"TempleWichita St.2-21",2026-02-21,"conf","Temple","Wichita St.","Amer","Amer","A",NA,NA,0.482165271889948,0.738904436061514,0.789142831518436,0.569419774868401,NA,NA,"future",0.430580225131599,-0.569419774868401,0,95,"Q2"
"9996",9996,"UNLVAir Force2-21",2026-02-21,"conf","UNLV","Air Force","MWC","MWC","A",NA,NA,0.560876007034628,0.183685442633759,0.789142831518436,0.943285622791657,NA,NA,"future",0.0567143772083434,-0.943285622791657,0,336,"Q4"
"9997",9997,"Southeast Missouri St.Little Rock2-21",2026-02-21,"conf","Southeast Missouri St.","Little Rock","OVC","OVC","A",NA,NA,0.215113414869716,0.216987170533557,0.789142831518436,0.931059361043289,NA,NA,"future",0.0689406389567112,-0.931059361043289,0,302,"Q4"
"9998",9998,"Delaware St.Morgan St.2-21",2026-02-21,"conf","Delaware St.","Morgan St.","MEAC","MEAC","A",NA,NA,0.0497573037483458,0.0769875851717531,0.789142831518436,0.978199161594347,NA,NA,"future",0.0218008384056526,-0.978199161594347,0,361,"Q4"
"9999",9999,"Loyola ChicagoSaint Joseph's2-21",2026-02-21,"conf","Loyola Chicago","Saint Joseph's","A10","A10","A",NA,NA,0.1760796726165,0.600718255311877,0.789142831518436,0.713267667429442,NA,NA,"future",0.286732332570558,-0.713267667429442,0,192,"Q3"
"10000",10000,"Florida St.Clemson2-21",2026-02-21,"conf","Florida St.","Clemson","ACC","ACC","A",NA,NA,0.567618274698031,0.937538780726441,0.789142831518436,0.199576091999099,NA,NA,"future",0.800423908000901,-0.199576091999099,0,32,"Q1"
"10001",10001,"ArizonaHouston2-21",2026-02-21,"conf","Arizona","Houston","B12","B12","A",NA,NA,0.958472429946254,0.978859960512281,0.789142831518436,0.0747819159995559,NA,NA,"future",0.925218084000444,-0.0747819159995559,0,10,"Q1"
"10002",10002,"SIU EdwardsvilleTennessee St.2-21",2026-02-21,"conf","SIU Edwardsville","Tennessee St.","OVC","OVC","A",NA,NA,0.222517010562244,0.338648005350723,0.789142831518436,0.87964697213628,NA,NA,"future",0.120353027863719,-0.87964697213628,0,229,"Q3"
"10003",10003,"North AlabamaLipscomb2-21",2026-02-21,"conf","North Alabama","Lipscomb","ASun","ASun","A",NA,NA,0.0884777145660335,0.559428391801076,0.789142831518436,0.74666876697657,NA,NA,"future",0.25333123302343,-0.74666876697657,0,160,"Q3"
"10004",10004,"Eastern KentuckyBellarmine2-21",2026-02-21,"conf","Eastern Kentucky","Bellarmine","ASun","ASun","A",NA,NA,0.223192376556858,0.246363301451693,0.789142831518436,0.919669832563784,NA,NA,"future",0.080330167436216,-0.919669832563784,0,291,"Q4"
"10005",10005,"Rhode IslandLa Salle2-21",2026-02-21,"conf","Rhode Island","La Salle","A10","A10","A",NA,NA,0.501095551708488,0.503258861337018,0.789142831518436,0.786965573726056,NA,NA,"future",0.213034426273944,-0.786965573726056,0,227,"Q3"
"10006",10006,"DelawareMiddle Tennessee2-21",2026-02-21,"conf","Delaware","Middle Tennessee","CUSA","CUSA","A",NA,NA,0.176954731417496,0.754494348969183,0.789142831518436,0.54910087733936,NA,NA,"future",0.45089912266064,-0.54910087733936,0,111,"Q2"
"10007",10007,"Northern ArizonaNorthern Colorado2-21",2026-02-21,"conf","Northern Arizona","Northern Colorado","BSky","BSky","A",NA,NA,0.144289047802944,0.60052552003834,0.789142831518436,0.713431964782188,NA,NA,"future",0.286568035217812,-0.713431964782188,0,164,"Q3"
"10008",10008,"DartmouthColumbia2-21",2026-02-21,"conf","Dartmouth","Columbia","Ivy","Ivy","A",NA,NA,0.313883565357004,0.567588970085062,0.789142831518436,0.740341726214311,NA,NA,"future",0.259658273785689,-0.740341726214311,0,151,"Q3"
"10009",10009,"CincinnatiKansas2-21",2026-02-21,"conf","Cincinnati","Kansas","B12","B12","A",NA,NA,0.78379278013368,0.958273819187545,0.789142831518436,0.140126652159027,NA,NA,"future",0.859873347840973,-0.140126652159027,0,18,"Q1"
"10010",10010,"Loyola MarymountSan Diego2-21",2026-02-21,"conf","Loyola Marymount","San Diego","WCC","WCC","A",NA,NA,0.409607691238367,0.545701106777343,0.789142831518436,0.75702731189978,NA,NA,"future",0.24297268810022,-0.75702731189978,0,208,"Q3"
"10011",10011,"MaineNew Hampshire2-21",2026-02-21,"conf","Maine","New Hampshire","AE","AE","A",NA,NA,0.0653376419463159,0.294034884198752,0.789142831518436,0.899856735898056,NA,NA,"future",0.100143264101944,-0.899856735898056,0,323,"Q4"
"10012",10012,"TexasGeorgia2-21",2026-02-21,"conf","Texas","Georgia","SEC","SEC","A",NA,NA,0.805200835828333,0.91600808149171,0.789142831518436,0.255490906957154,NA,NA,"future",0.744509093042846,-0.255490906957154,0,24,"Q1"
"10013",10013,"ProvidenceDePaul2-21",2026-02-21,"conf","Providence","DePaul","BE","BE","A",NA,NA,0.682260447232124,0.723148523927946,0.789142831518436,0.588951567067976,NA,NA,"future",0.411048432932024,-0.588951567067976,0,113,"Q2"
"10014",10014,"UMKCNorth Dakota St.2-21",2026-02-21,"conf","UMKC","North Dakota St.","Sum","Sum","A",NA,NA,0.0841485058607757,0.678074728815918,0.789142831518436,0.639876531050688,NA,NA,"future",0.360123468949312,-0.639876531050688,0,132,"Q2"
"10015",10015,"West VirginiaTCU2-21",2026-02-21,"conf","West Virginia","TCU","B12","B12","A",NA,NA,0.780378589803463,0.865296099885822,0.789142831518436,0.368134924888612,NA,NA,"future",0.631865075111388,-0.368134924888612,0,46,"Q1"
"10016",10016,"Central ArkansasFlorida Gulf Coast2-21",2026-02-21,"conf","Central Arkansas","Florida Gulf Coast","ASun","ASun","A",NA,NA,0.418552667589624,0.459203789369559,0.789142831518436,0.81507273605116,NA,NA,"future",0.18492726394884,-0.81507273605116,0,237,"Q3"
"10017",10017,"SamfordMercer2-21",2026-02-21,"conf","Samford","Mercer","SC","SC","A",NA,NA,0.172321727445834,0.653833270716202,0.789142831518436,0.664593982193898,NA,NA,"future",0.335406017806102,-0.664593982193898,0,125,"Q2"
"10018",10018,"HofstraNortheastern2-21",2026-02-21,"conf","Hofstra","Northeastern","CAA","CAA","A",NA,NA,0.550605304781333,0.389208555122323,0.789142831518436,0.854508227313528,NA,NA,"future",0.145491772686472,-0.854508227313528,0,249,"Q4"
"10019",10019,"Central ConnecticutChicago St.2-21",2026-02-21,"conf","Central Connecticut","Chicago St.","NEC","NEC","A",NA,NA,0.185254014996825,0.131935258890074,0.789142831518436,0.960974076944283,NA,NA,"future",0.0390259230557167,-0.960974076944283,0,352,"Q4"
"10020",10020,"Southern IndianaEastern Illinois2-21",2026-02-21,"conf","Southern Indiana","Eastern Illinois","OVC","OVC","A",NA,NA,0.0957595304080808,0.254464105144106,0.789142831518436,0.916423012707536,NA,NA,"future",0.0835769872924635,-0.916423012707536,0,305,"Q4"
"10021",10021,"Notre DamePittsburgh2-21",2026-02-21,"conf","Notre Dame","Pittsburgh","ACC","ACC","A",NA,NA,0.645182423439833,0.730765128903465,0.789142831518436,0.579630896823016,NA,NA,"future",0.420369103176984,-0.579630896823016,0,121,"Q2"
"10022",10022,"UCFUtah2-21",2026-02-21,"conf","UCF","Utah","B12","B12","A",NA,NA,0.77353273260516,0.735923022179889,0.789142831518436,0.573190776567456,NA,NA,"future",0.426809223432544,-0.573190776567456,0,117,"Q2"
"10023",10023,"Loyola MDColgate2-21",2026-02-21,"conf","Loyola MD","Colgate","Pat","Pat","A",NA,NA,0.0922603677365822,0.520482639527122,0.789142831518436,0.775179083646094,NA,NA,"future",0.224820916353906,-0.775179083646094,0,196,"Q3"
"10024",10024,"ValparaisoIllinois Chicago2-21",2026-02-21,"conf","Valparaiso","Illinois Chicago","MVC","MVC","A",NA,NA,0.458749949196083,0.656335877113298,0.789142831518436,0.662120554275075,NA,NA,"future",0.337879445724925,-0.662120554275075,0,161,"Q3"
"10025",10025,"North Carolina A&TElon2-21",2026-02-21,"conf","North Carolina A&T","Elon","CAA","CAA","A",NA,NA,0.167266946360123,0.576866467930946,0.789142831518436,0.732989491121582,NA,NA,"future",0.267010508878418,-0.732989491121582,0,168,"Q3"
"10026",10026,"ConnecticutVillanova2-21",2026-02-21,"conf","Connecticut","Villanova","BE","BE","A",NA,NA,0.948353630627273,0.914034335117992,0.789142831518436,0.260349308981246,NA,NA,"future",0.739650691018754,-0.260349308981246,0,33,"Q1"
"10027",10027,"South DakotaOral Roberts2-21",2026-02-21,"conf","South Dakota","Oral Roberts","Sum","Sum","A",NA,NA,0.214647067407385,0.246336680636335,0.789142831518436,0.919680424700408,NA,NA,"future",0.080319575299592,-0.919680424700408,0,317,"Q4"
"10028",10028,"Iowa St.BYU2-21",2026-02-21,"conf","Iowa St.","BYU","B12","B12","A",NA,NA,0.932186105100022,0.943249231571529,0.789142831518436,0.183787432026584,NA,NA,"future",0.816212567973416,-0.183787432026584,0,12,"Q1"
"10029",10029,"AkronBall St.2-21",2026-02-21,"conf","Akron","Ball St.","MAC","MAC","A",NA,NA,0.745581397618812,0.288514481287383,0.789142831518436,0.902240976851439,NA,NA,"future",0.097759023148561,-0.902240976851439,0,316,"Q4"
"10030",10030,"WinthropHigh Point2-21",2026-02-21,"conf","Winthrop","High Point","BSth","BSth","A",NA,NA,0.429719171865507,0.756790844012223,0.789142831518436,0.546019695713936,NA,NA,"future",0.453980304286064,-0.546019695713936,0,90,"Q2"
"10031",10031,"AlbanyUMBC2-21",2026-02-21,"conf","Albany","UMBC","AE","AE","A",NA,NA,0.187386733437233,0.335726306960335,0.789142831518436,0.881024132869604,NA,NA,"future",0.118975867130396,-0.881024132869604,0,274,"Q4"
"10032",10032,"Wake ForestVirginia Tech2-21",2026-02-21,"conf","Wake Forest","Virginia Tech","ACC","ACC","A",NA,NA,0.719689280913198,0.853893151640768,0.789142831518436,0.39038325210195,NA,NA,"future",0.609616747898049,-0.39038325210195,0,51,"Q1"
"10033",10033,"UC Santa BarbaraHawaii2-21",2026-02-21,"conf","UC Santa Barbara","Hawaii","BW","BW","A",NA,NA,0.483931703427263,0.782563869210565,0.789142831518436,0.50977274777129,NA,NA,"future",0.49022725222871,-0.50977274777129,0,97,"Q2"
"10034",10034,"Old DominionSouthern Miss2-21",2026-02-21,"conf","Old Dominion","Southern Miss","SB","SB","A",NA,NA,0.270343466440864,0.436163066612626,0.789142831518436,0.828710427563868,NA,NA,"future",0.171289572436132,-0.828710427563868,0,236,"Q3"
"10035",10035,"EvansvilleMurray St.2-21",2026-02-21,"conf","Evansville","Murray St.","MVC","MVC","A",NA,NA,0.195465563513328,0.768671365816874,0.789142831518436,0.52970054022595,NA,NA,"future",0.47029945977405,-0.52970054022595,0,74,"Q1"
"10036",10036,"Western CarolinaVMI2-21",2026-02-21,"conf","Western Carolina","VMI","SC","SC","A",NA,NA,0.189337564487005,0.144010141026281,0.789142831518436,0.956980979604427,NA,NA,"future",0.0430190203955733,-0.956980979604427,0,353,"Q4"
"10037",10037,"Southern UtahAbilene Christian2-21",2026-02-21,"conf","Southern Utah","Abilene Christian","WAC","WAC","A",NA,NA,0.206808186371712,0.395357780875213,0.789142831518436,0.851271945390759,NA,NA,"future",0.148728054609241,-0.851271945390759,0,241,"Q4"
"10038",10038,"St. BonaventureRichmond2-21",2026-02-21,"conf","St. Bonaventure","Richmond","A10","A10","A",NA,NA,0.42887918075561,0.660447080764919,0.789142831518436,0.658019120873694,NA,NA,"future",0.341980879126306,-0.658019120873694,0,126,"Q2"
"10039",10039,"North DakotaSouth Dakota St.2-21",2026-02-21,"conf","North Dakota","South Dakota St.","Sum","Sum","A",NA,NA,0.215415619860043,0.53567472683946,0.789142831518436,0.764376370522328,NA,NA,"future",0.235623629477672,-0.764376370522328,0,180,"Q3"
"10040",10040,"FurmanWofford2-21",2026-02-21,"conf","Furman","Wofford","SC","SC","A",NA,NA,0.389531071962605,0.427054957226168,0.789142831518436,0.833916616644165,NA,NA,"future",0.166083383355835,-0.833916616644165,0,225,"Q3"
"10041",10041,"RadfordUNC Asheville2-21",2026-02-21,"conf","Radford","UNC Asheville","BSth","BSth","A",NA,NA,0.229310238486478,0.418702865698982,0.789142831518436,0.838602545116366,NA,NA,"future",0.161397454883634,-0.838602545116366,0,232,"Q3"
"10042",10042,"PortlandSeattle2-21",2026-02-21,"conf","Portland","Seattle","WCC","WCC","A",NA,NA,0.394760979258516,0.74544303723052,0.789142831518436,0.561022355526039,NA,NA,"future",0.438977644473961,-0.561022355526039,0,114,"Q2"
"10043",10043,"Incarnate WordEast Texas A&M2-21",2026-02-21,"conf","Incarnate Word","East Texas A&M","Slnd","Slnd","A",NA,NA,0.261903553465073,0.343115860118082,0.789142831518436,0.877525786598482,NA,NA,"future",0.122474213401518,-0.877525786598482,0,277,"Q4"
"10044",10044,"OhioNorthern Illinois2-21",2026-02-21,"conf","Ohio","Northern Illinois","MAC","MAC","A",NA,NA,0.300680871365136,0.231423124479628,0.789142831518436,0.925536135207541,NA,NA,"future",0.0744638647924589,-0.925536135207541,0,312,"Q4"
"10045",10045,"Texas St.Louisiana2-21",2026-02-21,"conf","Texas St.","Louisiana","SB","SB","A",NA,NA,0.245509808153534,0.233108569263396,0.789142831518436,0.924882092909863,NA,NA,"future",0.0751179070901371,-0.924882092909863,0,334,"Q4"
"10046",10046,"James MadisonGeorgia St.2-21",2026-02-21,"conf","James Madison","Georgia St.","SB","SB","A",NA,NA,0.248008473110579,0.332443152619094,0.789142831518436,0.88256236526728,NA,NA,"future",0.11743763473272,-0.88256236526728,0,261,"Q4"
"10047",10047,"Cal St. FullertonCal St. Bakersfield2-21",2026-02-21,"conf","Cal St. Fullerton","Cal St. Bakersfield","BW","BW","A",NA,NA,0.331925225797259,0.265483872557692,0.789142831518436,0.911929432395944,NA,NA,"future",0.0880705676040564,-0.911929432395944,0,301,"Q4"
"10048",10048,"Georgia TechLouisville2-21",2026-02-21,"conf","Georgia Tech","Louisville","ACC","ACC","A",NA,NA,0.493378438439407,0.960766906153242,0.789142831518436,0.132567603493666,NA,NA,"future",0.867432396506334,-0.132567603493666,0,15,"Q1"
"10049",10049,"Utah TechTarleton St.2-21",2026-02-21,"conf","Utah Tech","Tarleton St.","WAC","WAC","A",NA,NA,0.326398450988887,0.559896594488506,0.789142831518436,0.746309231111213,NA,NA,"future",0.253690768888787,-0.746309231111213,0,185,"Q3"
"10050",10050,"ChattanoogaThe Citadel2-21",2026-02-21,"conf","Chattanooga","The Citadel","SC","SC","A",NA,NA,0.193922737600882,0.140154923802397,0.789142831518436,0.958264437000095,NA,NA,"future",0.0417355629999049,-0.958264437000095,0,350,"Q4"
"10051",10051,"MonmouthCharleston2-21",2026-02-21,"conf","Monmouth","Charleston","CAA","CAA","A",NA,NA,0.318339421823734,0.52079730801882,0.789142831518436,0.774959275716584,NA,NA,"future",0.225040724283416,-0.774959275716584,0,175,"Q3"
"10052",10052,"UTEPNew Mexico St.2-21",2026-02-21,"conf","UTEP","New Mexico St.","CUSA","CUSA","A",NA,NA,0.217959569432829,0.670484002673614,0.789142831518436,0.64780196307496,NA,NA,"future",0.35219803692504,-0.64780196307496,0,140,"Q3"
"10053",10053,"RutgersMinnesota2-21",2026-02-21,"conf","Rutgers","Minnesota","B10","B10","A",NA,NA,0.434313559219032,0.837995134981792,0.789142831518436,0.419793884137052,NA,NA,"future",0.580206115862948,-0.419793884137052,0,83,"Q2"
"10054",10054,"KentuckyAuburn2-21",2026-02-21,"conf","Kentucky","Auburn","SEC","SEC","A",NA,NA,0.817212751797622,0.914477539067104,0.789142831518436,0.259262066114196,NA,NA,"future",0.740737933885804,-0.259262066114196,0,34,"Q1"
"10055",10055,"Maryland Eastern ShoreCoppin St.2-21",2026-02-21,"conf","Maryland Eastern Shore","Coppin St.","MEAC","MEAC","A",NA,NA,0.112768939573491,0.0483363016192594,0.789142831518436,0.986610377031088,NA,NA,"future",0.0133896229689121,-0.986610377031088,0,364,"Q4"
"10056",10056,"Boston UniversityLehigh2-21",2026-02-21,"conf","Boston University","Lehigh","Pat","Pat","A",NA,NA,0.173160301084916,0.26032083125622,0.789142831518436,0.914045954914765,NA,NA,"future",0.0859540450852349,-0.914045954914765,0,298,"Q4"
"10057",10057,"Mississippi St.South Carolina2-21",2026-02-21,"conf","Mississippi St.","South Carolina","SEC","SEC","A",NA,NA,0.637216067206247,0.817726977948728,0.789142831518436,0.454809537531623,NA,NA,"future",0.545190462468377,-0.454809537531623,0,85,"Q2"
"10058",10058,"East Tennessee St.UNC Greensboro2-21",2026-02-21,"conf","East Tennessee St.","UNC Greensboro","SC","SC","A",NA,NA,0.448888433472161,0.281789356639244,0.789142831518436,0.9051126855927,NA,NA,"future",0.0948873144073005,-0.9051126855927,0,295,"Q4"
"10059",10059,"St. ThomasDenver2-21",2026-02-21,"conf","St. Thomas","Denver","Sum","Sum","A",NA,NA,0.564022211588619,0.405627761111882,0.789142831518436,0.845774407421677,NA,NA,"future",0.154225592578323,-0.845774407421677,0,251,"Q4"
"10060",10060,"Cal St. NorthridgeLong Beach St.2-21",2026-02-21,"conf","Cal St. Northridge","Long Beach St.","BW","BW","A",NA,NA,0.385010418560885,0.420920977464503,0.789142831518436,0.837366165744844,NA,NA,"future",0.162633834255156,-0.837366165744844,0,240,"Q3"
"10061",10061,"BinghamtonUMass Lowell2-21",2026-02-21,"conf","Binghamton","UMass Lowell","AE","AE","A",NA,NA,0.0455455848513069,0.273410301879121,0.789142831518436,0.908641117556753,NA,NA,"future",0.091358882443247,-0.908641117556753,0,319,"Q4"
"10062",10062,"Austin PeayJacksonville2-21",2026-02-21,"conf","Austin Peay","Jacksonville","ASun","ASun","A",NA,NA,0.467994966707812,0.269014167855688,0.789142831518436,0.910470750059058,NA,NA,"future",0.0895292499409418,-0.910470750059058,0,293,"Q4"
"10063",10063,"IllinoisUCLA2-21",2026-02-21,"conf","Illinois","UCLA","B10","B10","A",NA,NA,0.944572611131982,0.883383237146971,0.789142831518436,0.330682521038581,NA,NA,"future",0.669317478961419,-0.330682521038581,0,40,"Q1"
"10064",10064,"UNC WilmingtonCampbell2-21",2026-02-21,"conf","UNC Wilmington","Campbell","CAA","CAA","A",NA,NA,0.45266192968586,0.480657896699851,0.789142831518436,0.801734966102244,NA,NA,"future",0.198265033897756,-0.801734966102244,0,203,"Q3"
"10065",10065,"East CarolinaCharlotte2-21",2026-02-21,"conf","East Carolina","Charlotte","Amer","Amer","A",NA,NA,0.157608291479868,0.567723178537992,0.789142831518436,0.740236588946491,NA,NA,"future",0.259763411053509,-0.740236588946491,0,173,"Q3"
"10066",10066,"WagnerSaint Francis2-21",2026-02-21,"conf","Wagner","Saint Francis","NEC","NEC","A",NA,NA,0.136887136003035,0.11893327333037,0.789142831518436,0.965187205836041,NA,NA,"future",0.0348127941639589,-0.965187205836041,0,354,"Q4"
"10067",10067,"MissouriArkansas2-21",2026-02-21,"conf","Missouri","Arkansas","SEC","SEC","A",NA,NA,0.730398132959743,0.944779447184236,0.789142831518436,0.17948361785422,NA,NA,"future",0.82051638214578,-0.17948361785422,0,20,"Q1"
"10068",10068,"Eastern MichiganToledo2-21",2026-02-21,"conf","Eastern Michigan","Toledo","MAC","MAC","A",NA,NA,0.375757933331981,0.565070766531367,0.789142831518436,0.742307911949207,NA,NA,"future",0.257692088050793,-0.742307911949207,0,169,"Q3"
"10069",10069,"Jackson St.Alcorn St.2-21",2026-02-21,"conf","Jackson St.","Alcorn St.","SWAC","SWAC","A",NA,NA,0.118376704856031,0.174056746218553,0.789142831518436,0.946693194210632,NA,NA,"future",0.053306805789368,-0.946693194210632,0,351,"Q4"
"10070",10070,"DukeMichigan2-21",2026-02-21,"nc","Duke","Michigan","ACC","B10","N",NA,NA,0.955254604924041,0.982906196444088,0.837778001870703,0.0824125421099453,NA,NA,"future",0.917587457890055,-0.0824125421099453,0,1,"Q1"
"10071",10071,"Prairie View A&MArkansas Pine Bluff2-21",2026-02-21,"conf","Prairie View A&M","Arkansas Pine Bluff","SWAC","SWAC","A",NA,NA,0.172466558867004,0.33673558307527,0.789142831518436,0.880549289395955,NA,NA,"future",0.119450710604045,-0.880549289395955,0,311,"Q4"
"10072",10072,"FloridaMississippi2-21",2026-02-21,"conf","Florida","Mississippi","SEC","SEC","A",NA,NA,0.940366182041113,0.782795445947566,0.789142831518436,0.509432503898883,NA,NA,"future",0.490567496101117,-0.509432503898883,0,87,"Q2"
"10073",10073,"San Diego St.Colorado St.2-21",2026-02-21,"conf","San Diego St.","Colorado St.","MWC","MWC","A",NA,NA,0.806407529368549,0.761948848530048,0.789142831518436,0.539013660019678,NA,NA,"future",0.460986339980322,-0.539013660019678,0,92,"Q2"
"10074",10074,"VermontNJIT2-21",2026-02-21,"conf","Vermont","NJIT","AE","AE","A",NA,NA,0.297392585715157,0.187927329168802,0.789142831518436,0.941766734177816,NA,NA,"future",0.0582332658221836,-0.941766734177816,0,332,"Q4"
"10075",10075,"Utah ValleyUT Arlington2-21",2026-02-21,"conf","Utah Valley","UT Arlington","WAC","WAC","A",NA,NA,0.65875856803625,0.58940849732773,0.789142831518436,0.722770423127821,NA,NA,"future",0.277229576872179,-0.722770423127821,0,123,"Q2"
"10076",10076,"Louisiana TechKennesaw St.2-21",2026-02-21,"conf","Louisiana Tech","Kennesaw St.","CUSA","CUSA","A",NA,NA,0.208034428147825,0.57740333990607,0.789142831518436,0.732558726349593,NA,NA,"future",0.267441273650407,-0.732558726349593,0,159,"Q3"
"10077",10077,"DavidsonFordham2-21",2026-02-21,"conf","Davidson","Fordham","A10","A10","A",NA,NA,0.541996731296271,0.520630114053518,0.789142831518436,0.775076087478428,NA,NA,"future",0.224923912521572,-0.775076087478428,0,226,"Q3"
"10078",10078,"UC San DiegoUC Irvine2-21",2026-02-21,"conf","UC San Diego","UC Irvine","BW","BW","A",NA,NA,0.591942410772934,0.71694009377673,0.789142831518436,0.596386841218079,NA,NA,"future",0.403613158781921,-0.596386841218079,0,128,"Q2"
"10079",10079,"Texas A&MOklahoma2-21",2026-02-21,"conf","Texas A&M","Oklahoma","SEC","SEC","A",NA,NA,0.85060177721884,0.795763730228384,0.789142831518436,0.489936745058446,NA,NA,"future",0.510063254941554,-0.489936745058446,0,76,"Q2"
"10080",10080,"BuffaloMassachusetts2-21",2026-02-21,"conf","Buffalo","Massachusetts","MAC","MAC","A",NA,NA,0.387632809783295,0.572880082018046,0.789142831518436,0.736169735795053,NA,NA,"future",0.263830264204947,-0.736169735795053,0,195,"Q3"
"10081",10081,"Le MoyneStonehill2-21",2026-02-21,"conf","Le Moyne","Stonehill","NEC","NEC","A",NA,NA,0.233859733605385,0.152535767937579,0.789142831518436,0.954113683718504,NA,NA,"future",0.0458863162814964,-0.954113683718504,0,337,"Q4"
"10082",10082,"North Carolina CentralHoward2-21",2026-02-21,"conf","North Carolina Central","Howard","MEAC","MEAC","A",NA,NA,0.082756424692227,0.366972280657132,0.789142831518436,0.865878007408998,NA,NA,"future",0.134121992591002,-0.865878007408998,0,252,"Q4"
"10083",10083,"PresbyterianUSC Upstate2-21",2026-02-21,"conf","Presbyterian","USC Upstate","BSth","BSth","A",NA,NA,0.211694092348146,0.283031250289585,0.789142831518436,0.904585070554709,NA,NA,"future",0.0954149294452906,-0.904585070554709,0,285,"Q4"
"10084",10084,"Western KentuckyLiberty2-21",2026-02-21,"conf","Western Kentucky","Liberty","CUSA","CUSA","A",NA,NA,0.381373069076346,0.754201371304044,0.789142831518436,0.549492294681649,NA,NA,"future",0.450507705318351,-0.549492294681649,0,84,"Q2"
"10085",10085,"Santa ClaraSan Francisco2-21",2026-02-21,"conf","Santa Clara","San Francisco","WCC","WCC","A",NA,NA,0.832662968850565,0.739588765971914,0.789142831518436,0.568549132866206,NA,NA,"future",0.431450867133794,-0.568549132866206,0,107,"Q2"
"10086",10086,"Oklahoma St.Colorado2-21",2026-02-21,"conf","Oklahoma St.","Colorado","B12","B12","A",NA,NA,0.704302099365832,0.772290823716488,0.789142831518436,0.524598733389019,NA,NA,"future",0.475401266610981,-0.524598733389019,0,78,"Q2"
"10087",10087,"Eastern WashingtonPortland St.2-21",2026-02-21,"conf","Eastern Washington","Portland St.","BSky","BSky","A",NA,NA,0.310791476526984,0.588461091868302,0.789142831518436,0.723553887104282,NA,NA,"future",0.276446112895718,-0.723553887104282,0,137,"Q3"
"10088",10088,"Jacksonville St.Sam Houston St.2-21",2026-02-21,"conf","Jacksonville St.","Sam Houston St.","CUSA","CUSA","A",NA,NA,0.295930609897491,0.710010982697554,0.789142831518436,0.604518668369394,NA,NA,"future",0.395481331630606,-0.604518668369394,0,105,"Q2"
"10089",10089,"Morehead St.Western Illinois2-21",2026-02-21,"conf","Morehead St.","Western Illinois","OVC","OVC","A",NA,NA,0.163264947729151,0.107692571655567,0.789142831518436,0.968759361171826,NA,NA,"future",0.0312406388281743,-0.968759361171826,0,356,"Q4"
"10090",10090,"NavyArmy2-21",2026-02-21,"conf","Navy","Army","Pat","Pat","A",NA,NA,0.313792818654193,0.208126264319721,0.789142831518436,0.934381268827168,NA,NA,"future",0.0656187311728325,-0.934381268827168,0,320,"Q4"
"10091",10091,"AlabamaLSU2-21",2026-02-21,"conf","Alabama","LSU","SEC","SEC","A",NA,NA,0.916668476253729,0.86991035902452,0.789142831518436,0.358840545849542,NA,NA,"future",0.641159454150458,-0.358840545849542,0,50,"Q1"
"10092",10092,"Texas A&M Corpus ChrisMcNeese St.2-21",2026-02-21,"conf","Texas A&M Corpus Chris","McNeese St.","Slnd","Slnd","A",NA,NA,0.415344559057257,0.804042842508263,0.789142831518436,0.477018666749508,NA,NA,"future",0.522981333250492,-0.477018666749508,0,57,"Q1"
"10093",10093,"Montana St.Idaho St.2-21",2026-02-21,"conf","Montana St.","Idaho St.","BSky","BSky","A",NA,NA,0.518194021185584,0.482382067045718,0.789142831518436,0.800634908501729,NA,NA,"future",0.199365091498271,-0.800634908501729,0,174,"Q3"
"10094",10094,"IdahoSacramento St.2-21",2026-02-21,"conf","Idaho","Sacramento St.","BSky","BSky","A",NA,NA,0.431116462873849,0.304984656110273,0.789142831518436,0.895054064928712,NA,NA,"future",0.104945935071288,-0.895054064928712,0,279,"Q4"
"10095",10095,"West GeorgiaQueens2-21",2026-02-21,"conf","West Georgia","Queens","ASun","ASun","A",NA,NA,0.124454025605907,0.515663678728228,0.789142831518436,0.77852495592304,NA,NA,"future",0.22147504407696,-0.77852495592304,0,183,"Q3"
"10096",10096,"Alabama A&MBethune Cookman2-21",2026-02-21,"conf","Alabama A&M","Bethune Cookman","SWAC","SWAC","A",NA,NA,0.159091874905061,0.390499707456399,0.789142831518436,0.853832094366351,NA,NA,"future",0.146167905633649,-0.853832094366351,0,268,"Q4"
"10097",10097,"MontanaWeber St.2-21",2026-02-21,"conf","Montana","Weber St.","BSky","BSky","A",NA,NA,0.47565609222007,0.519652525465715,0.789142831518436,0.775758164330446,NA,NA,"future",0.224241835669554,-0.775758164330446,0,190,"Q3"
"10098",10098,"Saint Mary'sWashington St.2-21",2026-02-21,"conf","Saint Mary's","Washington St.","WCC","WCC","A",NA,NA,0.839624194120796,0.640213899600399,0.789142831518436,0.67775499260287,NA,NA,"future",0.32224500739713,-0.67775499260287,0,156,"Q3"
"10099",10099,"Arizona St.Baylor2-21",2026-02-21,"conf","Arizona St.","Baylor","B12","B12","A",NA,NA,0.630271822278081,0.844844372317854,0.789142831518436,0.407343680053834,NA,NA,"future",0.592656319946166,-0.407343680053834,0,53,"Q1"
"10100",10100,"New MexicoFresno St.2-21",2026-02-21,"conf","New Mexico","Fresno St.","MWC","MWC","A",NA,NA,0.808195778802625,0.639155744766348,0.789142831518436,0.678756847319588,NA,NA,"future",0.321243152680412,-0.678756847319588,0,139,"Q3"
"10101",10101,"WyomingGrand Canyon2-21",2026-02-21,"conf","Wyoming","Grand Canyon","MWC","MWC","A",NA,NA,0.628540397083757,0.843748589646882,0.789142831518436,0.409357541008259,NA,NA,"future",0.590642458991741,-0.409357541008259,0,86,"Q2"
"10102",10102,"Utah St.Nevada2-21",2026-02-21,"conf","Utah St.","Nevada","MWC","MWC","A",NA,NA,0.849238029418344,0.843851415463164,0.789142831518436,0.409168925081937,NA,NA,"future",0.590831074918063,-0.409168925081937,0,65,"Q1"
"10103",10103,"UC DavisUC Riverside2-21",2026-02-21,"conf","UC Davis","UC Riverside","BW","BW","A",NA,NA,0.410152855593226,0.32462968162574,0.789142831518436,0.886184093747293,NA,NA,"future",0.113815906252707,-0.886184093747293,0,283,"Q4"
"10104",10104,"Indiana St.Belmont2-21",2026-02-21,"conf","Indiana St.","Belmont","MVC","MVC","A",NA,NA,0.363662236714813,0.80633083929574,0.789142831518436,0.473381084368494,NA,NA,"future",0.526618915631506,-0.473381084368494,0,64,"Q1"
"10105",10105,"GeorgetownSeton Hall2-21",2026-02-21,"conf","Georgetown","Seton Hall","BE","BE","A",NA,NA,0.594254951891872,0.873855128810157,0.789142831518436,0.350756125662828,NA,NA,"future",0.649243874337172,-0.350756125662828,0,45,"Q1"
"10106",10106,"PacificGonzaga2-21",2026-02-21,"conf","Pacific","Gonzaga","WCC","WCC","A",NA,NA,0.522643024911776,0.966086351861385,0.789142831518436,0.116122856905454,NA,NA,"future",0.883877143094546,-0.116122856905454,0,4,"Q1"
"10107",10107,"PepperdineOregon St.2-21",2026-02-21,"conf","Pepperdine","Oregon St.","WCC","WCC","A",NA,NA,0.217599421655683,0.48746862199899,0.789142831518436,0.797364378973173,NA,NA,"future",0.202635621026827,-0.797364378973173,0,213,"Q3"
"10108",10108,"StanfordCalifornia2-21",2026-02-21,"conf","Stanford","California","ACC","ACC","A",NA,NA,0.712676563861534,0.828977030903702,0.789142831518436,0.435700951290163,NA,NA,"future",0.564299048709837,-0.435700951290163,0,60,"Q1"
"10109",10109,"Southern IllinoisNorthern Iowa2-21",2026-02-21,"conf","Southern Illinois","Northern Iowa","MVC","MVC","A",NA,NA,0.429692892721203,0.757436564872932,0.789142831518436,0.545149141228804,NA,NA,"future",0.454850858771196,-0.545149141228804,0,102,"Q2"
"10110",10110,"Missouri St.FIU2-21",2026-02-21,"conf","Missouri St.","FIU","CUSA","CUSA","A",NA,NA,0.459710378911034,0.568091309363212,0.789142831518436,0.739948017865934,NA,NA,"future",0.260051982134066,-0.739948017865934,0,198,"Q3"
"10111",10111,"UT Rio Grande ValleySoutheastern Louisiana2-21",2026-02-21,"conf","UT Rio Grande Valley","Southeastern Louisiana","Slnd","Slnd","A",NA,NA,0.397957356960562,0.33709012828235,0.789142831518436,0.880382261833675,NA,NA,"future",0.119617738166325,-0.880382261833675,0,288,"Q4"
"10112",10112,"CreightonSt. John's2-21",2026-02-21,"conf","Creighton","St. John's","BE","BE","A",NA,NA,0.754064342104998,0.941505441293299,0.789142831518436,0.188653986484811,NA,NA,"future",0.811346013515189,-0.188653986484811,0,23,"Q1"
"10113",10113,"Northern KentuckyYoungstown St.2-21",2026-02-21,"conf","Northern Kentucky","Youngstown St.","Horz","Horz","A",NA,NA,0.406379079596688,0.546812666972655,0.789142831518436,0.756201472941003,NA,NA,"future",0.243798527058997,-0.756201472941003,0,221,"Q3"
"10114",10114,"LongwoodCharleston Southern2-21",2026-02-21,"conf","Longwood","Charleston Southern","BSth","BSth","A",NA,NA,0.192892523448795,0.455058138848351,0.789142831518436,0.817577500727398,NA,NA,"future",0.182422499272602,-0.817577500727398,0,219,"Q3"
"10115",10115,"South Carolina St.Norfolk St.2-21",2026-02-21,"conf","South Carolina St.","Norfolk St.","MEAC","MEAC","A",NA,NA,0.0507325033248179,0.214099252585284,0.789142831518436,0.932147647195999,NA,NA,"future",0.0678523528040014,-0.932147647195999,0,303,"Q4"
"10116",10116,"San Jose St.Boise St.2-21",2026-02-21,"conf","San Jose St.","Boise St.","MWC","MWC","A",NA,NA,0.280831199129306,0.83001126375618,0.789142831518436,0.433903907888668,NA,NA,"future",0.566096092111332,-0.433903907888668,0,71,"Q1"
"10117",10117,"OregonUSC2-21",2026-02-21,"conf","Oregon","USC","B10","B10","A",NA,NA,0.695409733355037,0.850928400566256,0.789142831518436,0.396005997866024,NA,NA,"future",0.603994002133976,-0.396005997866024,0,56,"Q1"
"10118",10118,"TowsonDrexel2-21",2026-02-21,"conf","Towson","Drexel","CAA","CAA","A",NA,NA,0.35134538872408,0.506908140029048,0.789142831518436,0.78450783990208,NA,NA,"future",0.21549216009792,-0.78450783990208,0,211,"Q3"
"10119",10119,"XavierButler2-21",2026-02-21,"conf","Xavier","Butler","BE","BE","A",NA,NA,0.650772325033312,0.858613464070704,0.789142831518436,0.381295065510961,NA,NA,"future",0.618704934489039,-0.381295065510961,0,48,"Q1"
"10120",10120,"New HavenFairleigh Dickinson2-21",2026-02-21,"conf","New Haven","Fairleigh Dickinson","NEC","NEC","A",NA,NA,0.109352159726003,0.183963005479034,0.789142831518436,0.943186569817656,NA,NA,"future",0.0568134301823435,-0.943186569817656,0,339,"Q4"
"10121",10121,"HamptonStony Brook2-21",2026-02-21,"conf","Hampton","Stony Brook","CAA","CAA","A",NA,NA,0.224878457335432,0.460531374139957,0.789142831518436,0.814265765425597,NA,NA,"future",0.185734234574403,-0.814265765425597,0,234,"Q3"
"10122",10122,"Penn St.Nebraska2-21",2026-02-21,"conf","Penn St.","Nebraska","B10","B10","A",NA,NA,0.48720277375858,0.960111303481749,0.789142831518436,0.134564422606148,NA,NA,"future",0.865435577393852,-0.134564422606148,0,7,"Q1"
"10123",10123,"North FloridaStetson2-21",2026-02-21,"conf","North Florida","Stetson","ASun","ASun","A",NA,NA,0.130909333469256,0.223300374896591,0.789142831518436,0.928661106603634,NA,NA,"future",0.0713388933963659,-0.928661106603634,0,327,"Q4"
"10124",10124,"WashingtonMaryland2-21",2026-02-21,"conf","Washington","Maryland","B10","B10","A",NA,NA,0.749226742667862,0.718765491706146,0.789142831518436,0.594215563299714,NA,NA,"future",0.405784436700286,-0.594215563299714,0,152,"Q3"
"10125",10125,"TroySouth Alabama2-21",2026-02-21,"conf","Troy","South Alabama","SB","SB","A",NA,NA,0.574223488770011,0.456678516291553,0.789142831518436,0.816601206226327,NA,NA,"future",0.183398793773673,-0.816601206226327,0,197,"Q3"
"10126",10126,"Western MichiganCentral Michigan2-21",2026-02-21,"conf","Western Michigan","Central Michigan","MAC","MAC","A",NA,NA,0.256976620663072,0.241994330286212,0.789142831518436,0.921401475256222,NA,NA,"future",0.0785985247437777,-0.921401475256222,0,329,"Q4"
"10127",10127,"New OrleansLamar2-21",2026-02-21,"conf","New Orleans","Lamar","Slnd","Slnd","A",NA,NA,0.331235610868882,0.437571853477538,0.789142831518436,0.827896030713947,NA,NA,"future",0.172103969286053,-0.827896030713947,0,220,"Q3"
"10128",10128,"Grambling St.Southern2-21",2026-02-21,"conf","Grambling St.","Southern","SWAC","SWAC","A",NA,NA,0.233559697555641,0.408192260035411,0.789142831518436,0.844383205258941,NA,NA,"future",0.155616794741059,-0.844383205258941,0,278,"Q4"
"10129",10129,"TennesseeVanderbilt2-21",2026-02-21,"conf","Tennessee","Vanderbilt","SEC","SEC","A",NA,NA,0.910843273419277,0.960919519146125,0.789142831518436,0.132101847871506,NA,NA,"future",0.867898152128494,-0.132101847871506,0,16,"Q1"
"10130",10130,"DuquesneDayton2-21",2026-02-21,"conf","Duquesne","Dayton","A10","A10","A",NA,NA,0.509896069293123,0.806502743818976,0.789142831518436,0.473106576585408,NA,NA,"future",0.526893423414592,-0.473106576585408,0,80,"Q2"
"10131",10131,"Georgia SouthernAppalachian St.2-21",2026-02-21,"conf","Georgia Southern","Appalachian St.","SB","SB","A",NA,NA,0.25951963690932,0.475354481792086,0.789142831518436,0.805091918259702,NA,NA,"future",0.194908081740298,-0.805091918259702,0,212,"Q3"
"10132",10132,"Illinois St.Bradley2-21",2026-02-21,"conf","Illinois St.","Bradley","MVC","MVC","A",NA,NA,0.699786014575313,0.630393603174275,0.789142831518436,0.686941833214128,NA,NA,"future",0.313058166785872,-0.686941833214128,0,124,"Q2"
"10133",10133,"Houston ChristianNorthwestern St.2-21",2026-02-21,"conf","Houston Christian","Northwestern St.","Slnd","Slnd","A",NA,NA,0.166904500846973,0.284845739227625,0.789142831518436,0.903812007986627,NA,NA,"future",0.0961879920133734,-0.903812007986627,0,306,"Q4"
"10134",10134,"LIUMercyhurst2-21",2026-02-21,"conf","LIU","Mercyhurst","NEC","NEC","A",NA,NA,0.325501227881235,0.319386016835833,0.789142831518436,0.888584293689684,NA,NA,"future",0.111415706310316,-0.888584293689684,0,290,"Q4"
"10135",10135,"Miami FLVirginia2-21",2026-02-21,"conf","Miami FL","Virginia","ACC","ACC","A",NA,NA,0.797942523828166,0.96842400434267,0.789142831518436,0.108756479072216,NA,NA,"future",0.891243520927784,-0.108756479072216,0,13,"Q1"
"10136",10136,"AmericanLafayette2-22",2026-02-22,"conf","Lafayette","American","Pat","Pat","H",NA,NA,0.247759908493423,0.351681313504199,0.87694452176131,0.929265785702261,NA,NA,"future",0.0707342142977385,-0.929265785702261,0,228,"Q4"
"10137",10137,"Robert MorrisWright St.2-22",2026-02-22,"conf","Wright St.","Robert Morris","Horz","Horz","H",NA,NA,0.717548418206008,0.360345110834765,0.87694452176131,0.926741135334995,NA,NA,"future",0.0732588646650051,-0.926741135334995,0,186,"Q4"
"10138",10138,"NiagaraRider2-22",2026-02-22,"conf","Rider","Niagara","MAAC","MAAC","H",NA,NA,0.124145130175934,0.0710982537629475,0.87694452176131,0.989373790127263,NA,NA,"future",0.0106262098727368,-0.989373790127263,0,355,"Q4"
"10139",10139,"RiceTulane2-22",2026-02-22,"conf","Tulane","Rice","Amer","Amer","H",NA,NA,0.499347286934666,0.305946467034478,0.87694452176131,0.941747346673167,NA,NA,"future",0.0582526533268328,-0.941747346673167,0,253,"Q4"
"10140",10140,"Sacred HeartMarist2-22",2026-02-22,"conf","Marist","Sacred Heart","MAAC","MAAC","H",NA,NA,0.603367224365608,0.185258742802667,0.87694452176131,0.969079449264048,NA,NA,"future",0.0309205507359519,-0.969079449264048,0,287,"Q4"
"10141",10141,"IonaMerrimack2-22",2026-02-22,"conf","Merrimack","Iona","MAAC","MAAC","H",NA,NA,0.494941213645724,0.289732912826144,0.87694452176131,0.945858398301721,NA,NA,"future",0.054141601698279,-0.945858398301721,0,218,"Q4"
"10142",10142,"Ohio St.Michigan St.2-22",2026-02-22,"conf","Michigan St.","Ohio St.","B10","B10","H",NA,NA,0.96316998011938,0.817900794713915,0.87694452176131,0.613398179056679,NA,NA,"future",0.386601820943321,-0.613398179056679,0,35,"Q2"
"10143",10143,"CanisiusMount St. Mary's2-22",2026-02-22,"conf","Mount St. Mary's","Canisius","MAAC","MAAC","H",NA,NA,0.282514165173045,0.0962828763969484,0.87694452176131,0.985270070495874,NA,NA,"future",0.0147299295041264,-0.985270070495874,0,342,"Q4"
"10144",10144,"UABMemphis2-22",2026-02-22,"conf","Memphis","UAB","Amer","Amer","H",NA,NA,0.777847739912943,0.524998488358512,0.87694452176131,0.865731238499826,NA,NA,"future",0.134268761500174,-0.865731238499826,0,122,"Q3"
"10145",10145,"FairfieldQuinnipiac2-22",2026-02-22,"conf","Quinnipiac","Fairfield","MAAC","MAAC","H",NA,NA,0.56676972583644,0.22489171654641,0.87694452176131,0.960879115225298,NA,NA,"future",0.0391208847747024,-0.960879115225298,0,248,"Q4"
"10146",10146,"Purdue Fort WayneCleveland St.2-22",2026-02-22,"conf","Cleveland St.","Purdue Fort Wayne","Horz","Horz","H",NA,NA,0.281782786451229,0.292872856878609,0.87694452176131,0.945074204187965,NA,NA,"future",0.054925795812035,-0.945074204187965,0,210,"Q4"
"10147",10147,"UTSATulsa2-22",2026-02-22,"conf","Tulsa","UTSA","Amer","Amer","H",NA,NA,0.855650066325967,0.0659428297410237,0.87694452176131,0.990190615450233,NA,NA,"future",0.00980938454976721,-0.990190615450233,0,349,"Q4"
"10148",10148,"Green BayDetroit Mercy2-22",2026-02-22,"conf","Detroit Mercy","Green Bay","Horz","Horz","H",NA,NA,0.41087180318306,0.347484853107807,0.87694452176131,0.93046936539492,NA,NA,"future",0.0695306346050797,-0.93046936539492,0,230,"Q4"
"10149",10149,"Saint Peter'sSiena2-22",2026-02-22,"conf","Siena","Saint Peter's","MAAC","MAAC","H",NA,NA,0.54942727469335,0.312643989802408,0.87694452176131,0.940003404180597,NA,NA,"future",0.0599965958194028,-0.940003404180597,0,223,"Q4"
"10150",10150,"Holy CrossBucknell2-22",2026-02-22,"conf","Bucknell","Holy Cross","Pat","Pat","H",NA,NA,0.217206619977822,0.118107022625567,0.87694452176131,0.981553972347959,NA,NA,"future",0.0184460276520411,-0.981553972347959,0,314,"Q4"
"10151",10151,"IowaWisconsin2-22",2026-02-22,"conf","Wisconsin","Iowa","B10","B10","H",NA,NA,0.913235229454143,0.910684041262198,0.87694452176131,0.411393574304387,NA,NA,"future",0.588606425695613,-0.411393574304387,0,21,"Q1"
"10152",10152,"MilwaukeeOakland2-22",2026-02-22,"conf","Oakland","Milwaukee","Horz","Horz","H",NA,NA,0.639939911872445,0.247415137782907,0.87694452176131,0.955902572692459,NA,NA,"future",0.0440974273075413,-0.955902572692459,0,233,"Q4"
"10153",10153,"Florida AtlanticNorth Texas2-22",2026-02-22,"conf","North Texas","Florida Atlantic","Amer","Amer","H",NA,NA,0.61394540023339,0.669116075241684,0.87694452176131,0.778960430736667,NA,NA,"future",0.221039569263333,-0.778960430736667,0,91,"Q3"
"10154",10154,"AmericanLafayette2-22",2026-02-22,"conf","American","Lafayette","Pat","Pat","A",NA,NA,0.351681313504199,0.247759908493423,0.789142831518436,0.919113429490502,NA,NA,"future",0.0808865705094981,-0.919113429490502,0,328,"Q4"
"10155",10155,"Robert MorrisWright St.2-22",2026-02-22,"conf","Robert Morris","Wright St.","Horz","Horz","A",NA,NA,0.360345110834765,0.717548418206008,0.789142831518436,0.595664611268505,NA,NA,"future",0.404335388731495,-0.595664611268505,0,136,"Q3"
"10156",10156,"NiagaraRider2-22",2026-02-22,"conf","Niagara","Rider","MAAC","MAAC","A",NA,NA,0.0710982537629475,0.124145130175934,0.789142831518436,0.963508975356504,NA,NA,"future",0.0364910246434962,-0.963508975356504,0,357,"Q4"
"10157",10157,"RiceTulane2-22",2026-02-22,"conf","Rice","Tulane","Amer","Amer","A",NA,NA,0.305946467034478,0.499347286934666,0.789142831518436,0.789576940282949,NA,NA,"future",0.210423059717051,-0.789576940282949,0,202,"Q3"
"10158",10158,"Sacred HeartMarist2-22",2026-02-22,"conf","Sacred Heart","Marist","MAAC","MAAC","A",NA,NA,0.185258742802667,0.603367224365608,0.789142831518436,0.71100112209817,NA,NA,"future",0.28899887790183,-0.71100112209817,0,150,"Q3"
"10159",10159,"IonaMerrimack2-22",2026-02-22,"conf","Iona","Merrimack","MAAC","MAAC","A",NA,NA,0.289732912826144,0.494941213645724,0.789142831518436,0.792490301797105,NA,NA,"future",0.207509698202895,-0.792490301797105,0,217,"Q3"
"10160",10160,"Ohio St.Michigan St.2-22",2026-02-22,"conf","Ohio St.","Michigan St.","B10","B10","A",NA,NA,0.817900794713915,0.96316998011938,0.789142831518436,0.125192612565118,NA,NA,"future",0.874807387434882,-0.125192612565118,0,11,"Q1"
"10161",10161,"CanisiusMount St. Mary's2-22",2026-02-22,"conf","Canisius","Mount St. Mary's","MAAC","MAAC","A",NA,NA,0.0962828763969484,0.282514165173045,0.789142831518436,0.904804899863118,NA,NA,"future",0.0951951001368816,-0.904804899863118,0,304,"Q4"
"10162",10162,"UABMemphis2-22",2026-02-22,"conf","UAB","Memphis","Amer","Amer","A",NA,NA,0.524998488358512,0.777847739912943,0.789142831518436,0.516643488894951,NA,NA,"future",0.483356511105049,-0.516643488894951,0,112,"Q2"
"10163",10163,"FairfieldQuinnipiac2-22",2026-02-22,"conf","Fairfield","Quinnipiac","MAAC","MAAC","A",NA,NA,0.22489171654641,0.56676972583644,0.789142831518436,0.740982745235832,NA,NA,"future",0.259017254764168,-0.740982745235832,0,184,"Q3"
"10164",10164,"Purdue Fort WayneCleveland St.2-22",2026-02-22,"conf","Purdue Fort Wayne","Cleveland St.","Horz","Horz","A",NA,NA,0.292872856878609,0.281782786451229,0.789142831518436,0.905115473700407,NA,NA,"future",0.0948845262995927,-0.905115473700407,0,321,"Q4"
"10165",10165,"UTSATulsa2-22",2026-02-22,"conf","UTSA","Tulsa","Amer","Amer","A",NA,NA,0.0659428297410237,0.855650066325967,0.789142831518436,0.387020296107445,NA,NA,"future",0.612979703892555,-0.387020296107445,0,47,"Q1"
"10166",10166,"Green BayDetroit Mercy2-22",2026-02-22,"conf","Green Bay","Detroit Mercy","Horz","Horz","A",NA,NA,0.347484853107807,0.41087180318306,0.789142831518436,0.842921600902124,NA,NA,"future",0.157078399097876,-0.842921600902124,0,273,"Q4"
"10167",10167,"Saint Peter'sSiena2-22",2026-02-22,"conf","Saint Peter's","Siena","MAAC","MAAC","A",NA,NA,0.312643989802408,0.54942727469335,0.789142831518436,0.75425005854782,NA,NA,"future",0.24574994145218,-0.75425005854782,0,172,"Q3"
"10168",10168,"Holy CrossBucknell2-22",2026-02-22,"conf","Holy Cross","Bucknell","Pat","Pat","A",NA,NA,0.118107022625567,0.217206619977822,0.789142831518436,0.930976439518599,NA,NA,"future",0.0690235604814007,-0.930976439518599,0,333,"Q4"
"10169",10169,"IowaWisconsin2-22",2026-02-22,"conf","Iowa","Wisconsin","B10","B10","A",NA,NA,0.910684041262198,0.913235229454143,0.789142831518436,0.262304234633571,NA,NA,"future",0.737695765366429,-0.262304234633571,0,36,"Q1"
"10170",10170,"MilwaukeeOakland2-22",2026-02-22,"conf","Milwaukee","Oakland","Horz","Horz","A",NA,NA,0.247415137782907,0.639939911872445,0.789142831518436,0.678014683260013,NA,NA,"future",0.321985316739987,-0.678014683260013,0,135,"Q2"
"10171",10171,"Florida AtlanticNorth Texas2-22",2026-02-22,"conf","Florida Atlantic","North Texas","Amer","Amer","A",NA,NA,0.669116075241684,0.61394540023339,0.789142831518436,0.701790604371229,NA,NA,"future",0.298209395628771,-0.701790604371229,0,147,"Q3"
"10172",10172,"Nicholls St.Lamar2-23",2026-02-23,"conf","Lamar","Nicholls St.","Slnd","Slnd","H",NA,NA,0.437571853477538,0.298838774145833,0.87694452176131,0.943568533420601,NA,NA,"future",0.0564314665793993,-0.943568533420601,0,214,"Q4"
"10173",10173,"LouisvilleNorth Carolina2-23",2026-02-23,"conf","North Carolina","Louisville","ACC","ACC","H",NA,NA,0.914942599410585,0.927853101372083,0.87694452176131,0.356552099528878,NA,NA,"future",0.643447900471122,-0.356552099528878,0,15,"Q1"
"10174",10174,"Houston ChristianEast Texas A&M2-23",2026-02-23,"conf","East Texas A&M","Houston Christian","Slnd","Slnd","H",NA,NA,0.343115860118082,0.166904500846973,0.87694452176131,0.972656041762217,NA,NA,"future",0.0273439582377828,-0.972656041762217,0,297,"Q4"
"10175",10175,"New OrleansStephen F. Austin2-23",2026-02-23,"conf","Stephen F. Austin","New Orleans","Slnd","Slnd","H",NA,NA,0.815047683515057,0.331235610868882,0.87694452176131,0.93501525605322,NA,NA,"future",0.0649847439467803,-0.93501525605322,0,231,"Q4"
"10176",10176,"Mississippi Valley St.Grambling St.2-23",2026-02-23,"conf","Grambling St.","Mississippi Valley St.","SWAC","SWAC","H",NA,NA,0.36719319961836,0.0200041175334786,0.87694452176131,0.997143844867186,NA,NA,"future",0.00285615513281423,-0.997143844867186,0,365,"Q4"
"10177",10177,"Incarnate WordNorthwestern St.2-23",2026-02-23,"conf","Northwestern St.","Incarnate Word","Slnd","Slnd","H",NA,NA,0.284845739227625,0.261903553465073,0.87694452176131,0.95256990795582,NA,NA,"future",0.0474300920441801,-0.95256990795582,0,246,"Q4"
"10178",10178,"UT Rio Grande ValleyMcNeese St.2-23",2026-02-23,"conf","McNeese St.","UT Rio Grande Valley","Slnd","Slnd","H",NA,NA,0.804042842508263,0.397957356960562,0.87694452176131,0.915118069533995,NA,NA,"future",0.0848819304660049,-0.915118069533995,0,194,"Q4"
"10179",10179,"HoustonKansas2-23",2026-02-23,"conf","Kansas","Houston","B12","B12","H",NA,NA,0.958273819187545,0.960500923846367,0.87694452176131,0.226642204378726,NA,NA,"future",0.773357795621274,-0.226642204378726,0,10,"Q1"
"10180",10180,"Texas A&M Corpus ChrisSoutheastern Louisiana2-23",2026-02-23,"conf","Southeastern Louisiana","Texas A&M Corpus Chris","Slnd","Slnd","H",NA,NA,0.33709012828235,0.415344559057257,0.87694452176131,0.909349881209777,NA,NA,"future",0.0906501187902234,-0.909349881209777,0,181,"Q4"
"10181",10181,"Nicholls St.Lamar2-23",2026-02-23,"conf","Nicholls St.","Lamar","Slnd","Slnd","A",NA,NA,0.298838774145833,0.437571853477538,0.789142831518436,0.827896030713947,NA,NA,"future",0.172103969286053,-0.827896030713947,0,220,"Q3"
"10182",10182,"LouisvilleNorth Carolina2-23",2026-02-23,"conf","Louisville","North Carolina","ACC","ACC","A",NA,NA,0.927853101372083,0.914942599410585,0.789142831518436,0.258118902076419,NA,NA,"future",0.741881097923581,-0.258118902076419,0,27,"Q1"
"10183",10183,"Houston ChristianEast Texas A&M2-23",2026-02-23,"conf","Houston Christian","East Texas A&M","Slnd","Slnd","A",NA,NA,0.166904500846973,0.343115860118082,0.789142831518436,0.877525786598482,NA,NA,"future",0.122474213401518,-0.877525786598482,0,277,"Q4"
"10184",10184,"New OrleansStephen F. Austin2-23",2026-02-23,"conf","New Orleans","Stephen F. Austin","Slnd","Slnd","A",NA,NA,0.331235610868882,0.815047683515057,0.789142831518436,0.459245063096948,NA,NA,"future",0.540754936903052,-0.459245063096948,0,88,"Q2"
"10185",10185,"Mississippi Valley St.Grambling St.2-23",2026-02-23,"conf","Mississippi Valley St.","Grambling St.","SWAC","SWAC","A",NA,NA,0.0200041175334786,0.36719319961836,0.789142831518436,0.865767541088024,NA,NA,"future",0.134232458911976,-0.865767541088024,0,266,"Q4"
"10186",10186,"Incarnate WordNorthwestern St.2-23",2026-02-23,"conf","Incarnate Word","Northwestern St.","Slnd","Slnd","A",NA,NA,0.261903553465073,0.284845739227625,0.789142831518436,0.903812007986627,NA,NA,"future",0.0961879920133734,-0.903812007986627,0,306,"Q4"
"10187",10187,"UT Rio Grande ValleyMcNeese St.2-23",2026-02-23,"conf","UT Rio Grande Valley","McNeese St.","Slnd","Slnd","A",NA,NA,0.397957356960562,0.804042842508263,0.789142831518436,0.477018666749508,NA,NA,"future",0.522981333250492,-0.477018666749508,0,57,"Q1"
"10188",10188,"HoustonKansas2-23",2026-02-23,"conf","Houston","Kansas","B12","B12","A",NA,NA,0.960500923846367,0.958273819187545,0.789142831518436,0.140126652159027,NA,NA,"future",0.859873347840973,-0.140126652159027,0,18,"Q1"
"10189",10189,"Texas A&M Corpus ChrisSoutheastern Louisiana2-23",2026-02-23,"conf","Texas A&M Corpus Chris","Southeastern Louisiana","Slnd","Slnd","A",NA,NA,0.415344559057257,0.33709012828235,0.789142831518436,0.880382261833675,NA,NA,"future",0.119617738166325,-0.880382261833675,0,288,"Q4"
"10190",10190,"DukeNotre Dame2-24",2026-02-24,"conf","Notre Dame","Duke","ACC","ACC","H",NA,NA,0.775906977662226,0.939287290689777,0.87694452176131,0.315363975570193,NA,NA,"future",0.684636024429807,-0.315363975570193,0,2,"Q1"
"10191",10191,"Fresno St.Colorado St.2-24",2026-02-24,"conf","Colorado St.","Fresno St.","MWC","MWC","H",NA,NA,0.761948848530048,0.481922792123584,0.87694452176131,0.884540532188665,NA,NA,"future",0.115459467811335,-0.884540532188665,0,139,"Q3"
"10192",10192,"CincinnatiTexas Tech2-24",2026-02-24,"conf","Texas Tech","Cincinnati","B12","B12","H",NA,NA,0.952998790803517,0.78379278013368,0.87694452176131,0.662823243260027,NA,NA,"future",0.337176756739973,-0.662823243260027,0,72,"Q2"
"10193",10193,"N.C. StateVirginia2-24",2026-02-24,"conf","Virginia","N.C. State","ACC","ACC","H",NA,NA,0.96842400434267,0.872129903528318,0.87694452176131,0.510969471437763,NA,NA,"future",0.489030528562237,-0.510969471437763,0,29,"Q1"
"10194",10194,"XavierProvidence2-24",2026-02-24,"conf","Providence","Xavier","BE","BE","H",NA,NA,0.803485279294478,0.650772325033312,0.87694452176131,0.792715583981746,NA,NA,"future",0.207284416018254,-0.792715583981746,0,94,"Q3"
"10195",10195,"West VirginiaOklahoma St.2-24",2026-02-24,"conf","Oklahoma St.","West Virginia","B12","B12","H",NA,NA,0.819344264260517,0.780378589803463,0.87694452176131,0.667285774701098,NA,NA,"future",0.332714225298902,-0.667285774701098,0,59,"Q2"
"10196",10196,"Southern IndianaMorehead St.2-24",2026-02-24,"conf","Morehead St.","Southern Indiana","OVC","OVC","H",NA,NA,0.270894090214231,0.0957595304080808,0.87694452176131,0.985357317458812,NA,NA,"future",0.0146426825411878,-0.985357317458812,0,338,"Q4"
"10197",10197,"MarquetteGeorgetown2-24",2026-02-24,"conf","Georgetown","Marquette","BE","BE","H",NA,NA,0.736066932523059,0.526647022481542,0.87694452176131,0.864960820902639,NA,NA,"future",0.135039179097361,-0.864960820902639,0,142,"Q3"
"10198",10198,"Iowa St.Utah2-24",2026-02-24,"conf","Utah","Iowa St.","B12","B12","H",NA,NA,0.735923022179889,0.932186105100022,0.87694452176131,0.341423525966652,NA,NA,"future",0.658576474033348,-0.341423525966652,0,6,"Q1"
"10199",10199,"Arizona St.TCU2-24",2026-02-24,"conf","TCU","Arizona St.","B12","B12","H",NA,NA,0.865296099885822,0.630271822278081,0.87694452176131,0.806967577765592,NA,NA,"future",0.193032422234408,-0.806967577765592,0,93,"Q3"
"10200",10200,"San Jose St.Air Force2-24",2026-02-24,"conf","Air Force","San Jose St.","MWC","MWC","H",NA,NA,0.183685442633759,0.280831199129306,0.87694452176131,0.9480512429362,NA,NA,"future",0.0519487570637999,-0.9480512429362,0,259,"Q4"
"10201",10201,"Old DominionMarshall2-24",2026-02-24,"conf","Marshall","Old Dominion","SB","SB","H",NA,NA,0.564591704093553,0.270343466440864,0.87694452176131,0.950578683851748,NA,NA,"future",0.0494213161482524,-0.950578683851748,0,250,"Q4"
"10202",10202,"TennesseeMissouri2-24",2026-02-24,"conf","Missouri","Tennessee","SEC","SEC","H",NA,NA,0.837628198528992,0.910843273419277,0.87694452176131,0.410919233587288,NA,NA,"future",0.589080766412712,-0.410919233587288,0,26,"Q1"
"10203",10203,"New MexicoNevada2-24",2026-02-24,"conf","Nevada","New Mexico","MWC","MWC","H",NA,NA,0.843851415463164,0.808195778802625,0.87694452176131,0.628428109075613,NA,NA,"future",0.371571890924387,-0.628428109075613,0,42,"Q2"
"10204",10204,"Western MichiganBowling Green2-24",2026-02-24,"conf","Bowling Green","Western Michigan","MAC","MAC","H",NA,NA,0.717673284740088,0.256976620663072,0.87694452176131,0.953715171476899,NA,NA,"future",0.0462848285231012,-0.953715171476899,0,256,"Q4"
"10205",10205,"Coastal CarolinaGeorgia St.2-24",2026-02-24,"conf","Georgia St.","Coastal Carolina","SB","SB","H",NA,NA,0.332443152619094,0.252170326443001,0.87694452176131,0.954820456841901,NA,NA,"future",0.0451795431580991,-0.954820456841901,0,235,"Q4"
"10206",10206,"AuburnOklahoma2-24",2026-02-24,"conf","Oklahoma","Auburn","SEC","SEC","H",NA,NA,0.795763730228384,0.84883999378349,0.87694452176131,0.559288913239661,NA,NA,"future",0.440711086760339,-0.559288913239661,0,34,"Q2"
"10207",10207,"KentuckySouth Carolina2-24",2026-02-24,"conf","South Carolina","Kentucky","SEC","SEC","H",NA,NA,0.817726977948728,0.817212751797622,0.87694452176131,0.614491502801326,NA,NA,"future",0.385508497198674,-0.614491502801326,0,31,"Q2"
"10208",10208,"BuffaloAkron2-24",2026-02-24,"conf","Akron","Buffalo","MAC","MAC","H",NA,NA,0.848029041448943,0.387632809783295,0.87694452176131,0.918420848754699,NA,NA,"future",0.0815791512453012,-0.918420848754699,0,165,"Q4"
"10209",10209,"George WashingtonLa Salle2-24",2026-02-24,"conf","La Salle","George Washington","A10","A10","H",NA,NA,0.503258861337018,0.685508618398289,0.87694452176131,0.765774611648292,NA,NA,"future",0.234225388351708,-0.765774611648292,0,75,"Q2"
"10210",10210,"ArizonaBaylor2-24",2026-02-24,"conf","Baylor","Arizona","B12","B12","H",NA,NA,0.844844372317854,0.958472429946254,0.87694452176131,0.235920885661496,NA,NA,"future",0.764079114338504,-0.235920885661496,0,3,"Q1"
"10211",10211,"Miami OHEastern Michigan2-24",2026-02-24,"conf","Eastern Michigan","Miami OH","MAC","MAC","H",NA,NA,0.534059422473723,0.696611503750518,0.87694452176131,0.756317426282864,NA,NA,"future",0.243682573717136,-0.756317426282864,0,49,"Q2"
"10212",10212,"MinnesotaMichigan2-24",2026-02-24,"conf","Michigan","Minnesota","B10","B10","H",NA,NA,0.98755383780862,0.730929552070615,0.87694452176131,0.724014798467854,NA,NA,"future",0.275985201532146,-0.724014798467854,0,83,"Q3"
"10213",10213,"Central MichiganKent St.2-24",2026-02-24,"conf","Kent St.","Central Michigan","MAC","MAC","H",NA,NA,0.638568943065511,0.143586134959525,0.87694452176131,0.977014256827904,NA,NA,"future",0.0229857431720957,-0.977014256827904,0,329,"Q4"
"10214",10214,"NorthwesternIndiana2-24",2026-02-24,"conf","Indiana","Northwestern","B10","B10","H",NA,NA,0.929075305570624,0.745990934106807,0.87694452176131,0.708160123263315,NA,NA,"future",0.291839876736685,-0.708160123263315,0,69,"Q2"
"10215",10215,"Southern MissArkansas St.2-24",2026-02-24,"conf","Arkansas St.","Southern Miss","SB","SB","H",NA,NA,0.643792601240604,0.288887976904287,0.87694452176131,0.946068457441536,NA,NA,"future",0.0539315425584639,-0.946068457441536,0,236,"Q4"
"10216",10216,"Wake ForestBoston College2-24",2026-02-24,"conf","Boston College","Wake Forest","ACC","ACC","H",NA,NA,0.611273164360049,0.719689280913198,0.87694452176131,0.73514545115225,NA,NA,"future",0.26485454884775,-0.73514545115225,0,67,"Q2"
"10217",10217,"Northern IllinoisToledo2-24",2026-02-24,"conf","Toledo","Northern Illinois","MAC","MAC","H",NA,NA,0.565070766531367,0.136539414444762,0.87694452176131,0.978292340323179,NA,NA,"future",0.0217076596768214,-0.978292340323179,0,312,"Q4"
"10218",10218,"UCFBYU2-24",2026-02-24,"conf","BYU","UCF","B12","B12","H",NA,NA,0.943249231571529,0.77353273260516,0.87694452176131,0.675998096188303,NA,NA,"future",0.324001903811697,-0.675998096188303,0,39,"Q2"
"10219",10219,"Miami FLFlorida St.2-24",2026-02-24,"conf","Florida St.","Miami FL","ACC","ACC","H",NA,NA,0.714263605095652,0.797942523828166,0.87694452176131,0.643439496156293,NA,NA,"future",0.356560503843707,-0.643439496156293,0,37,"Q2"
"10220",10220,"Saint LouisDayton2-24",2026-02-24,"conf","Dayton","Saint Louis","A10","A10","H",NA,NA,0.806502743818976,0.882079346144617,0.87694452176131,0.487886969241814,NA,NA,"future",0.512113030758186,-0.487886969241814,0,22,"Q1"
"10221",10221,"WyomingBoise St.2-24",2026-02-24,"conf","Boise St.","Wyoming","MWC","MWC","H",NA,NA,0.83001126375618,0.628540397083757,0.87694452176131,0.80812121966831,NA,NA,"future",0.19187878033169,-0.80812121966831,0,100,"Q3"
"10222",10222,"MassachusettsBall St.2-24",2026-02-24,"conf","Ball St.","Massachusetts","MAC","MAC","H",NA,NA,0.288514481287383,0.413278035203541,0.87694452176131,0.910049454018875,NA,NA,"future",0.0899505459811247,-0.910049454018875,0,195,"Q4"
"10223",10223,"LouisianaTroy2-24",2026-02-24,"conf","Troy","Louisiana","SB","SB","H",NA,NA,0.719734730060241,0.137657594317457,0.87694452176131,0.978090705272969,NA,NA,"future",0.021909294727031,-0.978090705272969,0,334,"Q4"
"10224",10224,"WashingtonRutgers2-24",2026-02-24,"conf","Rutgers","Washington","B10","B10","H",NA,NA,0.593817364755892,0.749226742667862,0.87694452176131,0.704603340179548,NA,NA,"future",0.295396659820452,-0.704603340179548,0,62,"Q2"
"10225",10225,"USCUCLA2-24",2026-02-24,"conf","UCLA","USC","B10","B10","H",NA,NA,0.883383237146971,0.749858766690896,0.87694452176131,0.703902122457448,NA,NA,"future",0.296097877542552,-0.703902122457448,0,56,"Q2"
"10226",10226,"BradleyIllinois Chicago2-24",2026-02-24,"conf","Illinois Chicago","Bradley","MVC","MVC","H",NA,NA,0.656335877113298,0.472493714824135,0.87694452176131,0.888344836283847,NA,NA,"future",0.111655163716153,-0.888344836283847,0,124,"Q3"
"10227",10227,"DukeNotre Dame2-24",2026-02-24,"conf","Duke","Notre Dame","ACC","ACC","A",NA,NA,0.939287290689777,0.775906977662226,0.789142831518436,0.519438937310661,NA,NA,"future",0.480561062689339,-0.519438937310661,0,81,"Q2"
"10228",10228,"Fresno St.Colorado St.2-24",2026-02-24,"conf","Fresno St.","Colorado St.","MWC","MWC","A",NA,NA,0.481922792123584,0.761948848530048,0.789142831518436,0.539013660019678,NA,NA,"future",0.460986339980322,-0.539013660019678,0,92,"Q2"
"10229",10229,"CincinnatiTexas Tech2-24",2026-02-24,"conf","Cincinnati","Texas Tech","B12","B12","A",NA,NA,0.78379278013368,0.952998790803517,0.789142831518436,0.155818723619252,NA,NA,"future",0.844181276380748,-0.155818723619252,0,17,"Q1"
"10230",10230,"N.C. StateVirginia2-24",2026-02-24,"conf","N.C. State","Virginia","ACC","ACC","A",NA,NA,0.872129903528318,0.96842400434267,0.789142831518436,0.108756479072216,NA,NA,"future",0.891243520927784,-0.108756479072216,0,13,"Q1"
"10231",10231,"XavierProvidence2-24",2026-02-24,"conf","Xavier","Providence","BE","BE","A",NA,NA,0.650772325033312,0.803485279294478,0.789142831518436,0.477900616033965,NA,NA,"future",0.522099383966035,-0.477900616033965,0,89,"Q2"
"10232",10232,"West VirginiaOklahoma St.2-24",2026-02-24,"conf","West Virginia","Oklahoma St.","B12","B12","A",NA,NA,0.780378589803463,0.819344264260517,0.789142831518436,0.452111051323319,NA,NA,"future",0.547888948676681,-0.452111051323319,0,73,"Q1"
"10233",10233,"Southern IndianaMorehead St.2-24",2026-02-24,"conf","Southern Indiana","Morehead St.","OVC","OVC","A",NA,NA,0.0957595304080808,0.270894090214231,0.789142831518436,0.909690142816319,NA,NA,"future",0.0903098571836806,-0.909690142816319,0,286,"Q4"
"10234",10234,"MarquetteGeorgetown2-24",2026-02-24,"conf","Marquette","Georgetown","BE","BE","A",NA,NA,0.526647022481542,0.736066932523059,0.789142831518436,0.573009575192196,NA,NA,"future",0.426990424807804,-0.573009575192196,0,118,"Q2"
"10235",10235,"Iowa St.Utah2-24",2026-02-24,"conf","Iowa St.","Utah","B12","B12","A",NA,NA,0.932186105100022,0.735923022179889,0.789142831518436,0.573190776567456,NA,NA,"future",0.426809223432544,-0.573190776567456,0,117,"Q2"
"10236",10236,"Arizona St.TCU2-24",2026-02-24,"conf","Arizona St.","TCU","B12","B12","A",NA,NA,0.630271822278081,0.865296099885822,0.789142831518436,0.368134924888612,NA,NA,"future",0.631865075111388,-0.368134924888612,0,46,"Q1"
"10237",10237,"San Jose St.Air Force2-24",2026-02-24,"conf","San Jose St.","Air Force","MWC","MWC","A",NA,NA,0.280831199129306,0.183685442633759,0.789142831518436,0.943285622791657,NA,NA,"future",0.0567143772083434,-0.943285622791657,0,336,"Q4"
"10238",10238,"Old DominionMarshall2-24",2026-02-24,"conf","Old Dominion","Marshall","SB","SB","A",NA,NA,0.270343466440864,0.564591704093553,0.789142831518436,0.74268055731084,NA,NA,"future",0.25731944268916,-0.74268055731084,0,138,"Q3"
"10239",10239,"TennesseeMissouri2-24",2026-02-24,"conf","Tennessee","Missouri","SEC","SEC","A",NA,NA,0.910843273419277,0.837628198528992,0.789142831518436,0.42045174979891,NA,NA,"future",0.57954825020109,-0.42045174979891,0,70,"Q1"
"10240",10240,"New MexicoNevada2-24",2026-02-24,"conf","New Mexico","Nevada","MWC","MWC","A",NA,NA,0.808195778802625,0.843851415463164,0.789142831518436,0.409168925081937,NA,NA,"future",0.590831074918063,-0.409168925081937,0,65,"Q1"
"10241",10241,"Western MichiganBowling Green2-24",2026-02-24,"conf","Western Michigan","Bowling Green","MAC","MAC","A",NA,NA,0.256976620663072,0.717673284740088,0.789142831518436,0.595516196130015,NA,NA,"future",0.404483803869985,-0.595516196130015,0,101,"Q2"
"10242",10242,"Coastal CarolinaGeorgia St.2-24",2026-02-24,"conf","Coastal Carolina","Georgia St.","SB","SB","A",NA,NA,0.252170326443001,0.332443152619094,0.789142831518436,0.88256236526728,NA,NA,"future",0.11743763473272,-0.88256236526728,0,261,"Q4"
"10243",10243,"AuburnOklahoma2-24",2026-02-24,"conf","Auburn","Oklahoma","SEC","SEC","A",NA,NA,0.84883999378349,0.795763730228384,0.789142831518436,0.489936745058446,NA,NA,"future",0.510063254941554,-0.489936745058446,0,76,"Q2"
"10244",10244,"KentuckySouth Carolina2-24",2026-02-24,"conf","Kentucky","South Carolina","SEC","SEC","A",NA,NA,0.817212751797622,0.817726977948728,0.789142831518436,0.454809537531623,NA,NA,"future",0.545190462468377,-0.454809537531623,0,85,"Q2"
"10245",10245,"BuffaloAkron2-24",2026-02-24,"conf","Buffalo","Akron","MAC","MAC","A",NA,NA,0.387632809783295,0.848029041448943,0.789142831518436,0.401442307127826,NA,NA,"future",0.598557692872174,-0.401442307127826,0,54,"Q1"
"10246",10246,"George WashingtonLa Salle2-24",2026-02-24,"conf","George Washington","La Salle","A10","A10","A",NA,NA,0.685508618398289,0.503258861337018,0.789142831518436,0.786965573726056,NA,NA,"future",0.213034426273944,-0.786965573726056,0,227,"Q3"
"10247",10247,"ArizonaBaylor2-24",2026-02-24,"conf","Arizona","Baylor","B12","B12","A",NA,NA,0.958472429946254,0.844844372317854,0.789142831518436,0.407343680053834,NA,NA,"future",0.592656319946166,-0.407343680053834,0,53,"Q1"
"10248",10248,"Miami OHEastern Michigan2-24",2026-02-24,"conf","Miami OH","Eastern Michigan","MAC","MAC","A",NA,NA,0.696611503750518,0.534059422473723,0.789142831518436,0.765543748596947,NA,NA,"future",0.234456251403053,-0.765543748596947,0,179,"Q3"
"10249",10249,"MinnesotaMichigan2-24",2026-02-24,"conf","Minnesota","Michigan","B10","B10","A",NA,NA,0.730929552070615,0.98755383780862,0.789142831518436,0.0450428444038855,NA,NA,"future",0.954957155596114,-0.0450428444038855,0,1,"Q1"
"10250",10250,"Central MichiganKent St.2-24",2026-02-24,"conf","Central Michigan","Kent St.","MAC","MAC","A",NA,NA,0.143586134959525,0.638568943065511,0.789142831518436,0.679311168960651,NA,NA,"future",0.320688831039349,-0.679311168960651,0,148,"Q3"
"10251",10251,"NorthwesternIndiana2-24",2026-02-24,"conf","Northwestern","Indiana","B10","B10","A",NA,NA,0.745990934106807,0.929075305570624,0.789142831518436,0.222214997574681,NA,NA,"future",0.777785002425319,-0.222214997574681,0,38,"Q1"
"10252",10252,"Southern MissArkansas St.2-24",2026-02-24,"conf","Southern Miss","Arkansas St.","SB","SB","A",NA,NA,0.288887976904287,0.643792601240604,0.789142831518436,0.674344903439392,NA,NA,"future",0.325655096560608,-0.674344903439392,0,141,"Q3"
"10253",10253,"Wake ForestBoston College2-24",2026-02-24,"conf","Wake Forest","Boston College","ACC","ACC","A",NA,NA,0.719689280913198,0.611273164360049,0.789142831518436,0.704141763062635,NA,NA,"future",0.295858236937365,-0.704141763062635,0,157,"Q3"
"10254",10254,"Northern IllinoisToledo2-24",2026-02-24,"conf","Northern Illinois","Toledo","MAC","MAC","A",NA,NA,0.136539414444762,0.565070766531367,0.789142831518436,0.742307911949207,NA,NA,"future",0.257692088050793,-0.742307911949207,0,169,"Q3"
"10255",10255,"UCFBYU2-24",2026-02-24,"conf","UCF","BYU","B12","B12","A",NA,NA,0.77353273260516,0.943249231571529,0.789142831518436,0.183787432026584,NA,NA,"future",0.816212567973416,-0.183787432026584,0,12,"Q1"
"10256",10256,"Miami FLFlorida St.2-24",2026-02-24,"conf","Miami FL","Florida St.","ACC","ACC","A",NA,NA,0.797942523828166,0.714263605095652,0.789142831518436,0.599548438685226,NA,NA,"future",0.400451561314774,-0.599548438685226,0,115,"Q2"
"10257",10257,"Saint LouisDayton2-24",2026-02-24,"conf","Saint Louis","Dayton","A10","A10","A",NA,NA,0.882079346144617,0.806502743818976,0.789142831518436,0.473106576585408,NA,NA,"future",0.526893423414592,-0.473106576585408,0,80,"Q2"
"10258",10258,"WyomingBoise St.2-24",2026-02-24,"conf","Wyoming","Boise St.","MWC","MWC","A",NA,NA,0.628540397083757,0.83001126375618,0.789142831518436,0.433903907888668,NA,NA,"future",0.566096092111332,-0.433903907888668,0,71,"Q1"
"10259",10259,"MassachusettsBall St.2-24",2026-02-24,"conf","Massachusetts","Ball St.","MAC","MAC","A",NA,NA,0.413278035203541,0.288514481287383,0.789142831518436,0.902240976851439,NA,NA,"future",0.097759023148561,-0.902240976851439,0,316,"Q4"
"10260",10260,"LouisianaTroy2-24",2026-02-24,"conf","Louisiana","Troy","SB","SB","A",NA,NA,0.137657594317457,0.719734730060241,0.789142831518436,0.593057675690047,NA,NA,"future",0.406942324309953,-0.593057675690047,0,103,"Q2"
"10261",10261,"WashingtonRutgers2-24",2026-02-24,"conf","Washington","Rutgers","B10","B10","A",NA,NA,0.749226742667862,0.593817364755892,0.789142831518436,0.719099142122945,NA,NA,"future",0.280900857877055,-0.719099142122945,0,153,"Q3"
"10262",10262,"USCUCLA2-24",2026-02-24,"conf","USC","UCLA","B10","B10","A",NA,NA,0.749858766690896,0.883383237146971,0.789142831518436,0.330682521038581,NA,NA,"future",0.669317478961419,-0.330682521038581,0,40,"Q1"
"10263",10263,"BradleyIllinois Chicago2-24",2026-02-24,"conf","Bradley","Illinois Chicago","MVC","MVC","A",NA,NA,0.472493714824135,0.656335877113298,0.789142831518436,0.662120554275075,NA,NA,"future",0.337879445724925,-0.662120554275075,0,161,"Q3"
"10264",10264,"Washington St.Loyola Marymount2-25",2026-02-25,"conf","Loyola Marymount","Washington St.","WCC","WCC","H",NA,NA,0.569167328627858,0.483069117975872,0.87694452176131,0.884070838462682,NA,NA,"future",0.115929161537318,-0.884070838462682,0,156,"Q3"
"10265",10265,"Kansas St.Colorado2-25",2026-02-25,"conf","Colorado","Kansas St.","B12","B12","H",NA,NA,0.772290823716488,0.660770736289095,0.87694452176131,0.785342749205728,NA,NA,"future",0.214657250794272,-0.785342749205728,0,82,"Q3"
"10266",10266,"Mississippi St.Alabama2-25",2026-02-25,"conf","Alabama","Mississippi St.","SEC","SEC","H",NA,NA,0.954434190116709,0.637216067206247,0.87694452176131,0.802264340981144,NA,NA,"future",0.197735659018856,-0.802264340981144,0,99,"Q3"
"10267",10267,"Rhode IslandSt. Bonaventure2-25",2026-02-25,"conf","St. Bonaventure","Rhode Island","A10","A10","H",NA,NA,0.588463345654528,0.501095551708488,0.87694452176131,0.876470842985361,NA,NA,"future",0.123529157014639,-0.876470842985361,0,133,"Q3"
"10268",10268,"Central ArkansasAustin Peay2-25",2026-02-25,"conf","Austin Peay","Central Arkansas","ASun","ASun","H",NA,NA,0.626176067152334,0.418552667589624,0.87694452176131,0.908256159397106,NA,NA,"future",0.0917438406028938,-0.908256159397106,0,206,"Q4"
"10269",10269,"DavidsonDuquesne2-25",2026-02-25,"conf","Duquesne","Davidson","A10","A10","H",NA,NA,0.664548733997581,0.541996731296271,0.87694452176131,0.857591084116218,NA,NA,"future",0.142408915883782,-0.857591084116218,0,119,"Q3"
"10270",10270,"MercerWestern Carolina2-25",2026-02-25,"conf","Western Carolina","Mercer","SC","SC","H",NA,NA,0.307831220822344,0.497972452629038,0.87694452176131,0.877817047848107,NA,NA,"future",0.122182952151893,-0.877817047848107,0,125,"Q3"
"10271",10271,"BucknellArmy2-25",2026-02-25,"conf","Army","Bucknell","Pat","Pat","H",NA,NA,0.208126264319721,0.127187121287998,0.87694452176131,0.979961742807954,NA,NA,"future",0.0200382571920457,-0.979961742807954,0,333,"Q4"
"10272",10272,"Georgia SouthernJames Madison2-25",2026-02-25,"conf","James Madison","Georgia Southern","SB","SB","H",NA,NA,0.385748212158963,0.25951963690932,0.87694452176131,0.953125607727472,NA,NA,"future",0.0468743922725275,-0.953125607727472,0,243,"Q4"
"10273",10273,"East CarolinaUTSA2-25",2026-02-25,"conf","UTSA","East Carolina","Amer","Amer","H",NA,NA,0.118500483117376,0.157608291479868,0.87694452176131,0.974417735158404,NA,NA,"future",0.0255822648415964,-0.974417735158404,0,299,"Q4"
"10274",10274,"South FloridaRice2-25",2026-02-25,"conf","Rice","South Florida","Amer","Amer","H",NA,NA,0.456337279232508,0.716094166023229,0.87694452176131,0.738587386794364,NA,NA,"future",0.261412613205636,-0.738587386794364,0,66,"Q2"
"10275",10275,"TempleFlorida Atlantic2-25",2026-02-25,"conf","Florida Atlantic","Temple","Amer","Amer","H",NA,NA,0.793840431015816,0.482165271889948,0.87694452176131,0.884441310768963,NA,NA,"future",0.115558689231037,-0.884441310768963,0,154,"Q3"
"10276",10276,"Detroit MercyRobert Morris2-25",2026-02-25,"conf","Robert Morris","Detroit Mercy","Horz","Horz","H",NA,NA,0.517536678288298,0.268076298487336,0.87694452176131,0.951117264043805,NA,NA,"future",0.0488827359561953,-0.951117264043805,0,273,"Q4"
"10277",10277,"FloridaTexas2-25",2026-02-25,"conf","Texas","Florida","SEC","SEC","H",NA,NA,0.887271095950039,0.940366182041113,0.87694452176131,0.311259394238092,NA,NA,"future",0.688740605761908,-0.311259394238092,0,14,"Q1"
"10278",10278,"TulsaTulane2-25",2026-02-25,"conf","Tulane","Tulsa","Amer","Amer","H",NA,NA,0.499347286934666,0.756867007275388,0.87694452176131,0.695980430402939,NA,NA,"future",0.304019569597061,-0.695980430402939,0,47,"Q2"
"10279",10279,"Indiana St.Southern Illinois2-25",2026-02-25,"conf","Southern Illinois","Indiana St.","MVC","MVC","H",NA,NA,0.58926743721773,0.363662236714813,0.87694452176131,0.925760033172288,NA,NA,"future",0.0742399668277122,-0.925760033172288,0,205,"Q4"
"10280",10280,"North TexasCharlotte2-25",2026-02-25,"conf","Charlotte","North Texas","Amer","Amer","H",NA,NA,0.567723178537992,0.455092616735083,0.87694452176131,0.895099567727526,NA,NA,"future",0.104900432272474,-0.895099567727526,0,147,"Q3"
"10281",10281,"George MasonSaint Joseph's2-25",2026-02-25,"conf","Saint Joseph's","George Mason","A10","A10","H",NA,NA,0.600718255311877,0.622989999921908,0.87694452176131,0.811769579931046,NA,NA,"future",0.188230420068954,-0.811769579931046,0,63,"Q2"
"10282",10282,"LafayetteColgate2-25",2026-02-25,"conf","Colgate","Lafayette","Pat","Pat","H",NA,NA,0.520482639527122,0.147463233359836,0.87694452176131,0.976303494184094,NA,NA,"future",0.023696505815906,-0.976303494184094,0,328,"Q4"
"10283",10283,"The CitadelFurman2-25",2026-02-25,"conf","Furman","The Citadel","SC","SC","H",NA,NA,0.548536258475982,0.0788521555269136,0.87694452176131,0.988130636578795,NA,NA,"future",0.0118693634212048,-0.988130636578795,0,350,"Q4"
"10284",10284,"UNLVGrand Canyon2-25",2026-02-25,"conf","Grand Canyon","UNLV","MWC","MWC","H",NA,NA,0.843748589646882,0.560876007034628,0.87694452176131,0.848011636054,NA,NA,"future",0.151988363946,-0.848011636054,0,127,"Q3"
"10285",10285,"DePaulCreighton2-25",2026-02-25,"conf","Creighton","DePaul","BE","BE","H",NA,NA,0.853766094479856,0.57837139577554,0.87694452176131,0.838582265959197,NA,NA,"future",0.161417734040803,-0.838582265959197,0,113,"Q3"
"10286",10286,"LehighAmerican2-25",2026-02-25,"conf","American","Lehigh","Pat","Pat","H",NA,NA,0.508095570002426,0.155993773443698,0.87694452176131,0.974720382753838,NA,NA,"future",0.0252796172461617,-0.974720382753838,0,298,"Q4"
"10287",10287,"OaklandIU Indy2-25",2026-02-25,"conf","IU Indy","Oakland","Horz","Horz","H",NA,NA,0.293111925980727,0.482772141388938,0.87694452176131,0.884192673060866,NA,NA,"future",0.115807326939134,-0.884192673060866,0,135,"Q3"
"10288",10288,"Louisiana MonroeSouth Alabama2-25",2026-02-25,"conf","South Alabama","Louisiana Monroe","SB","SB","H",NA,NA,0.456678516291553,0.0612505362259951,0.87694452176131,0.990927418635129,NA,NA,"future",0.0090725813648711,-0.990927418635129,0,359,"Q4"
"10289",10289,"PortlandGonzaga2-25",2026-02-25,"conf","Gonzaga","Portland","WCC","WCC","H",NA,NA,0.966086351861385,0.394760979258516,0.87694452176131,0.916150061931773,NA,NA,"future",0.0838499380682269,-0.916150061931773,0,215,"Q4"
"10290",10290,"SeattlePepperdine2-25",2026-02-25,"conf","Pepperdine","Seattle","WCC","WCC","H",NA,NA,0.346226240798316,0.605972048235407,0.87694452176131,0.822502708405666,NA,NA,"future",0.177497291594334,-0.822502708405666,0,114,"Q3"
"10291",10291,"Northern KentuckyCleveland St.2-25",2026-02-25,"conf","Cleveland St.","Northern Kentucky","Horz","Horz","H",NA,NA,0.281782786451229,0.406379079596688,0.87694452176131,0.91235726676444,NA,NA,"future",0.0876427332355595,-0.91235726676444,0,177,"Q4"
"10292",10292,"GeorgiaVanderbilt2-25",2026-02-25,"conf","Vanderbilt","Georgia","SEC","SEC","H",NA,NA,0.960919519146125,0.851354270638983,0.87694452176131,0.554420048271428,NA,NA,"future",0.445579951728572,-0.554420048271428,0,24,"Q1"
"10293",10293,"PittsburghStanford2-25",2026-02-25,"conf","Stanford","Pittsburgh","ACC","ACC","H",NA,NA,0.825268926203313,0.587700127965515,0.87694452176131,0.83332008576474,NA,NA,"future",0.16667991423526,-0.83332008576474,0,121,"Q3"
"10294",10294,"Holy CrossBoston University2-25",2026-02-25,"conf","Boston University","Holy Cross","Pat","Pat","H",NA,NA,0.285090150805246,0.118107022625567,0.87694452176131,0.981553972347959,NA,NA,"future",0.0184460276520411,-0.981553972347959,0,314,"Q4"
"10295",10295,"Utah St.San Diego St.2-25",2026-02-25,"conf","San Diego St.","Utah St.","MWC","MWC","H",NA,NA,0.88804009035819,0.849238029418344,0.87694452176131,0.558523317336614,NA,NA,"future",0.441476682663386,-0.558523317336614,0,25,"Q1"
"10296",10296,"Wright St.Purdue Fort Wayne2-25",2026-02-25,"conf","Purdue Fort Wayne","Wright St.","Horz","Horz","H",NA,NA,0.440919826703015,0.571577739895169,0.87694452176131,0.84231002581507,NA,NA,"future",0.15768997418493,-0.84231002581507,0,136,"Q3"
"10297",10297,"DrakeValparaiso2-25",2026-02-25,"conf","Valparaiso","Drake","MVC","MVC","H",NA,NA,0.617432819487282,0.380317101596354,0.87694452176131,0.920708383048696,NA,NA,"future",0.0792916169513039,-0.920708383048696,0,166,"Q4"
"10298",10298,"BellarmineNorth Alabama2-25",2026-02-25,"conf","North Alabama","Bellarmine","ASun","ASun","H",NA,NA,0.155996475577486,0.146521869965627,0.87694452176131,0.976476566376086,NA,NA,"future",0.0235234336239143,-0.976476566376086,0,291,"Q4"
"10299",10299,"LipscombWest Georgia2-25",2026-02-25,"conf","West Georgia","Lipscomb","ASun","ASun","H",NA,NA,0.213011210585839,0.400063738169319,0.87694452176131,0.914433271367804,NA,NA,"future",0.0855667286321963,-0.914433271367804,0,160,"Q3"
"10300",10300,"WoffordEast Tennessee St.2-25",2026-02-25,"conf","East Tennessee St.","Wofford","SC","SC","H",NA,NA,0.607991931766003,0.281320852120458,0.87694452176131,0.947931772553643,NA,NA,"future",0.0520682274463571,-0.947931772553643,0,225,"Q4"
"10301",10301,"St. John'sConnecticut2-25",2026-02-25,"conf","Connecticut","St. John's","BE","BE","H",NA,NA,0.972195245967499,0.894211859941309,0.87694452176131,0.457429346097337,NA,NA,"future",0.542570653902663,-0.457429346097337,0,23,"Q1"
"10302",10302,"EvansvilleBelmont2-25",2026-02-25,"conf","Belmont","Evansville","MVC","MVC","H",NA,NA,0.80633083929574,0.195465563513328,0.87694452176131,0.967031802152611,NA,NA,"future",0.0329681978473889,-0.967031802152611,0,284,"Q4"
"10303",10303,"Illinois St.Northern Iowa2-25",2026-02-25,"conf","Northern Iowa","Illinois St.","MVC","MVC","H",NA,NA,0.757436564872932,0.699786014575313,0.87694452176131,0.753530147840397,NA,NA,"future",0.246469852159603,-0.753530147840397,0,79,"Q3"
"10304",10304,"Nebraska OmahaSouth Dakota2-25",2026-02-25,"conf","South Dakota","Nebraska Omaha","Sum","Sum","H",NA,NA,0.342292200243587,0.245482919288472,0.87694452176131,0.956339074498325,NA,NA,"future",0.0436609255016746,-0.956339074498325,0,281,"Q4"
"10305",10305,"Youngstown St.Milwaukee2-25",2026-02-25,"conf","Milwaukee","Youngstown St.","Horz","Horz","H",NA,NA,0.384994055716157,0.38787784894262,0.87694452176131,0.918343480785251,NA,NA,"future",0.0816565192147493,-0.918343480785251,0,221,"Q4"
"10306",10306,"WisconsinOregon2-25",2026-02-25,"conf","Oregon","Wisconsin","B10","B10","H",NA,NA,0.81299290274961,0.846803951575671,0.87694452176131,0.563174984065404,NA,NA,"future",0.436825015934596,-0.563174984065404,0,36,"Q2"
"10307",10307,"MarylandNebraska2-25",2026-02-25,"conf","Nebraska","Maryland","B10","B10","H",NA,NA,0.960111303481749,0.573049543206266,0.87694452176131,0.841509712207793,NA,NA,"future",0.158490287792207,-0.841509712207793,0,152,"Q3"
"10308",10308,"Ohio St.Iowa2-25",2026-02-25,"conf","Iowa","Ohio St.","B10","B10","H",NA,NA,0.951016965997977,0.817900794713915,0.87694452176131,0.613398179056679,NA,NA,"future",0.386601820943321,-0.613398179056679,0,35,"Q2"
"10309",10309,"San DiegoOregon St.2-25",2026-02-25,"conf","Oregon St.","San Diego","WCC","WCC","H",NA,NA,0.48746862199899,0.386813607349022,0.87694452176131,0.918679146869904,NA,NA,"future",0.081320853130096,-0.918679146869904,0,208,"Q4"
"10310",10310,"SMUCalifornia2-25",2026-02-25,"conf","California","SMU","ACC","ACC","H",NA,NA,0.828977030903702,0.852332367434774,0.87694452176131,0.55250469969308,NA,NA,"future",0.44749530030692,-0.55250469969308,0,30,"Q1"
"10311",10311,"ButlerVillanova2-25",2026-02-25,"conf","Villanova","Butler","BE","BE","H",NA,NA,0.914034335117992,0.761292597156938,0.87694452176131,0.690835707123408,NA,NA,"future",0.309164292876592,-0.690835707123408,0,48,"Q2"
"10312",10312,"QueensEastern Kentucky2-25",2026-02-25,"conf","Eastern Kentucky","Queens","ASun","ASun","H",NA,NA,0.353630994291055,0.358618140773719,0.87694452176131,0.927248717001686,NA,NA,"future",0.0727512829983142,-0.927248717001686,0,183,"Q4"
"10313",10313,"LSUMississippi2-25",2026-02-25,"conf","Mississippi","LSU","SEC","SEC","H",NA,NA,0.782795445947566,0.778358211737825,0.87694452176131,0.669889229359921,NA,NA,"future",0.330110770640079,-0.669889229359921,0,50,"Q2"
"10314",10314,"NavyLoyola MD2-25",2026-02-25,"conf","Loyola MD","Navy","Pat","Pat","H",NA,NA,0.162152229273016,0.313792818654193,0.87694452176131,0.939701501811385,NA,NA,"future",0.0602984981886153,-0.939701501811385,0,193,"Q4"
"10315",10315,"Texas A&MArkansas2-25",2026-02-25,"conf","Arkansas","Texas A&M","SEC","SEC","H",NA,NA,0.944779447184236,0.85060177721884,0.87694452176131,0.555885454080178,NA,NA,"future",0.444114545919822,-0.555885454080178,0,41,"Q2"
"10316",10316,"Santa ClaraSaint Mary's2-25",2026-02-25,"conf","Saint Mary's","Santa Clara","WCC","WCC","H",NA,NA,0.908833684887652,0.832662968850565,0.87694452176131,0.588844197277155,NA,NA,"future",0.411155802722845,-0.588844197277155,0,44,"Q2"
"10317",10317,"Washington St.Loyola Marymount2-25",2026-02-25,"conf","Washington St.","Loyola Marymount","WCC","WCC","A",NA,NA,0.483069117975872,0.569167328627858,0.789142831518436,0.739103014549339,NA,NA,"future",0.260896985450661,-0.739103014549339,0,170,"Q3"
"10318",10318,"Kansas St.Colorado2-25",2026-02-25,"conf","Kansas St.","Colorado","B12","B12","A",NA,NA,0.660770736289095,0.772290823716488,0.789142831518436,0.524598733389019,NA,NA,"future",0.475401266610981,-0.524598733389019,0,78,"Q2"
"10319",10319,"Mississippi St.Alabama2-25",2026-02-25,"conf","Mississippi St.","Alabama","SEC","SEC","A",NA,NA,0.637216067206247,0.954434190116709,0.789142831518436,0.151588690123373,NA,NA,"future",0.848411309876627,-0.151588690123373,0,19,"Q1"
"10320",10320,"Rhode IslandSt. Bonaventure2-25",2026-02-25,"conf","Rhode Island","St. Bonaventure","A10","A10","A",NA,NA,0.501095551708488,0.588463345654528,0.789142831518436,0.723552025588615,NA,NA,"future",0.276447974411385,-0.723552025588615,0,144,"Q3"
"10321",10321,"Central ArkansasAustin Peay2-25",2026-02-25,"conf","Central Arkansas","Austin Peay","ASun","ASun","A",NA,NA,0.418552667589624,0.626176067152334,0.789142831518436,0.690812314834955,NA,NA,"future",0.309187685165045,-0.690812314834955,0,149,"Q3"
"10322",10322,"DavidsonDuquesne2-25",2026-02-25,"conf","Davidson","Duquesne","A10","A10","A",NA,NA,0.541996731296271,0.664548733997581,0.789142831518436,0.653879211488026,NA,NA,"future",0.346120788511974,-0.653879211488026,0,155,"Q3"
"10323",10323,"MercerWestern Carolina2-25",2026-02-25,"conf","Mercer","Western Carolina","SC","SC","A",NA,NA,0.497972452629038,0.307831220822344,0.789142831518436,0.89378923595296,NA,NA,"future",0.10621076404704,-0.89378923595296,0,289,"Q4"
"10324",10324,"BucknellArmy2-25",2026-02-25,"conf","Bucknell","Army","Pat","Pat","A",NA,NA,0.127187121287998,0.208126264319721,0.789142831518436,0.934381268827168,NA,NA,"future",0.0656187311728325,-0.934381268827168,0,320,"Q4"
"10325",10325,"Georgia SouthernJames Madison2-25",2026-02-25,"conf","Georgia Southern","James Madison","SB","SB","A",NA,NA,0.25951963690932,0.385748212158963,0.789142831518436,0.85631149644305,NA,NA,"future",0.14368850355695,-0.85631149644305,0,244,"Q4"
"10326",10326,"East CarolinaUTSA2-25",2026-02-25,"conf","East Carolina","UTSA","Amer","Amer","A",NA,NA,0.157608291479868,0.118500483117376,0.789142831518436,0.96532593406337,NA,NA,"future",0.0346740659366295,-0.96532593406337,0,349,"Q4"
"10327",10327,"South FloridaRice2-25",2026-02-25,"conf","South Florida","Rice","Amer","Amer","A",NA,NA,0.716094166023229,0.456337279232508,0.789142831518436,0.816807094698556,NA,NA,"future",0.183192905301444,-0.816807094698556,0,253,"Q4"
"10328",10328,"TempleFlorida Atlantic2-25",2026-02-25,"conf","Temple","Florida Atlantic","Amer","Amer","A",NA,NA,0.482165271889948,0.793840431015816,0.789142831518436,0.492884070110421,NA,NA,"future",0.507115929889579,-0.492884070110421,0,91,"Q2"
"10329",10329,"Detroit MercyRobert Morris2-25",2026-02-25,"conf","Detroit Mercy","Robert Morris","Horz","Horz","A",NA,NA,0.268076298487336,0.517536678288298,0.789142831518436,0.777229028620444,NA,NA,"future",0.222770971379556,-0.777229028620444,0,186,"Q3"
"10330",10330,"FloridaTexas2-25",2026-02-25,"conf","Florida","Texas","SEC","SEC","A",NA,NA,0.940366182041113,0.887271095950039,0.789142831518436,0.322261464403328,NA,NA,"future",0.677738535596672,-0.322261464403328,0,43,"Q1"
"10331",10331,"TulsaTulane2-25",2026-02-25,"conf","Tulsa","Tulane","Amer","Amer","A",NA,NA,0.756867007275388,0.499347286934666,0.789142831518436,0.789576940282949,NA,NA,"future",0.210423059717051,-0.789576940282949,0,202,"Q3"
"10332",10332,"Indiana St.Southern Illinois2-25",2026-02-25,"conf","Indiana St.","Southern Illinois","MVC","MVC","A",NA,NA,0.363662236714813,0.58926743721773,0.789142831518436,0.722887195145564,NA,NA,"future",0.277112804854436,-0.722887195145564,0,143,"Q3"
"10333",10333,"North TexasCharlotte2-25",2026-02-25,"conf","North Texas","Charlotte","Amer","Amer","A",NA,NA,0.455092616735083,0.567723178537992,0.789142831518436,0.740236588946491,NA,NA,"future",0.259763411053509,-0.740236588946491,0,173,"Q3"
"10334",10334,"George MasonSaint Joseph's2-25",2026-02-25,"conf","George Mason","Saint Joseph's","A10","A10","A",NA,NA,0.622989999921908,0.600718255311877,0.789142831518436,0.713267667429442,NA,NA,"future",0.286732332570558,-0.713267667429442,0,192,"Q3"
"10335",10335,"LafayetteColgate2-25",2026-02-25,"conf","Lafayette","Colgate","Pat","Pat","A",NA,NA,0.147463233359836,0.520482639527122,0.789142831518436,0.775179083646094,NA,NA,"future",0.224820916353906,-0.775179083646094,0,196,"Q3"
"10336",10336,"The CitadelFurman2-25",2026-02-25,"conf","The Citadel","Furman","SC","SC","A",NA,NA,0.0788521555269136,0.548536258475982,0.789142831518436,0.754916473669213,NA,NA,"future",0.245083526330787,-0.754916473669213,0,189,"Q3"
"10337",10337,"UNLVGrand Canyon2-25",2026-02-25,"conf","UNLV","Grand Canyon","MWC","MWC","A",NA,NA,0.560876007034628,0.843748589646882,0.789142831518436,0.409357541008259,NA,NA,"future",0.590642458991741,-0.409357541008259,0,86,"Q2"
"10338",10338,"DePaulCreighton2-25",2026-02-25,"conf","DePaul","Creighton","BE","BE","A",NA,NA,0.57837139577554,0.853766094479856,0.789142831518436,0.390625558612227,NA,NA,"future",0.609374441387773,-0.390625558612227,0,58,"Q1"
"10339",10339,"LehighAmerican2-25",2026-02-25,"conf","Lehigh","American","Pat","Pat","A",NA,NA,0.155993773443698,0.508095570002426,0.789142831518436,0.783703607940069,NA,NA,"future",0.216296392059931,-0.783703607940069,0,228,"Q3"
"10340",10340,"OaklandIU Indy2-25",2026-02-25,"conf","Oakland","IU Indy","Horz","Horz","A",NA,NA,0.482772141388938,0.293111925980727,0.789142831518436,0.900257068363485,NA,NA,"future",0.0997429316365148,-0.900257068363485,0,310,"Q4"
"10341",10341,"Louisiana MonroeSouth Alabama2-25",2026-02-25,"conf","Louisiana Monroe","South Alabama","SB","SB","A",NA,NA,0.0612505362259951,0.456678516291553,0.789142831518436,0.816601206226327,NA,NA,"future",0.183398793773673,-0.816601206226327,0,197,"Q3"
"10342",10342,"PortlandGonzaga2-25",2026-02-25,"conf","Portland","Gonzaga","WCC","WCC","A",NA,NA,0.394760979258516,0.966086351861385,0.789142831518436,0.116122856905454,NA,NA,"future",0.883877143094546,-0.116122856905454,0,4,"Q1"
"10343",10343,"SeattlePepperdine2-25",2026-02-25,"conf","Seattle","Pepperdine","WCC","WCC","A",NA,NA,0.605972048235407,0.346226240798316,0.789142831518436,0.876038094973127,NA,NA,"future",0.123961905026873,-0.876038094973127,0,267,"Q4"
"10344",10344,"Northern KentuckyCleveland St.2-25",2026-02-25,"conf","Northern Kentucky","Cleveland St.","Horz","Horz","A",NA,NA,0.406379079596688,0.281782786451229,0.789142831518436,0.905115473700407,NA,NA,"future",0.0948845262995927,-0.905115473700407,0,321,"Q4"
"10345",10345,"GeorgiaVanderbilt2-25",2026-02-25,"conf","Georgia","Vanderbilt","SEC","SEC","A",NA,NA,0.851354270638983,0.960919519146125,0.789142831518436,0.132101847871506,NA,NA,"future",0.867898152128494,-0.132101847871506,0,16,"Q1"
"10346",10346,"PittsburghStanford2-25",2026-02-25,"conf","Pittsburgh","Stanford","ACC","ACC","A",NA,NA,0.587700127965515,0.825268926203313,0.789142831518436,0.442087360782368,NA,NA,"future",0.557912639217632,-0.442087360782368,0,68,"Q1"
"10347",10347,"Holy CrossBoston University2-25",2026-02-25,"conf","Holy Cross","Boston University","Pat","Pat","A",NA,NA,0.118107022625567,0.285090150805246,0.789142831518436,0.903707677893,NA,NA,"future",0.0962923221069998,-0.903707677893,0,292,"Q4"
"10348",10348,"Utah St.San Diego St.2-25",2026-02-25,"conf","Utah St.","San Diego St.","MWC","MWC","A",NA,NA,0.849238029418344,0.88804009035819,0.789142831518436,0.320579556111625,NA,NA,"future",0.679420443888375,-0.320579556111625,0,52,"Q1"
"10349",10349,"Wright St.Purdue Fort Wayne2-25",2026-02-25,"conf","Wright St.","Purdue Fort Wayne","Horz","Horz","A",NA,NA,0.571577739895169,0.440919826703015,0.789142831518436,0.825950654976162,NA,NA,"future",0.174049345023838,-0.825950654976162,0,210,"Q3"
"10350",10350,"DrakeValparaiso2-25",2026-02-25,"conf","Drake","Valparaiso","MVC","MVC","A",NA,NA,0.380317101596354,0.617432819487282,0.789142831518436,0.69869691398021,NA,NA,"future",0.30130308601979,-0.69869691398021,0,171,"Q3"
"10351",10351,"BellarmineNorth Alabama2-25",2026-02-25,"conf","Bellarmine","North Alabama","ASun","ASun","A",NA,NA,0.146521869965627,0.155996475577486,0.789142831518436,0.952938253331221,NA,NA,"future",0.0470617466687792,-0.952938253331221,0,335,"Q4"
"10352",10352,"LipscombWest Georgia2-25",2026-02-25,"conf","Lipscomb","West Georgia","ASun","ASun","A",NA,NA,0.400063738169319,0.213011210585839,0.789142831518436,0.932556250535378,NA,NA,"future",0.0674437494646216,-0.932556250535378,0,322,"Q4"
"10353",10353,"WoffordEast Tennessee St.2-25",2026-02-25,"conf","Wofford","East Tennessee St.","SC","SC","A",NA,NA,0.281320852120458,0.607991931766003,0.789142831518436,0.707006029827842,NA,NA,"future",0.292993970172158,-0.707006029827842,0,129,"Q2"
"10354",10354,"St. John'sConnecticut2-25",2026-02-25,"conf","St. John's","Connecticut","BE","BE","A",NA,NA,0.894211859941309,0.972195245967499,0.789142831518436,0.0966876003580351,NA,NA,"future",0.903312399641965,-0.0966876003580351,0,8,"Q1"
"10355",10355,"EvansvilleBelmont2-25",2026-02-25,"conf","Evansville","Belmont","MVC","MVC","A",NA,NA,0.195465563513328,0.80633083929574,0.789142831518436,0.473381084368494,NA,NA,"future",0.526618915631506,-0.473381084368494,0,64,"Q1"
"10356",10356,"Illinois St.Northern Iowa2-25",2026-02-25,"conf","Illinois St.","Northern Iowa","MVC","MVC","A",NA,NA,0.699786014575313,0.757436564872932,0.789142831518436,0.545149141228804,NA,NA,"future",0.454850858771196,-0.545149141228804,0,102,"Q2"
"10357",10357,"Nebraska OmahaSouth Dakota2-25",2026-02-25,"conf","Nebraska Omaha","South Dakota","Sum","Sum","A",NA,NA,0.245482919288472,0.342292200243587,0.789142831518436,0.877918226219965,NA,NA,"future",0.122081773780035,-0.877918226219965,0,272,"Q4"
"10358",10358,"Youngstown St.Milwaukee2-25",2026-02-25,"conf","Youngstown St.","Milwaukee","Horz","Horz","A",NA,NA,0.38787784894262,0.384994055716157,0.789142831518436,0.856702814984429,NA,NA,"future",0.143297185015571,-0.856702814984429,0,233,"Q3"
"10359",10359,"WisconsinOregon2-25",2026-02-25,"conf","Wisconsin","Oregon","B10","B10","A",NA,NA,0.846803951575671,0.81299290274961,0.789142831518436,0.462617524270081,NA,NA,"future",0.537382475729919,-0.462617524270081,0,104,"Q2"
"10360",10360,"MarylandNebraska2-25",2026-02-25,"conf","Maryland","Nebraska","B10","B10","A",NA,NA,0.573049543206266,0.960111303481749,0.789142831518436,0.134564422606148,NA,NA,"future",0.865435577393852,-0.134564422606148,0,7,"Q1"
"10361",10361,"Ohio St.Iowa2-25",2026-02-25,"conf","Ohio St.","Iowa","B10","B10","A",NA,NA,0.817900794713915,0.951016965997977,0.789142831518436,0.161610786773865,NA,NA,"future",0.838389213226135,-0.161610786773865,0,21,"Q1"
"10362",10362,"San DiegoOregon St.2-25",2026-02-25,"conf","San Diego","Oregon St.","WCC","WCC","A",NA,NA,0.386813607349022,0.48746862199899,0.789142831518436,0.797364378973173,NA,NA,"future",0.202635621026827,-0.797364378973173,0,213,"Q3"
"10363",10363,"SMUCalifornia2-25",2026-02-25,"conf","SMU","California","ACC","ACC","A",NA,NA,0.852332367434774,0.828977030903702,0.789142831518436,0.435700951290163,NA,NA,"future",0.564299048709837,-0.435700951290163,0,60,"Q1"
"10364",10364,"ButlerVillanova2-25",2026-02-25,"conf","Butler","Villanova","BE","BE","A",NA,NA,0.761292597156938,0.914034335117992,0.789142831518436,0.260349308981246,NA,NA,"future",0.739650691018754,-0.260349308981246,0,33,"Q1"
"10365",10365,"QueensEastern Kentucky2-25",2026-02-25,"conf","Queens","Eastern Kentucky","ASun","ASun","A",NA,NA,0.358618140773719,0.353630994291055,0.789142831518436,0.872459573266937,NA,NA,"future",0.127540426733063,-0.872459573266937,0,262,"Q4"
"10366",10366,"LSUMississippi2-25",2026-02-25,"conf","LSU","Mississippi","SEC","SEC","A",NA,NA,0.778358211737825,0.782795445947566,0.789142831518436,0.509432503898883,NA,NA,"future",0.490567496101117,-0.509432503898883,0,87,"Q2"
"10367",10367,"NavyLoyola MD2-25",2026-02-25,"conf","Navy","Loyola MD","Pat","Pat","A",NA,NA,0.313792818654193,0.162152229273016,0.789142831518436,0.95083072908287,NA,NA,"future",0.0491692709171297,-0.95083072908287,0,340,"Q4"
"10368",10368,"Texas A&MArkansas2-25",2026-02-25,"conf","Texas A&M","Arkansas","SEC","SEC","A",NA,NA,0.85060177721884,0.944779447184236,0.789142831518436,0.17948361785422,NA,NA,"future",0.82051638214578,-0.17948361785422,0,20,"Q1"
"10369",10369,"Santa ClaraSaint Mary's2-25",2026-02-25,"conf","Santa Clara","Saint Mary's","WCC","WCC","A",NA,NA,0.832662968850565,0.908833684887652,0.789142831518436,0.272949274196153,NA,NA,"future",0.727050725803847,-0.272949274196153,0,28,"Q1"
"10370",10370,"New HampshireBinghamton2-26",2026-02-26,"conf","Binghamton","New Hampshire","AE","AE","H",NA,NA,0.0832959988038982,0.179474847733072,0.87694452176131,0.970220927546977,NA,NA,"future",0.0297790724530229,-0.970220927546977,0,323,"Q4"
"10371",10371,"Tennessee TechTennessee Martin2-26",2026-02-26,"conf","Tennessee Martin","Tennessee Tech","OVC","OVC","H",NA,NA,0.371890241689694,0.08709095231161,0.87694452176131,0.986790111553305,NA,NA,"future",0.0132098884466947,-0.986790111553305,0,331,"Q4"
"10372",10372,"Morehead St.Little Rock2-26",2026-02-26,"conf","Little Rock","Morehead St.","OVC","OVC","H",NA,NA,0.216987170533557,0.163264947729151,0.87694452176131,0.973349662894276,NA,NA,"future",0.0266503371057238,-0.973349662894276,0,286,"Q4"
"10373",10373,"Western IllinoisSIU Edwardsville2-26",2026-02-26,"conf","SIU Edwardsville","Western Illinois","OVC","OVC","H",NA,NA,0.352740157956621,0.0596043465683944,0.87694452176131,0.991184425486864,NA,NA,"future",0.0088155745131363,-0.991184425486864,0,356,"Q4"
"10374",10374,"Northern ArizonaIdaho2-26",2026-02-26,"conf","Idaho","Northern Arizona","BSky","BSky","H",NA,NA,0.590672129177698,0.144289047802944,0.87694452176131,0.976885797919125,NA,NA,"future",0.0231142020808752,-0.976885797919125,0,318,"Q4"
"10375",10375,"NortheasternWilliam & Mary2-26",2026-02-26,"conf","William & Mary","Northeastern","CAA","CAA","H",NA,NA,0.684495357208954,0.250737593781546,0.87694452176131,0.955147684195681,NA,NA,"future",0.0448523158043189,-0.955147684195681,0,249,"Q4"
"10376",10376,"VMISamford2-26",2026-02-26,"conf","Samford","VMI","SC","SC","H",NA,NA,0.283895640638759,0.081180331096308,0.87694452176131,0.987753891098385,NA,NA,"future",0.0122461089016148,-0.987753891098385,0,353,"Q4"
"10377",10377,"South Dakota St.UMKC2-26",2026-02-26,"conf","UMKC","South Dakota St.","Sum","Sum","H",NA,NA,0.148903257972366,0.37728213329656,0.87694452176131,0.921644883236383,NA,NA,"future",0.0783551167636174,-0.921644883236383,0,180,"Q4"
"10378",10378,"Missouri St.Louisiana Tech2-26",2026-02-26,"conf","Louisiana Tech","Missouri St.","CUSA","CUSA","H",NA,NA,0.333416655235645,0.459710378911034,0.87694452176131,0.893339623025375,NA,NA,"future",0.106660376974625,-0.893339623025375,0,191,"Q4"
"10379",10379,"Abilene ChristianUtah Tech2-26",2026-02-26,"conf","Utah Tech","Abilene Christian","WAC","WAC","H",NA,NA,0.479891400510013,0.25561463996283,0.87694452176131,0.954029569648245,NA,NA,"future",0.045970430351755,-0.954029569648245,0,241,"Q4"
"10380",10380,"Saint FrancisStonehill2-26",2026-02-26,"conf","Stonehill","Saint Francis","NEC","NEC","H",NA,NA,0.152535767937579,0.0661980827384546,0.87694452176131,0.990150353814344,NA,NA,"future",0.00984964618565609,-0.990150353814344,0,354,"Q4"
"10381",10381,"MercyhurstCentral Connecticut2-26",2026-02-26,"conf","Central Connecticut","Mercyhurst","NEC","NEC","H",NA,NA,0.302144565079282,0.197715059489074,0.87694452176131,0.966574696119011,NA,NA,"future",0.0334253038809886,-0.966574696119011,0,290,"Q4"
"10382",10382,"Jackson St.Prairie View A&M2-26",2026-02-26,"conf","Prairie View A&M","Jackson St.","SWAC","SWAC","H",NA,NA,0.284102058387528,0.118376704856031,0.87694452176131,0.981507081310067,NA,NA,"future",0.0184929186899327,-0.981507081310067,0,347,"Q4"
"10383",10383,"ElonTowson2-26",2026-02-26,"conf","Towson","Elon","CAA","CAA","H",NA,NA,0.507727245638924,0.417238728194965,0.87694452176131,0.908705250541613,NA,NA,"future",0.0912947494583871,-0.908705250541613,0,168,"Q4"
"10384",10384,"LibertyKennesaw St.2-26",2026-02-26,"conf","Kennesaw St.","Liberty","CUSA","CUSA","H",NA,NA,0.57740333990607,0.617063960398147,0.87694452176131,0.815583004897484,NA,NA,"future",0.184416995102516,-0.815583004897484,0,84,"Q3"
"10385",10385,"Northern ColoradoEastern Washington2-26",2026-02-26,"conf","Eastern Washington","Northern Colorado","BSky","BSky","H",NA,NA,0.461978641835474,0.441176952284647,0.87694452176131,0.900267043852585,NA,NA,"future",0.0997329561474151,-0.900267043852585,0,164,"Q4"
"10386",10386,"High PointPresbyterian2-26",2026-02-26,"conf","Presbyterian","High Point","BSth","BSth","H",NA,NA,0.33833969804482,0.620370956724355,0.87694452176131,0.813465209380118,NA,NA,"future",0.186534790619882,-0.813465209380118,0,90,"Q3"
"10387",10387,"New HavenWagner2-26",2026-02-26,"conf","Wagner","New Haven","NEC","NEC","H",NA,NA,0.231947573900047,0.109352159726003,0.87694452176131,0.983063190078944,NA,NA,"future",0.0169368099210561,-0.983063190078944,0,326,"Q4"
"10388",10388,"Cal St. BakersfieldUC San Diego2-26",2026-02-26,"conf","UC San Diego","Cal St. Bakersfield","BW","BW","H",NA,NA,0.734201130187246,0.159533932612316,0.87694452176131,0.974055493161456,NA,NA,"future",0.0259445068385435,-0.974055493161456,0,301,"Q4"
"10389",10389,"Florida Gulf CoastNorth Florida2-26",2026-02-26,"conf","North Florida","Florida Gulf Coast","ASun","ASun","H",NA,NA,0.222890542562906,0.308404183016962,0.87694452176131,0.941110565442255,NA,NA,"future",0.0588894345577446,-0.941110565442255,0,237,"Q4"
"10390",10390,"Eastern IllinoisLindenwood2-26",2026-02-26,"conf","Lindenwood","Eastern Illinois","OVC","OVC","H",NA,NA,0.442688901303207,0.152001874020281,0.87694452176131,0.975464530911887,NA,NA,"future",0.0245354690881132,-0.975464530911887,0,305,"Q4"
"10391",10391,"Chicago St.LIU2-26",2026-02-26,"conf","LIU","Chicago St.","NEC","NEC","H",NA,NA,0.478872202881425,0.0739186417080468,0.87694452176131,0.988923656012592,NA,NA,"future",0.011076343987408,-0.988923656012592,0,352,"Q4"
"10392",10392,"Florida A&MSouthern2-26",2026-02-26,"conf","Southern","Florida A&M","SWAC","SWAC","H",NA,NA,0.408192260035411,0.193160437433708,0.87694452176131,0.967498013170315,NA,NA,"future",0.0325019868296846,-0.967498013170315,0,307,"Q4"
"10393",10393,"UNC AshevilleGardner Webb2-26",2026-02-26,"conf","Gardner Webb","UNC Asheville","BSth","BSth","H",NA,NA,0.0575179811498203,0.274453641199316,0.87694452176131,0.949595279565646,NA,NA,"future",0.0504047204343535,-0.949595279565646,0,232,"Q4"
"10394",10394,"CharlestonHampton2-26",2026-02-26,"conf","Hampton","Charleston","CAA","CAA","H",NA,NA,0.35585106001734,0.363361259870032,0.87694452176131,0.92584938839268,NA,NA,"future",0.0741506116073203,-0.92584938839268,0,175,"Q4"
"10395",10395,"Alcorn St.Texas Southern2-26",2026-02-26,"conf","Texas Southern","Alcorn St.","SWAC","SWAC","H",NA,NA,0.218447040616154,0.0996439667646336,0.87694452176131,0.984707696986526,NA,NA,"future",0.0152923030134736,-0.984707696986526,0,351,"Q4"
"10396",10396,"Long Beach St.Cal Poly2-26",2026-02-26,"conf","Cal Poly","Long Beach St.","BW","BW","H",NA,NA,0.356782664805302,0.276270766068189,0.87694452176131,0.949157607123227,NA,NA,"future",0.0508423928767727,-0.949157607123227,0,240,"Q4"
"10397",10397,"StetsonJacksonville2-26",2026-02-26,"conf","Jacksonville","Stetson","ASun","ASun","H",NA,NA,0.269014167855688,0.131178587745499,0.87694452176131,0.979252959192397,NA,NA,"future",0.020747040807603,-0.979252959192397,0,327,"Q4"
"10398",10398,"North Dakota St.St. Thomas2-26",2026-02-26,"conf","St. Thomas","North Dakota St.","Sum","Sum","H",NA,NA,0.711266776860035,0.525202618458169,0.87694452176131,0.865636057338206,NA,NA,"future",0.134363942661794,-0.865636057338206,0,132,"Q3"
"10399",10399,"North Carolina A&TUNC Wilmington2-26",2026-02-26,"conf","UNC Wilmington","North Carolina A&T","CAA","CAA","H",NA,NA,0.611618585583143,0.167266946360123,0.87694452176131,0.97258668982768,NA,NA,"future",0.0274133101723195,-0.97258668982768,0,270,"Q4"
"10400",10400,"UT ArlingtonCal Baptist2-26",2026-02-26,"conf","Cal Baptist","UT Arlington","WAC","WAC","H",NA,NA,0.691435207905624,0.429835729480134,0.87694452176131,0.90433348387365,NA,NA,"future",0.0956665161263495,-0.90433348387365,0,123,"Q3"
"10401",10401,"Wichita St.Memphis2-26",2026-02-26,"conf","Memphis","Wichita St.","Amer","Amer","H",NA,NA,0.777847739912943,0.597783953153128,0.87694452176131,0.82743668853645,NA,NA,"future",0.17256331146355,-0.82743668853645,0,95,"Q3"
"10402",10402,"UMass LowellVermont2-26",2026-02-26,"conf","Vermont","UMass Lowell","AE","AE","H",NA,NA,0.446282341818913,0.165007692678497,0.87694452176131,0.973018164018987,NA,NA,"future",0.0269818359810133,-0.973018164018987,0,319,"Q4"
"10403",10403,"Fairleigh DickinsonLe Moyne2-26",2026-02-26,"conf","Le Moyne","Fairleigh Dickinson","NEC","NEC","H",NA,NA,0.367582572503491,0.105857899301199,0.87694452176131,0.983658574348393,NA,NA,"future",0.0163414256516066,-0.983658574348393,0,339,"Q4"
"10404",10404,"New Mexico St.Western Kentucky2-26",2026-02-26,"conf","Western Kentucky","New Mexico St.","CUSA","CUSA","H",NA,NA,0.539993818540962,0.516577137332239,0.87694452176131,0.869605543564459,NA,NA,"future",0.130394456435541,-0.869605543564459,0,140,"Q3"
"10405",10405,"Portland St.Montana St.2-26",2026-02-26,"conf","Montana St.","Portland St.","BSky","BSky","H",NA,NA,0.671913057281984,0.428876901216264,0.87694452176131,0.904671517158032,NA,NA,"future",0.0953284828419685,-0.904671517158032,0,137,"Q3"
"10406",10406,"MaineAlbany2-26",2026-02-26,"conf","Albany","Maine","AE","AE","H",NA,NA,0.305119018679747,0.0653376419463159,0.87694452176131,0.990285998285382,NA,NA,"future",0.00971400171461845,-0.990285998285382,0,343,"Q4"
"10407",10407,"WinthropCharleston Southern2-26",2026-02-26,"conf","Charleston Southern","Winthrop","BSth","BSth","H",NA,NA,0.455058138848351,0.429719171865507,0.87694452176131,0.904374623248957,NA,NA,"future",0.095625376751043,-0.904374623248957,0,130,"Q3"
"10408",10408,"Bethune CookmanGrambling St.2-26",2026-02-26,"conf","Grambling St.","Bethune Cookman","SWAC","SWAC","H",NA,NA,0.36719319961836,0.251758726760507,0.87694452176131,0.954914569002642,NA,NA,"future",0.0450854309973584,-0.954914569002642,0,268,"Q4"
"10409",10409,"UC RiversideUC Santa Barbara2-26",2026-02-26,"conf","UC Santa Barbara","UC Riverside","BW","BW","H",NA,NA,0.641009132198243,0.201552689174799,0.87694452176131,0.965789939307561,NA,NA,"future",0.0342100606924388,-0.965789939307561,0,283,"Q4"
"10410",10410,"Sacramento St.Montana2-26",2026-02-26,"conf","Montana","Sacramento St.","BSky","BSky","H",NA,NA,0.633343943366853,0.187290241962568,0.87694452176131,0.96867531291602,NA,NA,"future",0.0313246870839802,-0.96867531291602,0,279,"Q4"
"10411",10411,"Tarleton St.Utah Valley2-26",2026-02-26,"conf","Utah Valley","Tarleton St.","WAC","WAC","H",NA,NA,0.786139268528895,0.400519815714214,0.87694452176131,0.914284499452316,NA,NA,"future",0.0857155005476835,-0.914284499452316,0,185,"Q4"
"10412",10412,"DelawareJacksonville St.2-26",2026-02-26,"conf","Jacksonville St.","Delaware","CUSA","CUSA","H",NA,NA,0.444551537137328,0.176954731417496,0.87694452176131,0.970714096550497,NA,NA,"future",0.0292859034495031,-0.970714096550497,0,300,"Q4"
"10413",10413,"DenverOral Roberts2-26",2026-02-26,"conf","Oral Roberts","Denver","Sum","Sum","H",NA,NA,0.246336680636335,0.263838573314094,0.87694452176131,0.952116681640977,NA,NA,"future",0.0478833183590227,-0.952116681640977,0,251,"Q4"
"10414",10414,"FIUSam Houston St.2-26",2026-02-26,"conf","Sam Houston St.","FIU","CUSA","CUSA","H",NA,NA,0.710010982697554,0.408547275216062,0.87694452176131,0.911636516667524,NA,NA,"future",0.0883634833324762,-0.911636516667524,0,198,"Q4"
"10415",10415,"Florida A&MGrambling St.2-26",2026-02-26,"conf","Grambling St.","Florida A&M","SWAC","SWAC","H",NA,NA,0.36719319961836,0.193160437433708,0.87694452176131,0.967498013170315,NA,NA,"future",0.0325019868296846,-0.967498013170315,0,307,"Q4"
"10416",10416,"CampbellDrexel2-26",2026-02-26,"conf","Drexel","Campbell","CAA","CAA","H",NA,NA,0.506908140029048,0.327073956545687,0.87694452176131,0.936151100895773,NA,NA,"future",0.0638488991042273,-0.936151100895773,0,203,"Q4"
"10417",10417,"Stony BrookMonmouth2-26",2026-02-26,"conf","Monmouth","Stony Brook","CAA","CAA","H",NA,NA,0.470690741874601,0.309545341676412,0.87694452176131,0.940813650809901,NA,NA,"future",0.0591863491900992,-0.940813650809901,0,234,"Q4"
"10418",10418,"USC UpstateRadford2-26",2026-02-26,"conf","Radford","USC Upstate","BSth","BSth","H",NA,NA,0.361659659316487,0.171715590878374,0.87694452176131,0.97173133605275,NA,NA,"future",0.0282686639472497,-0.97173133605275,0,285,"Q4"
"10419",10419,"BryantUMBC2-26",2026-02-26,"conf","UMBC","Bryant","AE","AE","H",NA,NA,0.335726306960335,0.0698036017290083,0.87694452176131,0.989579639055569,NA,NA,"future",0.0104203609444309,-0.989579639055569,0,345,"Q4"
"10420",10420,"UNC GreensboroChattanooga2-26",2026-02-26,"conf","Chattanooga","UNC Greensboro","SC","SC","H",NA,NA,0.31417384513742,0.170845743130604,0.87694452176131,0.971899187342243,NA,NA,"future",0.0281008126577568,-0.971899187342243,0,295,"Q4"
"10421",10421,"UTEPMiddle Tennessee2-26",2026-02-26,"conf","Middle Tennessee","UTEP","CUSA","CUSA","H",NA,NA,0.754494348969183,0.217959569432829,0.87694452176131,0.962363042817825,NA,NA,"future",0.0376369571821751,-0.962363042817825,0,276,"Q4"
"10422",10422,"HawaiiUC Davis2-26",2026-02-26,"conf","UC Davis","Hawaii","BW","BW","H",NA,NA,0.569719928859357,0.653990887306024,0.87694452176131,0.790373812577229,NA,NA,"future",0.209626187422771,-0.790373812577229,0,97,"Q3"
"10423",10423,"UC IrvineCal St. Northridge2-26",2026-02-26,"conf","Cal St. Northridge","UC Irvine","BW","BW","H",NA,NA,0.543814122124777,0.570843061730183,0.87694452176131,0.842708029324452,NA,NA,"future",0.157291970675548,-0.842708029324452,0,128,"Q3"
"10424",10424,"Michigan St.Purdue2-26",2026-02-26,"conf","Purdue","Michigan St.","B10","B10","H",NA,NA,0.968858276411217,0.932129770868875,0.87694452176131,0.341623855432532,NA,NA,"future",0.658376144567468,-0.341623855432532,0,11,"Q1"
"10425",10425,"Tennessee St.Southeast Missouri St.2-26",2026-02-26,"conf","Southeast Missouri St.","Tennessee St.","OVC","OVC","H",NA,NA,0.342914782088887,0.211923958515258,0.87694452176131,0.963637441578405,NA,NA,"future",0.0363625584215946,-0.963637441578405,0,229,"Q4"
"10426",10426,"New HampshireBinghamton2-26",2026-02-26,"conf","New Hampshire","Binghamton","AE","AE","A",NA,NA,0.179474847733072,0.0832959988038982,0.789142831518436,0.976296658657706,NA,NA,"future",0.0237033413422945,-0.976296658657706,0,362,"Q4"
"10427",10427,"Tennessee TechTennessee Martin2-26",2026-02-26,"conf","Tennessee Tech","Tennessee Martin","OVC","OVC","A",NA,NA,0.08709095231161,0.371890241689694,0.789142831518436,0.863407239429369,NA,NA,"future",0.136592760570631,-0.863407239429369,0,187,"Q3"
"10428",10428,"Morehead St.Little Rock2-26",2026-02-26,"conf","Morehead St.","Little Rock","OVC","OVC","A",NA,NA,0.163264947729151,0.216987170533557,0.789142831518436,0.931059361043289,NA,NA,"future",0.0689406389567112,-0.931059361043289,0,302,"Q4"
"10429",10429,"Western IllinoisSIU Edwardsville2-26",2026-02-26,"conf","Western Illinois","SIU Edwardsville","OVC","OVC","A",NA,NA,0.0596043465683944,0.352740157956621,0.789142831518436,0.872892862348331,NA,NA,"future",0.127107137651669,-0.872892862348331,0,255,"Q4"
"10430",10430,"Northern ArizonaIdaho2-26",2026-02-26,"conf","Northern Arizona","Idaho","BSky","BSky","A",NA,NA,0.144289047802944,0.590672129177698,0.789142831518436,0.721722468107655,NA,NA,"future",0.278277531892345,-0.721722468107655,0,158,"Q3"
"10431",10431,"NortheasternWilliam & Mary2-26",2026-02-26,"conf","Northeastern","William & Mary","CAA","CAA","A",NA,NA,0.250737593781546,0.684495357208954,0.789142831518436,0.633034687260019,NA,NA,"future",0.366965312739981,-0.633034687260019,0,108,"Q2"
"10432",10432,"VMISamford2-26",2026-02-26,"conf","VMI","Samford","SC","SC","A",NA,NA,0.081180331096308,0.283895640638759,0.789142831518436,0.904217121017145,NA,NA,"future",0.0957828789828551,-0.904217121017145,0,269,"Q4"
"10433",10433,"South Dakota St.UMKC2-26",2026-02-26,"conf","South Dakota St.","UMKC","Sum","Sum","A",NA,NA,0.37728213329656,0.148903257972366,0.789142831518436,0.955340268216691,NA,NA,"future",0.0446597317833091,-0.955340268216691,0,346,"Q4"
"10434",10434,"Missouri St.Louisiana Tech2-26",2026-02-26,"conf","Missouri St.","Louisiana Tech","CUSA","CUSA","A",NA,NA,0.459710378911034,0.333416655235645,0.789142831518436,0.882107278744537,NA,NA,"future",0.117892721255463,-0.882107278744537,0,264,"Q4"
"10435",10435,"Abilene ChristianUtah Tech2-26",2026-02-26,"conf","Abilene Christian","Utah Tech","WAC","WAC","A",NA,NA,0.25561463996283,0.479891400510013,0.789142831518436,0.802222630355226,NA,NA,"future",0.197777369644774,-0.802222630355226,0,199,"Q3"
"10436",10436,"Saint FrancisStonehill2-26",2026-02-26,"conf","Saint Francis","Stonehill","NEC","NEC","A",NA,NA,0.0661980827384546,0.152535767937579,0.789142831518436,0.954113683718504,NA,NA,"future",0.0458863162814964,-0.954113683718504,0,337,"Q4"
"10437",10437,"MercyhurstCentral Connecticut2-26",2026-02-26,"conf","Mercyhurst","Central Connecticut","NEC","NEC","A",NA,NA,0.197715059489074,0.302144565079282,0.789142831518436,0.896309263138175,NA,NA,"future",0.103690736861825,-0.896309263138175,0,247,"Q4"
"10438",10438,"Jackson St.Prairie View A&M2-26",2026-02-26,"conf","Jackson St.","Prairie View A&M","SWAC","SWAC","A",NA,NA,0.118376704856031,0.284102058387528,0.789142831518436,0.904129167023034,NA,NA,"future",0.0958708329769656,-0.904129167023034,0,296,"Q4"
"10439",10439,"ElonTowson2-26",2026-02-26,"conf","Elon","Towson","CAA","CAA","A",NA,NA,0.417238728194965,0.507727245638924,0.789142831518436,0.783953308037154,NA,NA,"future",0.216046691962846,-0.783953308037154,0,162,"Q3"
"10440",10440,"LibertyKennesaw St.2-26",2026-02-26,"conf","Liberty","Kennesaw St.","CUSA","CUSA","A",NA,NA,0.617063960398147,0.57740333990607,0.789142831518436,0.732558726349593,NA,NA,"future",0.267441273650407,-0.732558726349593,0,159,"Q3"
"10441",10441,"Northern ColoradoEastern Washington2-26",2026-02-26,"conf","Northern Colorado","Eastern Washington","BSky","BSky","A",NA,NA,0.441176952284647,0.461978641835474,0.789142831518436,0.81338334131993,NA,NA,"future",0.18661665868007,-0.81338334131993,0,254,"Q4"
"10442",10442,"High PointPresbyterian2-26",2026-02-26,"conf","High Point","Presbyterian","BSth","BSth","A",NA,NA,0.620370956724355,0.33833969804482,0.789142831518436,0.879792664762907,NA,NA,"future",0.120207335237093,-0.879792664762907,0,258,"Q4"
"10443",10443,"New HavenWagner2-26",2026-02-26,"conf","New Haven","Wagner","NEC","NEC","A",NA,NA,0.109352159726003,0.231947573900047,0.789142831518436,0.925332829516718,NA,NA,"future",0.0746671704832819,-0.925332829516718,0,324,"Q4"
"10444",10444,"Cal St. BakersfieldUC San Diego2-26",2026-02-26,"conf","Cal St. Bakersfield","UC San Diego","BW","BW","A",NA,NA,0.159533932612316,0.734201130187246,0.789142831518436,0.575352440331897,NA,NA,"future",0.424647559668103,-0.575352440331897,0,98,"Q2"
"10445",10445,"Florida Gulf CoastNorth Florida2-26",2026-02-26,"conf","Florida Gulf Coast","North Florida","ASun","ASun","A",NA,NA,0.308404183016962,0.222890542562906,0.789142831518436,0.928817598328057,NA,NA,"future",0.0711824016719433,-0.928817598328057,0,341,"Q4"
"10446",10446,"Eastern IllinoisLindenwood2-26",2026-02-26,"conf","Eastern Illinois","Lindenwood","OVC","OVC","A",NA,NA,0.152001874020281,0.442688901303207,0.789142831518436,0.824917009807152,NA,NA,"future",0.175082990192848,-0.824917009807152,0,224,"Q3"
"10447",10447,"Chicago St.LIU2-26",2026-02-26,"conf","Chicago St.","LIU","NEC","NEC","A",NA,NA,0.0739186417080468,0.478872202881425,0.789142831518436,0.802869762385744,NA,NA,"future",0.197130237614256,-0.802869762385744,0,201,"Q3"
"10448",10448,"Florida A&MSouthern2-26",2026-02-26,"conf","Florida A&M","Southern","SWAC","SWAC","A",NA,NA,0.193160437433708,0.408192260035411,0.789142831518436,0.844383205258941,NA,NA,"future",0.155616794741059,-0.844383205258941,0,278,"Q4"
"10449",10449,"UNC AshevilleGardner Webb2-26",2026-02-26,"conf","UNC Asheville","Gardner Webb","BSth","BSth","A",NA,NA,0.274453641199316,0.0575179811498203,0.789142831518436,0.983955042501081,NA,NA,"future",0.016044957498919,-0.983955042501081,0,363,"Q4"
"10450",10450,"CharlestonHampton2-26",2026-02-26,"conf","Charleston","Hampton","CAA","CAA","A",NA,NA,0.363361259870032,0.35585106001734,0.789142831518436,0.871376437514081,NA,NA,"future",0.128623562485919,-0.871376437514081,0,238,"Q3"
"10451",10451,"Alcorn St.Texas Southern2-26",2026-02-26,"conf","Alcorn St.","Texas Southern","SWAC","SWAC","A",NA,NA,0.0996439667646336,0.218447040616154,0.789142831518436,0.930507135168519,NA,NA,"future",0.0694928648314806,-0.930507135168519,0,348,"Q4"
"10452",10452,"Long Beach St.Cal Poly2-26",2026-02-26,"conf","Long Beach St.","Cal Poly","BW","BW","A",NA,NA,0.276270766068189,0.356782664805302,0.789142831518436,0.870920500600285,NA,NA,"future",0.129079499399715,-0.870920500600285,0,257,"Q4"
"10453",10453,"StetsonJacksonville2-26",2026-02-26,"conf","Stetson","Jacksonville","ASun","ASun","A",NA,NA,0.131178587745499,0.269014167855688,0.789142831518436,0.910470750059058,NA,NA,"future",0.0895292499409418,-0.910470750059058,0,293,"Q4"
"10454",10454,"North Dakota St.St. Thomas2-26",2026-02-26,"conf","North Dakota St.","St. Thomas","Sum","Sum","A",NA,NA,0.525202618458169,0.711266776860035,0.789142831518436,0.603057697731894,NA,NA,"future",0.396942302268106,-0.603057697731894,0,116,"Q2"
"10455",10455,"North Carolina A&TUNC Wilmington2-26",2026-02-26,"conf","North Carolina A&T","UNC Wilmington","CAA","CAA","A",NA,NA,0.167266946360123,0.611618585583143,0.789142831518436,0.703838784355614,NA,NA,"future",0.296161215644386,-0.703838784355614,0,109,"Q2"
"10456",10456,"UT ArlingtonCal Baptist2-26",2026-02-26,"conf","UT Arlington","Cal Baptist","WAC","WAC","A",NA,NA,0.429835729480134,0.691435207905624,0.789142831518436,0.625492790676781,NA,NA,"future",0.374507209323219,-0.625492790676781,0,120,"Q2"
"10457",10457,"Wichita St.Memphis2-26",2026-02-26,"conf","Wichita St.","Memphis","Amer","Amer","A",NA,NA,0.597783953153128,0.777847739912943,0.789142831518436,0.516643488894951,NA,NA,"future",0.483356511105049,-0.516643488894951,0,112,"Q2"
"10458",10458,"UMass LowellVermont2-26",2026-02-26,"conf","UMass Lowell","Vermont","AE","AE","A",NA,NA,0.165007692678497,0.446282341818913,0.789142831518436,0.822805153276422,NA,NA,"future",0.177194846723578,-0.822805153276422,0,207,"Q3"
"10459",10459,"Fairleigh DickinsonLe Moyne2-26",2026-02-26,"conf","Fairleigh Dickinson","Le Moyne","NEC","NEC","A",NA,NA,0.105857899301199,0.367582572503491,0.789142831518436,0.865572723413798,NA,NA,"future",0.134427276586202,-0.865572723413798,0,263,"Q4"
"10460",10460,"New Mexico St.Western Kentucky2-26",2026-02-26,"conf","New Mexico St.","Western Kentucky","CUSA","CUSA","A",NA,NA,0.516577137332239,0.539993818540962,0.789142831518436,0.761232506402088,NA,NA,"future",0.238767493597912,-0.761232506402088,0,167,"Q3"
"10461",10461,"Portland St.Montana St.2-26",2026-02-26,"conf","Portland St.","Montana St.","BSky","BSky","A",NA,NA,0.428876901216264,0.671913057281984,0.789142831518436,0.64632316760184,NA,NA,"future",0.35367683239816,-0.64632316760184,0,134,"Q2"
"10462",10462,"MaineAlbany2-26",2026-02-26,"conf","Maine","Albany","AE","AE","A",NA,NA,0.0653376419463159,0.305119018679747,0.789142831518436,0.894994515735722,NA,NA,"future",0.105005484264278,-0.894994515735722,0,309,"Q4"
"10463",10463,"WinthropCharleston Southern2-26",2026-02-26,"conf","Winthrop","Charleston Southern","BSth","BSth","A",NA,NA,0.429719171865507,0.455058138848351,0.789142831518436,0.817577500727398,NA,NA,"future",0.182422499272602,-0.817577500727398,0,219,"Q3"
"10464",10464,"Bethune CookmanGrambling St.2-26",2026-02-26,"conf","Bethune Cookman","Grambling St.","SWAC","SWAC","A",NA,NA,0.251758726760507,0.36719319961836,0.789142831518436,0.865767541088024,NA,NA,"future",0.134232458911976,-0.865767541088024,0,266,"Q4"
"10465",10465,"UC RiversideUC Santa Barbara2-26",2026-02-26,"conf","UC Riverside","UC Santa Barbara","BW","BW","A",NA,NA,0.201552689174799,0.641009132198243,0.789142831518436,0.677000142650276,NA,NA,"future",0.322999857349724,-0.677000142650276,0,145,"Q3"
"10466",10466,"Sacramento St.Montana2-26",2026-02-26,"conf","Sacramento St.","Montana","BSky","BSky","A",NA,NA,0.187290241962568,0.633343943366853,0.789142831518436,0.68420773286188,NA,NA,"future",0.31579226713812,-0.68420773286188,0,163,"Q3"
"10467",10467,"Tarleton St.Utah Valley2-26",2026-02-26,"conf","Tarleton St.","Utah Valley","WAC","WAC","A",NA,NA,0.400519815714214,0.786139268528895,0.789142831518436,0.50448923133059,NA,NA,"future",0.49551076866941,-0.50448923133059,0,96,"Q2"
"10468",10468,"DelawareJacksonville St.2-26",2026-02-26,"conf","Delaware","Jacksonville St.","CUSA","CUSA","A",NA,NA,0.176954731417496,0.444551537137328,0.789142831518436,0.823824402356089,NA,NA,"future",0.176175597643911,-0.823824402356089,0,245,"Q4"
"10469",10469,"DenverOral Roberts2-26",2026-02-26,"conf","Denver","Oral Roberts","Sum","Sum","A",NA,NA,0.263838573314094,0.246336680636335,0.789142831518436,0.919680424700408,NA,NA,"future",0.080319575299592,-0.919680424700408,0,317,"Q4"
"10470",10470,"FIUSam Houston St.2-26",2026-02-26,"conf","FIU","Sam Houston St.","CUSA","CUSA","A",NA,NA,0.408547275216062,0.710010982697554,0.789142831518436,0.604518668369394,NA,NA,"future",0.395481331630606,-0.604518668369394,0,105,"Q2"
"10471",10471,"Florida A&MGrambling St.2-26",2026-02-26,"conf","Florida A&M","Grambling St.","SWAC","SWAC","A",NA,NA,0.193160437433708,0.36719319961836,0.789142831518436,0.865767541088024,NA,NA,"future",0.134232458911976,-0.865767541088024,0,266,"Q4"
"10472",10472,"CampbellDrexel2-26",2026-02-26,"conf","Campbell","Drexel","CAA","CAA","A",NA,NA,0.327073956545687,0.506908140029048,0.789142831518436,0.78450783990208,NA,NA,"future",0.21549216009792,-0.78450783990208,0,211,"Q3"
"10473",10473,"Stony BrookMonmouth2-26",2026-02-26,"conf","Stony Brook","Monmouth","CAA","CAA","A",NA,NA,0.309545341676412,0.470690741874601,0.789142831518436,0.808011054668748,NA,NA,"future",0.191988945331252,-0.808011054668748,0,204,"Q3"
"10474",10474,"USC UpstateRadford2-26",2026-02-26,"conf","USC Upstate","Radford","BSth","BSth","A",NA,NA,0.171715590878374,0.361659659316487,0.789142831518436,0.868519826317415,NA,NA,"future",0.131480173682585,-0.868519826317415,0,260,"Q4"
"10475",10475,"BryantUMBC2-26",2026-02-26,"conf","Bryant","UMBC","AE","AE","A",NA,NA,0.0698036017290083,0.335726306960335,0.789142831518436,0.881024132869604,NA,NA,"future",0.118975867130396,-0.881024132869604,0,274,"Q4"
"10476",10476,"UNC GreensboroChattanooga2-26",2026-02-26,"conf","UNC Greensboro","Chattanooga","SC","SC","A",NA,NA,0.170845743130604,0.31417384513742,0.789142831518436,0.890946330891946,NA,NA,"future",0.109053669108054,-0.890946330891946,0,280,"Q4"
"10477",10477,"UTEPMiddle Tennessee2-26",2026-02-26,"conf","UTEP","Middle Tennessee","CUSA","CUSA","A",NA,NA,0.217959569432829,0.754494348969183,0.789142831518436,0.54910087733936,NA,NA,"future",0.45089912266064,-0.54910087733936,0,111,"Q2"
"10478",10478,"HawaiiUC Davis2-26",2026-02-26,"conf","Hawaii","UC Davis","BW","BW","A",NA,NA,0.653990887306024,0.569719928859357,0.789142831518436,0.738668165713469,NA,NA,"future",0.261331834286531,-0.738668165713469,0,176,"Q3"
"10479",10479,"UC IrvineCal St. Northridge2-26",2026-02-26,"conf","UC Irvine","Cal St. Northridge","BW","BW","A",NA,NA,0.570843061730183,0.543814122124777,0.789142831518436,0.758424134649901,NA,NA,"future",0.241575865350099,-0.758424134649901,0,209,"Q3"
"10480",10480,"Michigan St.Purdue2-26",2026-02-26,"conf","Michigan St.","Purdue","B10","B10","A",NA,NA,0.932129770868875,0.968858276411217,0.789142831518436,0.107378422298164,NA,NA,"future",0.892621577701836,-0.107378422298164,0,5,"Q1"
"10481",10481,"Tennessee St.Southeast Missouri St.2-26",2026-02-26,"conf","Tennessee St.","Southeast Missouri St.","OVC","OVC","A",NA,NA,0.211923958515258,0.342914782088887,0.789142831518436,0.877621650282935,NA,NA,"future",0.122378349717065,-0.877621650282935,0,242,"Q4"
"10482",10482,"YaleCornell2-27",2026-02-27,"conf","Cornell","Yale","Ivy","Ivy","H",NA,NA,0.536163309604943,0.697398462944221,0.87694452176131,0.755630003204374,NA,NA,"future",0.244369996795626,-0.755630003204374,0,61,"Q2"
"10483",10483,"MerrimackCanisius2-27",2026-02-27,"conf","Canisius","Merrimack","MAAC","MAAC","H",NA,NA,0.168655818164591,0.339779292896384,0.87694452176131,0.932647440717921,NA,NA,"future",0.0673525592820787,-0.932647440717921,0,217,"Q4"
"10484",10484,"Coastal CarolinaJames Madison2-27",2026-02-27,"conf","James Madison","Coastal Carolina","SB","SB","H",NA,NA,0.385748212158963,0.252170326443001,0.87694452176131,0.954820456841901,NA,NA,"future",0.0451795431580991,-0.954820456841901,0,235,"Q4"
"10485",10485,"MichiganIllinois2-27",2026-02-27,"conf","Illinois","Michigan","B10","B10","H",NA,NA,0.970104643724092,0.976564220412699,0.87694452176131,0.146044441707653,NA,NA,"future",0.853955558292347,-0.146044441707653,0,1,"Q1"
"10486",10486,"BrownColumbia2-27",2026-02-27,"conf","Columbia","Brown","Ivy","Ivy","H",NA,NA,0.567588970085062,0.22903256495286,0.87694452176131,0.959982199400525,NA,NA,"future",0.0400178005994747,-0.959982199400525,0,275,"Q4"
"10487",10487,"QuinnipiacNiagara2-27",2026-02-27,"conf","Niagara","Quinnipiac","MAAC","MAAC","H",NA,NA,0.127205292330729,0.407246884569133,0.87694452176131,0.912069287849074,NA,NA,"future",0.0879307121509264,-0.912069287849074,0,184,"Q4"
"10488",10488,"DaytonGeorge Washington2-27",2026-02-27,"conf","George Washington","Dayton","A10","A10","H",NA,NA,0.805846857394486,0.686412835074481,0.87694452176131,0.765020894183328,NA,NA,"future",0.234979105816672,-0.765020894183328,0,80,"Q3"
"10489",10489,"LouisianaArkansas St.2-27",2026-02-27,"conf","Arkansas St.","Louisiana","SB","SB","H",NA,NA,0.643792601240604,0.137657594317457,0.87694452176131,0.978090705272969,NA,NA,"future",0.021909294727031,-0.978090705272969,0,334,"Q4"
"10490",10490,"DartmouthPenn2-27",2026-02-27,"conf","Penn","Dartmouth","Ivy","Ivy","H",NA,NA,0.554637837343646,0.313883565357004,0.87694452176131,0.939677619552002,NA,NA,"future",0.060322380447998,-0.939677619552002,0,222,"Q4"
"10491",10491,"Mount St. Mary'sSacred Heart2-27",2026-02-27,"conf","Sacred Heart","Mount St. Mary's","MAAC","MAAC","H",NA,NA,0.302151169708424,0.171353269912124,0.87694452176131,0.97180128755884,NA,NA,"future",0.0281987124411597,-0.97180128755884,0,304,"Q4"
"10492",10492,"SienaFairfield2-27",2026-02-27,"conf","Fairfield","Siena","MAAC","MAAC","H",NA,NA,0.35586849615359,0.390387146522654,0.87694452176131,0.917548378669134,NA,NA,"future",0.0824516213308657,-0.917548378669134,0,172,"Q4"
"10493",10493,"ManhattanSaint Peter's2-27",2026-02-27,"conf","Saint Peter's","Manhattan","MAAC","MAAC","H",NA,NA,0.464125461254959,0.115503480599443,0.87694452176131,0.982005422167543,NA,NA,"future",0.0179945778324567,-0.982005422167543,0,330,"Q4"
"10494",10494,"RiderIona2-27",2026-02-27,"conf","Iona","Rider","MAAC","MAAC","H",NA,NA,0.437173937533644,0.0692807104895986,0.87694452176131,0.989662640329338,NA,NA,"future",0.010337359670662,-0.989662640329338,0,357,"Q4"
"10495",10495,"HarvardPrinceton2-27",2026-02-27,"conf","Princeton","Harvard","Ivy","Ivy","H",NA,NA,0.452029450467109,0.3540000459956,0.87694452176131,0.928595399712616,NA,NA,"future",0.0714046002873839,-0.928595399712616,0,182,"Q4"
"10496",10496,"Southern MissSouth Alabama2-27",2026-02-27,"conf","South Alabama","Southern Miss","SB","SB","H",NA,NA,0.456678516291553,0.288887976904287,0.87694452176131,0.946068457441536,NA,NA,"future",0.0539315425584639,-0.946068457441536,0,236,"Q4"
"10497",10497,"Georgia SouthernMarshall2-27",2026-02-27,"conf","Marshall","Georgia Southern","SB","SB","H",NA,NA,0.564591704093553,0.25951963690932,0.87694452176131,0.953125607727472,NA,NA,"future",0.0468743922725275,-0.953125607727472,0,243,"Q4"
"10498",10498,"Louisiana MonroeTroy2-27",2026-02-27,"conf","Troy","Louisiana Monroe","SB","SB","H",NA,NA,0.719734730060241,0.0612505362259951,0.87694452176131,0.990927418635129,NA,NA,"future",0.0090725813648711,-0.990927418635129,0,359,"Q4"
"10499",10499,"Old DominionGeorgia St.2-27",2026-02-27,"conf","Georgia St.","Old Dominion","SB","SB","H",NA,NA,0.332443152619094,0.270343466440864,0.87694452176131,0.950578683851748,NA,NA,"future",0.0494213161482524,-0.950578683851748,0,250,"Q4"
"10500",10500,"Appalachian St.Texas St.2-27",2026-02-27,"conf","Texas St.","Appalachian St.","SB","SB","H",NA,NA,0.382567816926111,0.322413113123934,0.87694452176131,0.937409842186305,NA,NA,"future",0.0625901578136946,-0.937409842186305,0,212,"Q4"
"10501",10501,"YaleCornell2-27",2026-02-27,"conf","Yale","Cornell","Ivy","Ivy","A",NA,NA,0.697398462944221,0.536163309604943,0.789142831518436,0.764022375784147,NA,NA,"future",0.235977624215853,-0.764022375784147,0,188,"Q3"
"10502",10502,"MerrimackCanisius2-27",2026-02-27,"conf","Merrimack","Canisius","MAAC","MAAC","A",NA,NA,0.339779292896384,0.168655818164591,0.789142831518436,0.948580548987064,NA,NA,"future",0.051419451012936,-0.948580548987064,0,342,"Q4"
"10503",10503,"Coastal CarolinaJames Madison2-27",2026-02-27,"conf","Coastal Carolina","James Madison","SB","SB","A",NA,NA,0.252170326443001,0.385748212158963,0.789142831518436,0.85631149644305,NA,NA,"future",0.14368850355695,-0.85631149644305,0,244,"Q4"
"10504",10504,"MichiganIllinois2-27",2026-02-27,"conf","Michigan","Illinois","B10","B10","A",NA,NA,0.976564220412699,0.970104643724092,0.789142831518436,0.103406530476857,NA,NA,"future",0.896593469523143,-0.103406530476857,0,9,"Q1"
"10505",10505,"BrownColumbia2-27",2026-02-27,"conf","Brown","Columbia","Ivy","Ivy","A",NA,NA,0.22903256495286,0.567588970085062,0.789142831518436,0.740341726214311,NA,NA,"future",0.259658273785689,-0.740341726214311,0,151,"Q3"
"10506",10506,"QuinnipiacNiagara2-27",2026-02-27,"conf","Quinnipiac","Niagara","MAAC","MAAC","A",NA,NA,0.407246884569133,0.127205292330729,0.789142831518436,0.962517008599123,NA,NA,"future",0.0374829914008765,-0.962517008599123,0,355,"Q4"
"10507",10507,"DaytonGeorge Washington2-27",2026-02-27,"conf","Dayton","George Washington","A10","A10","A",NA,NA,0.686412835074481,0.805846857394486,0.789142831518436,0.474153029460988,NA,NA,"future",0.525846970539012,-0.474153029460988,0,75,"Q1"
"10508",10508,"LouisianaArkansas St.2-27",2026-02-27,"conf","Louisiana","Arkansas St.","SB","SB","A",NA,NA,0.137657594317457,0.643792601240604,0.789142831518436,0.674344903439392,NA,NA,"future",0.325655096560608,-0.674344903439392,0,141,"Q3"
"10509",10509,"DartmouthPenn2-27",2026-02-27,"conf","Dartmouth","Penn","Ivy","Ivy","A",NA,NA,0.313883565357004,0.554637837343646,0.789142831518436,0.750323581088423,NA,NA,"future",0.249676418911577,-0.750323581088423,0,178,"Q3"
"10510",10510,"Mount St. Mary'sSacred Heart2-27",2026-02-27,"conf","Mount St. Mary's","Sacred Heart","MAAC","MAAC","A",NA,NA,0.171353269912124,0.302151169708424,0.789142831518436,0.896306351960381,NA,NA,"future",0.103693648039619,-0.896306351960381,0,287,"Q4"
"10511",10511,"SienaFairfield2-27",2026-02-27,"conf","Siena","Fairfield","MAAC","MAAC","A",NA,NA,0.390387146522654,0.35586849615359,0.789142831518436,0.871367911823899,NA,NA,"future",0.128632088176101,-0.871367911823899,0,248,"Q4"
"10512",10512,"ManhattanSaint Peter's2-27",2026-02-27,"conf","Manhattan","Saint Peter's","MAAC","MAAC","A",NA,NA,0.115503480599443,0.464125461254959,0.789142831518436,0.812069164133623,NA,NA,"future",0.187930835866377,-0.812069164133623,0,223,"Q3"
"10513",10513,"RiderIona2-27",2026-02-27,"conf","Rider","Iona","MAAC","MAAC","A",NA,NA,0.0692807104895986,0.437173937533644,0.789142831518436,0.828126310189698,NA,NA,"future",0.171873689810302,-0.828126310189698,0,218,"Q3"
"10514",10514,"HarvardPrinceton2-27",2026-02-27,"conf","Harvard","Princeton","Ivy","Ivy","A",NA,NA,0.3540000459956,0.452029450467109,0.789142831518436,0.819393021194762,NA,NA,"future",0.180606978805238,-0.819393021194762,0,239,"Q3"
"10515",10515,"Southern MissSouth Alabama2-27",2026-02-27,"conf","Southern Miss","South Alabama","SB","SB","A",NA,NA,0.288887976904287,0.456678516291553,0.789142831518436,0.816601206226327,NA,NA,"future",0.183398793773673,-0.816601206226327,0,197,"Q3"
"10516",10516,"Georgia SouthernMarshall2-27",2026-02-27,"conf","Georgia Southern","Marshall","SB","SB","A",NA,NA,0.25951963690932,0.564591704093553,0.789142831518436,0.74268055731084,NA,NA,"future",0.25731944268916,-0.74268055731084,0,138,"Q3"
"10517",10517,"Louisiana MonroeTroy2-27",2026-02-27,"conf","Louisiana Monroe","Troy","SB","SB","A",NA,NA,0.0612505362259951,0.719734730060241,0.789142831518436,0.593057675690047,NA,NA,"future",0.406942324309953,-0.593057675690047,0,103,"Q2"
"10518",10518,"Old DominionGeorgia St.2-27",2026-02-27,"conf","Old Dominion","Georgia St.","SB","SB","A",NA,NA,0.270343466440864,0.332443152619094,0.789142831518436,0.88256236526728,NA,NA,"future",0.11743763473272,-0.88256236526728,0,261,"Q4"
"10519",10519,"Appalachian St.Texas St.2-27",2026-02-27,"conf","Appalachian St.","Texas St.","SB","SB","A",NA,NA,0.322413113123934,0.382567816926111,0.789142831518436,0.857957670648498,NA,NA,"future",0.142042329351502,-0.857957670648498,0,265,"Q4"
"10520",10520,"Wright St.Northern Kentucky2-28",2026-02-28,"conf","Northern Kentucky","Wright St.","Horz","Horz","H",NA,NA,0.56588651357836,0.571577739895169,0.87694452176131,0.84231002581507,NA,NA,"future",0.15768997418493,-0.84231002581507,0,136,"Q3"
"10521",10521,"ValparaisoEvansville2-28",2026-02-28,"conf","Evansville","Valparaiso","MVC","MVC","H",NA,NA,0.316297971986588,0.458749949196083,0.87694452176131,0.893707567155318,NA,NA,"future",0.106292432844682,-0.893707567155318,0,171,"Q4"
"10522",10522,"MaineBinghamton2-28",2026-02-28,"conf","Binghamton","Maine","AE","AE","H",NA,NA,0.0832959988038982,0.0653376419463159,0.87694452176131,0.990285998285382,NA,NA,"future",0.00971400171461845,-0.990285998285382,0,343,"Q4"
"10523",10523,"SMUStanford2-28",2026-02-28,"conf","Stanford","SMU","ACC","ACC","H",NA,NA,0.825268926203313,0.852332367434774,0.87694452176131,0.55250469969308,NA,NA,"future",0.44749530030692,-0.55250469969308,0,30,"Q1"
"10524",10524,"Southeastern LouisianaNicholls St.2-28",2026-02-28,"conf","Nicholls St.","Southeastern Louisiana","Slnd","Slnd","H",NA,NA,0.447990911854504,0.210763265088124,0.87694452176131,0.963880666391084,NA,NA,"future",0.0361193336089162,-0.963880666391084,0,288,"Q4"
"10525",10525,"UtahArizona St.2-28",2026-02-28,"conf","Arizona St.","Utah","B12","B12","H",NA,NA,0.764484530115745,0.594076360174539,0.87694452176131,0.82962411412064,NA,NA,"future",0.17037588587936,-0.82962411412064,0,117,"Q3"
"10526",10526,"TCUKansas St.2-28",2026-02-28,"conf","Kansas St.","TCU","B12","B12","H",NA,NA,0.787642451679584,0.771350152968443,0.87694452176131,0.678711743570353,NA,NA,"future",0.321288256429647,-0.678711743570353,0,46,"Q2"
"10527",10527,"Youngstown St.Green Bay2-28",2026-02-28,"conf","Green Bay","Youngstown St.","Horz","Horz","H",NA,NA,0.503482144436143,0.38787784894262,0.87694452176131,0.918343480785251,NA,NA,"future",0.0816565192147493,-0.918343480785251,0,221,"Q4"
"10528",10528,"Gardner WebbUSC Upstate2-28",2026-02-28,"conf","USC Upstate","Gardner Webb","BSth","BSth","H",NA,NA,0.283031250289585,0.031054600359691,0.87694452176131,0.995522798064527,NA,NA,"future",0.00447720193547285,-0.995522798064527,0,363,"Q4"
"10529",10529,"LamarIncarnate Word2-28",2026-02-28,"conf","Incarnate Word","Lamar","Slnd","Slnd","H",NA,NA,0.403222433818588,0.29006579149575,0.87694452176131,0.945775529853966,NA,NA,"future",0.0542244701460342,-0.945775529853966,0,220,"Q4"
"10530",10530,"Utah TechSouthern Utah2-28",2026-02-28,"conf","Southern Utah","Utah Tech","WAC","WAC","H",NA,NA,0.331760954622987,0.326398450988887,0.87694452176131,0.936334401660849,NA,NA,"future",0.0636655983391512,-0.936334401660849,0,199,"Q4"
"10531",10531,"NebraskaUSC2-28",2026-02-28,"conf","USC","Nebraska","B10","B10","H",NA,NA,0.850928400566256,0.926689461842875,0.87694452176131,0.360520506421061,NA,NA,"future",0.639479493578939,-0.360520506421061,0,7,"Q1"
"10532",10532,"Southern IndianaLittle Rock2-28",2026-02-28,"conf","Little Rock","Southern Indiana","OVC","OVC","H",NA,NA,0.216987170533557,0.0957595304080808,0.87694452176131,0.985357317458812,NA,NA,"future",0.0146426825411878,-0.985357317458812,0,338,"Q4"
"10533",10533,"HowardMorgan St.2-28",2026-02-28,"conf","Morgan St.","Howard","MEAC","MEAC","H",NA,NA,0.0769875851717531,0.233389525482971,0.87694452176131,0.95902984853669,NA,NA,"future",0.0409701514633097,-0.95902984853669,0,252,"Q4"
"10534",10534,"GonzagaSaint Mary's2-28",2026-02-28,"conf","Saint Mary's","Gonzaga","WCC","WCC","H",NA,NA,0.908833684887652,0.937344159237918,0.87694452176131,0.32265760727251,NA,NA,"future",0.67734239272749,-0.32265760727251,0,4,"Q1"
"10535",10535,"FurmanWestern Carolina2-28",2026-02-28,"conf","Western Carolina","Furman","SC","SC","H",NA,NA,0.307831220822344,0.389531071962605,0.87694452176131,0.917820216149874,NA,NA,"future",0.0821797838501265,-0.917820216149874,0,189,"Q4"
"10536",10536,"RichmondLoyola Chicago2-28",2026-02-28,"conf","Loyola Chicago","Richmond","A10","A10","H",NA,NA,0.28923647413666,0.505311078308384,0.87694452176131,0.874633481206489,NA,NA,"future",0.125366518793511,-0.874633481206489,0,126,"Q3"
"10537",10537,"KansasArizona2-28",2026-02-28,"conf","Arizona","Kansas","B12","B12","H",NA,NA,0.977752465301565,0.923435166348524,0.87694452176131,0.371414287559022,NA,NA,"future",0.628585712440978,-0.371414287559022,0,18,"Q1"
"10538",10538,"North AlabamaWest Georgia2-28",2026-02-28,"conf","West Georgia","North Alabama","ASun","ASun","H",NA,NA,0.213011210585839,0.0884777145660335,0.87694452176131,0.986562452243666,NA,NA,"future",0.013437547756334,-0.986562452243666,0,335,"Q4"
"10539",10539,"WisconsinWashington2-28",2026-02-28,"conf","Washington","Wisconsin","B10","B10","H",NA,NA,0.850500833069505,0.846803951575671,0.87694452176131,0.563174984065404,NA,NA,"future",0.436825015934596,-0.563174984065404,0,36,"Q2"
"10540",10540,"Colorado St.San Jose St.2-28",2026-02-28,"conf","San Jose St.","Colorado St.","MWC","MWC","H",NA,NA,0.426462166380668,0.62699617671433,0.87694452176131,0.809143842490246,NA,NA,"future",0.190856157509754,-0.809143842490246,0,92,"Q3"
"10541",10541,"NevadaUNLV2-28",2026-02-28,"conf","UNLV","Nevada","MWC","MWC","H",NA,NA,0.708634239033289,0.739452783455418,0.87694452176131,0.715181068389696,NA,NA,"future",0.284818931610304,-0.715181068389696,0,65,"Q2"
"10542",10542,"William & MaryNorth Carolina A&T2-28",2026-02-28,"conf","North Carolina A&T","William & Mary","CAA","CAA","H",NA,NA,0.276662006999724,0.532570409595156,0.87694452176131,0.862159378953457,NA,NA,"future",0.137840621046543,-0.862159378953457,0,108,"Q3"
"10543",10543,"SeattleLoyola Marymount2-28",2026-02-28,"conf","Loyola Marymount","Seattle","WCC","WCC","H",NA,NA,0.569167328627858,0.605972048235407,0.87694452176131,0.822502708405666,NA,NA,"future",0.177497291594334,-0.822502708405666,0,114,"Q3"
"10544",10544,"VMIChattanooga2-28",2026-02-28,"conf","Chattanooga","VMI","SC","SC","H",NA,NA,0.31417384513742,0.081180331096308,0.87694452176131,0.987753891098385,NA,NA,"future",0.0122461089016148,-0.987753891098385,0,353,"Q4"
"10545",10545,"FIULouisiana Tech2-28",2026-02-28,"conf","Louisiana Tech","FIU","CUSA","CUSA","H",NA,NA,0.333416655235645,0.408547275216062,0.87694452176131,0.911636516667524,NA,NA,"future",0.0883634833324762,-0.911636516667524,0,198,"Q4"
"10546",10546,"BucknellLehigh2-28",2026-02-28,"conf","Lehigh","Bucknell","Pat","Pat","H",NA,NA,0.26032083125622,0.127187121287998,0.87694452176131,0.979961742807954,NA,NA,"future",0.0200382571920457,-0.979961742807954,0,333,"Q4"
"10547",10547,"Washington St.Pepperdine2-28",2026-02-28,"conf","Pepperdine","Washington St.","WCC","WCC","H",NA,NA,0.346226240798316,0.483069117975872,0.87694452176131,0.884070838462682,NA,NA,"future",0.115929161537318,-0.884070838462682,0,156,"Q3"
"10548",10548,"BYUWest Virginia2-28",2026-02-28,"conf","West Virginia","BYU","B12","B12","H",NA,NA,0.87123425331909,0.897211603893705,0.87694452176131,0.44947037290437,NA,NA,"future",0.550529627095631,-0.44947037290437,0,12,"Q1"
"10549",10549,"UC Santa BarbaraUC Irvine2-28",2026-02-28,"conf","UC Irvine","UC Santa Barbara","BW","BW","H",NA,NA,0.71694009377673,0.483931703427263,0.87694452176131,0.883716358848983,NA,NA,"future",0.116283641151017,-0.883716358848983,0,145,"Q3"
"10550",10550,"GeorgetownXavier2-28",2026-02-28,"conf","Xavier","Georgetown","BE","BE","H",NA,NA,0.780139218822579,0.594254951891872,0.87694452176131,0.829519401147896,NA,NA,"future",0.170480598852104,-0.829519401147896,0,118,"Q3"
"10551",10551,"DuquesneSaint Louis2-28",2026-02-28,"conf","Saint Louis","Duquesne","A10","A10","H",NA,NA,0.934398970437872,0.509896069293123,0.87694452176131,0.872608167411856,NA,NA,"future",0.127391832588144,-0.872608167411856,0,155,"Q3"
"10552",10552,"MercyhurstStonehill2-28",2026-02-28,"conf","Stonehill","Mercyhurst","NEC","NEC","H",NA,NA,0.152535767937579,0.197715059489074,0.87694452176131,0.966574696119011,NA,NA,"future",0.0334253038809886,-0.966574696119011,0,290,"Q4"
"10553",10553,"Norfolk St.Coppin St.2-28",2026-02-28,"conf","Coppin St.","Norfolk St.","MEAC","MEAC","H",NA,NA,0.0483363016192594,0.12516166540671,0.87694452176131,0.980319327860556,NA,NA,"future",0.019680672139444,-0.980319327860556,0,303,"Q4"
"10554",10554,"BrownCornell2-28",2026-02-28,"conf","Cornell","Brown","Ivy","Ivy","H",NA,NA,0.536163309604943,0.22903256495286,0.87694452176131,0.959982199400525,NA,NA,"future",0.0400178005994747,-0.959982199400525,0,275,"Q4"
"10555",10555,"Jackson St.Texas Southern2-28",2026-02-28,"conf","Texas Southern","Jackson St.","SWAC","SWAC","H",NA,NA,0.218447040616154,0.118376704856031,0.87694452176131,0.981507081310067,NA,NA,"future",0.0184929186899327,-0.981507081310067,0,347,"Q4"
"10556",10556,"Missouri St.Sam Houston St.2-28",2026-02-28,"conf","Sam Houston St.","Missouri St.","CUSA","CUSA","H",NA,NA,0.710010982697554,0.459710378911034,0.87694452176131,0.893339623025375,NA,NA,"future",0.106660376974625,-0.893339623025375,0,191,"Q4"
"10557",10557,"Sacramento St.Montana St.2-28",2026-02-28,"conf","Montana St.","Sacramento St.","BSky","BSky","H",NA,NA,0.671913057281984,0.187290241962568,0.87694452176131,0.96867531291602,NA,NA,"future",0.0313246870839802,-0.96867531291602,0,279,"Q4"
"10558",10558,"UNC GreensboroSamford2-28",2026-02-28,"conf","Samford","UNC Greensboro","SC","SC","H",NA,NA,0.283895640638759,0.170845743130604,0.87694452176131,0.971899187342243,NA,NA,"future",0.0281008126577568,-0.971899187342243,0,295,"Q4"
"10559",10559,"North Carolina CentralDelaware St.2-28",2026-02-28,"conf","Delaware St.","North Carolina Central","MEAC","MEAC","H",NA,NA,0.090666985933371,0.082756424692227,0.87694452176131,0.987497925961696,NA,NA,"future",0.0125020740383036,-0.987497925961696,0,344,"Q4"
"10560",10560,"N.C. StateNotre Dame2-28",2026-02-28,"conf","Notre Dame","N.C. State","ACC","ACC","H",NA,NA,0.775906977662226,0.872129903528318,0.87694452176131,0.510969471437763,NA,NA,"future",0.489030528562237,-0.510969471437763,0,29,"Q1"
"10561",10561,"Saint Joseph'sRhode Island2-28",2026-02-28,"conf","Rhode Island","Saint Joseph's","A10","A10","H",NA,NA,0.656655293009964,0.441375051805727,0.87694452176131,0.90019487903602,NA,NA,"future",0.0998051209639798,-0.90019487903602,0,192,"Q4"
"10562",10562,"AkronKent St.2-28",2026-02-28,"conf","Kent St.","Akron","MAC","MAC","H",NA,NA,0.638568943065511,0.745581397618812,0.87694452176131,0.708606354394313,NA,NA,"future",0.291393645605687,-0.708606354394313,0,54,"Q2"
"10563",10563,"VirginiaDuke2-28",2026-02-28,"conf","Duke","Virginia","ACC","ACC","H",NA,NA,0.967169328775528,0.941543118572919,0.87694452176131,0.306736242269756,NA,NA,"future",0.693263757730244,-0.306736242269756,0,13,"Q1"
"10564",10564,"The CitadelWofford2-28",2026-02-28,"conf","Wofford","The Citadel","SC","SC","H",NA,NA,0.427054957226168,0.0788521555269136,0.87694452176131,0.988130636578795,NA,NA,"future",0.0118693634212048,-0.988130636578795,0,350,"Q4"
"10565",10565,"Northern ColoradoIdaho2-28",2026-02-28,"conf","Idaho","Northern Colorado","BSky","BSky","H",NA,NA,0.590672129177698,0.441176952284647,0.87694452176131,0.900267043852585,NA,NA,"future",0.0997329561474151,-0.900267043852585,0,164,"Q4"
"10566",10566,"Texas TechIowa St.2-28",2026-02-28,"conf","Iowa St.","Texas Tech","B12","B12","H",NA,NA,0.963201567205515,0.914150403527372,0.87694452176131,0.400930435453587,NA,NA,"future",0.599069564546413,-0.400930435453587,0,17,"Q1"
"10567",10567,"UMBCUMass Lowell2-28",2026-02-28,"conf","UMass Lowell","UMBC","AE","AE","H",NA,NA,0.273410301879121,0.209748829553563,0.87694452176131,0.96409275773184,NA,NA,"future",0.0359072422681594,-0.96409275773184,0,274,"Q4"
"10568",10568,"Grand CanyonUtah St.2-28",2026-02-28,"conf","Utah St.","Grand Canyon","MWC","MWC","H",NA,NA,0.914720101774999,0.739302448616464,0.87694452176131,0.715339957295419,NA,NA,"future",0.284660042704581,-0.715339957295419,0,86,"Q3"
"10569",10569,"Seton HallConnecticut2-28",2026-02-28,"conf","Connecticut","Seton Hall","BE","BE","H",NA,NA,0.972195245967499,0.784391079417502,0.87694452176131,0.662032950990562,NA,NA,"future",0.337967049009438,-0.662032950990562,0,45,"Q2"
"10570",10570,"Le MoyneNew Haven2-28",2026-02-28,"conf","New Haven","Le Moyne","NEC","NEC","H",NA,NA,0.189489062413694,0.233859733605385,0.87694452176131,0.958926535914673,NA,NA,"future",0.0410734640853271,-0.958926535914673,0,263,"Q4"
"10571",10571,"Long Beach St.Cal St. Bakersfield2-28",2026-02-28,"conf","Cal St. Bakersfield","Long Beach St.","BW","BW","H",NA,NA,0.265483872557692,0.276270766068189,0.87694452176131,0.949157607123227,NA,NA,"future",0.0508423928767727,-0.949157607123227,0,240,"Q4"
"10572",10572,"Cal PolyUC San Diego2-28",2026-02-28,"conf","UC San Diego","Cal Poly","BW","BW","H",NA,NA,0.734201130187246,0.22558726115521,0.87694452176131,0.960729012486904,NA,NA,"future",0.0392709875130959,-0.960729012486904,0,257,"Q4"
"10573",10573,"MilwaukeeIU Indy2-28",2026-02-28,"conf","IU Indy","Milwaukee","Horz","Horz","H",NA,NA,0.293111925980727,0.247415137782907,0.87694452176131,0.955902572692459,NA,NA,"future",0.0440974273075413,-0.955902572692459,0,233,"Q4"
"10574",10574,"OregonNorthwestern2-28",2026-02-28,"conf","Northwestern","Oregon","B10","B10","H",NA,NA,0.848307220201776,0.695409733355037,0.87694452176131,0.757362731797896,NA,NA,"future",0.242637268202104,-0.757362731797896,0,104,"Q3"
"10575",10575,"North DakotaNorth Dakota St.2-28",2026-02-28,"conf","North Dakota St.","North Dakota","Sum","Sum","H",NA,NA,0.678074728815918,0.215415619860043,0.87694452176131,0.962902167938933,NA,NA,"future",0.0370978320610666,-0.962902167938933,0,282,"Q4"
"10576",10576,"Mississippi Valley St.Arkansas Pine Bluff2-28",2026-02-28,"conf","Arkansas Pine Bluff","Mississippi Valley St.","SWAC","SWAC","H",NA,NA,0.33673558307527,0.0200041175334786,0.87694452176131,0.997143844867186,NA,NA,"future",0.00285615513281423,-0.997143844867186,0,365,"Q4"
"10577",10577,"San Diego St.New Mexico2-28",2026-02-28,"conf","New Mexico","San Diego St.","MWC","MWC","H",NA,NA,0.889177912187195,0.806407529368549,0.87694452176131,0.631108325214088,NA,NA,"future",0.368891674785912,-0.631108325214088,0,52,"Q2"
"10578",10578,"Miami OHWestern Michigan2-28",2026-02-28,"conf","Western Michigan","Miami OH","MAC","MAC","H",NA,NA,0.39706717406787,0.696611503750518,0.87694452176131,0.756317426282864,NA,NA,"future",0.243682573717136,-0.756317426282864,0,49,"Q2"
"10579",10579,"Abilene ChristianUtah Valley2-28",2026-02-28,"conf","Utah Valley","Abilene Christian","WAC","WAC","H",NA,NA,0.786139268528895,0.25561463996283,0.87694452176131,0.954029569648245,NA,NA,"future",0.045970430351755,-0.954029569648245,0,241,"Q4"
"10580",10580,"FordhamVCU2-28",2026-02-28,"conf","VCU","Fordham","A10","A10","H",NA,NA,0.832009910410597,0.363206300265358,0.87694452176131,0.925895367207,NA,NA,"future",0.0741046327929997,-0.925895367207,0,226,"Q4"
"10581",10581,"San DiegoPortland2-28",2026-02-28,"conf","Portland","San Diego","WCC","WCC","H",NA,NA,0.553963766133518,0.386813607349022,0.87694452176131,0.918679146869904,NA,NA,"future",0.081320853130096,-0.918679146869904,0,208,"Q4"
"10582",10582,"NJITBryant2-28",2026-02-28,"conf","Bryant","NJIT","AE","AE","H",NA,NA,0.125026481328206,0.108362596707915,0.87694452176131,0.983232201292529,NA,NA,"future",0.0167677987074712,-0.983232201292529,0,332,"Q4"
"10583",10583,"East Texas A&MUT Rio Grande Valley2-28",2026-02-28,"conf","UT Rio Grande Valley","East Texas A&M","Slnd","Slnd","H",NA,NA,0.55726232666861,0.215264103557443,0.87694452176131,0.962934186645948,NA,NA,"future",0.0370658133540517,-0.962934186645948,0,277,"Q4"
"10584",10584,"Chicago St.Wagner2-28",2026-02-28,"conf","Wagner","Chicago St.","NEC","NEC","H",NA,NA,0.231947573900047,0.0739186417080468,0.87694452176131,0.988923656012592,NA,NA,"future",0.011076343987408,-0.988923656012592,0,352,"Q4"
"10585",10585,"HawaiiCal St. Fullerton2-28",2026-02-28,"conf","Cal St. Fullerton","Hawaii","BW","BW","H",NA,NA,0.486141474245039,0.653990887306024,0.87694452176131,0.790373812577229,NA,NA,"future",0.209626187422771,-0.790373812577229,0,97,"Q3"
"10586",10586,"LouisvilleClemson2-28",2026-02-28,"conf","Clemson","Louisville","ACC","ACC","H",NA,NA,0.937538780726441,0.927853101372083,0.87694452176131,0.356552099528878,NA,NA,"future",0.643447900471122,-0.356552099528878,0,15,"Q1"
"10587",10587,"Bethune CookmanSouthern2-28",2026-02-28,"conf","Southern","Bethune Cookman","SWAC","SWAC","H",NA,NA,0.408192260035411,0.251758726760507,0.87694452176131,0.954914569002642,NA,NA,"future",0.0450854309973584,-0.954914569002642,0,268,"Q4"
"10588",10588,"Charleston SouthernUNC Asheville2-28",2026-02-28,"conf","UNC Asheville","Charleston Southern","BSth","BSth","H",NA,NA,0.418702865698982,0.304852499335177,0.87694452176131,0.942029615136421,NA,NA,"future",0.0579703848635789,-0.942029615136421,0,219,"Q4"
"10589",10589,"Florida St.Georgia Tech2-28",2026-02-28,"conf","Georgia Tech","Florida St.","ACC","ACC","H",NA,NA,0.649662104684215,0.567618274698031,0.87694452176131,0.844443407314126,NA,NA,"future",0.155556592685874,-0.844443407314126,0,115,"Q3"
"10590",10590,"South CarolinaGeorgia2-28",2026-02-28,"conf","Georgia","South Carolina","SEC","SEC","H",NA,NA,0.91600808149171,0.702029460608034,0.87694452176131,0.751537221073831,NA,NA,"future",0.248462778926169,-0.751537221073831,0,85,"Q3"
"10591",10591,"DartmouthPrinceton2-28",2026-02-28,"conf","Princeton","Dartmouth","Ivy","Ivy","H",NA,NA,0.452029450467109,0.313883565357004,0.87694452176131,0.939677619552002,NA,NA,"future",0.060322380447998,-0.939677619552002,0,222,"Q4"
"10592",10592,"Cal St. NorthridgeUC Riverside2-28",2026-02-28,"conf","UC Riverside","Cal St. Northridge","BW","BW","H",NA,NA,0.32462968162574,0.385010418560885,0.87694452176131,0.91924578431368,NA,NA,"future",0.0807542156863204,-0.91924578431368,0,209,"Q4"
"10593",10593,"UCLAMinnesota2-28",2026-02-28,"conf","Minnesota","UCLA","B10","B10","H",NA,NA,0.837995134981792,0.799123308329882,0.87694452176131,0.64175383145719,NA,NA,"future",0.35824616854281,-0.64175383145719,0,40,"Q2"
"10594",10594,"YaleColumbia2-28",2026-02-28,"conf","Columbia","Yale","Ivy","Ivy","H",NA,NA,0.567588970085062,0.697398462944221,0.87694452176131,0.755630003204374,NA,NA,"future",0.244369996795626,-0.755630003204374,0,61,"Q2"
"10595",10595,"ArmyLafayette2-28",2026-02-28,"conf","Lafayette","Army","Pat","Pat","H",NA,NA,0.247759908493423,0.121286957424866,0.87694452176131,0.980999516370392,NA,NA,"future",0.0190004836296076,-0.980999516370392,0,320,"Q4"
"10596",10596,"Boston UniversityAmerican2-28",2026-02-28,"conf","American","Boston University","Pat","Pat","H",NA,NA,0.508095570002426,0.173160301084916,0.87694452176131,0.97145190396275,NA,NA,"future",0.0285480960372501,-0.97145190396275,0,292,"Q4"
"10597",10597,"CharlestonUNC Wilmington2-28",2026-02-28,"conf","UNC Wilmington","Charleston","CAA","CAA","H",NA,NA,0.611618585583143,0.363361259870032,0.87694452176131,0.92584938839268,NA,NA,"future",0.0741506116073203,-0.92584938839268,0,175,"Q4"
"10598",10598,"SyracuseWake Forest2-28",2026-02-28,"conf","Wake Forest","Syracuse","ACC","ACC","H",NA,NA,0.830188381602287,0.733076983692956,0.87694452176131,0.721822125891199,NA,NA,"future",0.278177874108801,-0.721822125891199,0,77,"Q3"
"10599",10599,"Tennessee TechSoutheast Missouri St.2-28",2026-02-28,"conf","Southeast Missouri St.","Tennessee Tech","OVC","OVC","H",NA,NA,0.342914782088887,0.08709095231161,0.87694452176131,0.986790111553305,NA,NA,"future",0.0132098884466947,-0.986790111553305,0,331,"Q4"
"10600",10600,"Tarleton St.Cal Baptist2-28",2026-02-28,"conf","Cal Baptist","Tarleton St.","WAC","WAC","H",NA,NA,0.691435207905624,0.400519815714214,0.87694452176131,0.914284499452316,NA,NA,"future",0.0857155005476835,-0.914284499452316,0,185,"Q4"
"10601",10601,"Loyola MDHoly Cross2-28",2026-02-28,"conf","Holy Cross","Loyola MD","Pat","Pat","H",NA,NA,0.203196040881925,0.0922603677365822,0.87694452176131,0.985938471534303,NA,NA,"future",0.0140615284656967,-0.985938471534303,0,340,"Q4"
"10602",10602,"PittsburghCalifornia2-28",2026-02-28,"conf","California","Pittsburgh","ACC","ACC","H",NA,NA,0.828977030903702,0.587700127965515,0.87694452176131,0.83332008576474,NA,NA,"future",0.16667991423526,-0.83332008576474,0,121,"Q3"
"10603",10603,"OklahomaLSU2-28",2026-02-28,"conf","LSU","Oklahoma","SEC","SEC","H",NA,NA,0.86991035902452,0.671721774627647,0.87694452176131,0.776923253027942,NA,NA,"future",0.223076746972058,-0.776923253027942,0,76,"Q3"
"10604",10604,"Alcorn St.Prairie View A&M2-28",2026-02-28,"conf","Prairie View A&M","Alcorn St.","SWAC","SWAC","H",NA,NA,0.284102058387528,0.0996439667646336,0.87694452176131,0.984707696986526,NA,NA,"future",0.0152923030134736,-0.984707696986526,0,351,"Q4"
"10605",10605,"VillanovaSt. John's2-28",2026-02-28,"conf","St. John's","Villanova","BE","BE","H",NA,NA,0.941505441293299,0.84811313237523,0.87694452176131,0.560681993494687,NA,NA,"future",0.439318006505313,-0.560681993494687,0,33,"Q2"
"10606",10606,"MississippiAuburn2-28",2026-02-28,"conf","Auburn","Mississippi","SEC","SEC","H",NA,NA,0.914477539067104,0.654298907124239,0.87694452176131,0.790148149620637,NA,NA,"future",0.209851850379363,-0.790148149620637,0,87,"Q3"
"10607",10607,"Tennessee St.Tennessee Martin2-28",2026-02-28,"conf","Tennessee Martin","Tennessee St.","OVC","OVC","H",NA,NA,0.371890241689694,0.211923958515258,0.87694452176131,0.963637441578405,NA,NA,"future",0.0363625584215946,-0.963637441578405,0,229,"Q4"
"10608",10608,"MassachusettsBowling Green2-28",2026-02-28,"conf","Bowling Green","Massachusetts","MAC","MAC","H",NA,NA,0.717673284740088,0.413278035203541,0.87694452176131,0.910049454018875,NA,NA,"future",0.0899505459811247,-0.910049454018875,0,195,"Q4"
"10609",10609,"Eastern IllinoisSIU Edwardsville2-28",2026-02-28,"conf","SIU Edwardsville","Eastern Illinois","OVC","OVC","H",NA,NA,0.352740157956621,0.152001874020281,0.87694452176131,0.975464530911887,NA,NA,"future",0.0245354690881132,-0.975464530911887,0,305,"Q4"
"10610",10610,"Northern ArizonaEastern Washington2-28",2026-02-28,"conf","Eastern Washington","Northern Arizona","BSky","BSky","H",NA,NA,0.461978641835474,0.144289047802944,0.87694452176131,0.976885797919125,NA,NA,"future",0.0231142020808752,-0.976885797919125,0,318,"Q4"
"10611",10611,"McNeese St.New Orleans2-28",2026-02-28,"conf","New Orleans","McNeese St.","Slnd","Slnd","H",NA,NA,0.48536423289852,0.683026270437139,0.87694452176131,0.767829201135309,NA,NA,"future",0.232170798864691,-0.767829201135309,0,57,"Q2"
"10612",10612,"PresbyterianWinthrop2-28",2026-02-28,"conf","Winthrop","Presbyterian","BSth","BSth","H",NA,NA,0.589293391463423,0.211694092348146,0.87694452176131,0.96368565745234,NA,NA,"future",0.03631434254766,-0.96368565745234,0,258,"Q4"
"10613",10613,"Fairleigh DickinsonLIU2-28",2026-02-28,"conf","LIU","Fairleigh Dickinson","NEC","NEC","H",NA,NA,0.478872202881425,0.105857899301199,0.87694452176131,0.983658574348393,NA,NA,"future",0.0163414256516066,-0.983658574348393,0,339,"Q4"
"10614",10614,"ProvidenceCreighton2-28",2026-02-28,"conf","Creighton","Providence","BE","BE","H",NA,NA,0.853766094479856,0.682260447232124,0.87694452176131,0.768458776904752,NA,NA,"future",0.231541223095248,-0.768458776904752,0,89,"Q3"
"10615",10615,"UTEPWestern Kentucky2-28",2026-02-28,"conf","Western Kentucky","UTEP","CUSA","CUSA","H",NA,NA,0.539993818540962,0.217959569432829,0.87694452176131,0.962363042817825,NA,NA,"future",0.0376369571821751,-0.962363042817825,0,276,"Q4"
"10616",10616,"San FranciscoPacific2-28",2026-02-28,"conf","Pacific","San Francisco","WCC","WCC","H",NA,NA,0.675830586238256,0.598637247467795,0.87694452176131,0.826929190551848,NA,NA,"future",0.173070809448152,-0.826929190551848,0,107,"Q3"
"10617",10617,"QueensCentral Arkansas2-28",2026-02-28,"conf","Central Arkansas","Queens","ASun","ASun","H",NA,NA,0.578184355364173,0.358618140773719,0.87694452176131,0.927248717001686,NA,NA,"future",0.0727512829983142,-0.927248717001686,0,183,"Q4"
"10618",10618,"Boston CollegeMiami FL2-28",2026-02-28,"conf","Miami FL","Boston College","ACC","ACC","H",NA,NA,0.882624997146115,0.452301733460503,0.87694452176131,0.896152158479263,NA,NA,"future",0.103847841520737,-0.896152158479263,0,157,"Q3"
"10619",10619,"South Dakota St.South Dakota2-28",2026-02-28,"conf","South Dakota","South Dakota St.","Sum","Sum","H",NA,NA,0.342292200243587,0.37728213329656,0.87694452176131,0.921644883236383,NA,NA,"future",0.0783551167636174,-0.921644883236383,0,180,"Q4"
"10620",10620,"Oklahoma St.Cincinnati2-28",2026-02-28,"conf","Cincinnati","Oklahoma St.","B12","B12","H",NA,NA,0.873465038086542,0.704302099365832,0.87694452176131,0.749498494736875,NA,NA,"future",0.250501505263125,-0.749498494736875,0,73,"Q2"
"10621",10621,"Portland St.Montana2-28",2026-02-28,"conf","Montana","Portland St.","BSky","BSky","H",NA,NA,0.633343943366853,0.428876901216264,0.87694452176131,0.904671517158032,NA,NA,"future",0.0953284828419685,-0.904671517158032,0,137,"Q3"
"10622",10622,"VanderbiltKentucky2-28",2026-02-28,"conf","Kentucky","Vanderbilt","SEC","SEC","H",NA,NA,0.894882969930619,0.928124167770446,0.87694452176131,0.355622029564161,NA,NA,"future",0.644377970435839,-0.355622029564161,0,16,"Q1"
"10623",10623,"ColoradoHouston2-28",2026-02-28,"conf","Houston","Colorado","B12","B12","H",NA,NA,0.978859960512281,0.640434349812151,0.87694452176131,0.800042273749593,NA,NA,"future",0.199957726250407,-0.800042273749593,0,78,"Q3"
"10624",10624,"New Mexico St.Middle Tennessee2-28",2026-02-28,"conf","Middle Tennessee","New Mexico St.","CUSA","CUSA","H",NA,NA,0.754494348969183,0.516577137332239,0.87694452176131,0.869605543564459,NA,NA,"future",0.130394456435541,-0.869605543564459,0,140,"Q3"
"10625",10625,"New HampshireAlbany2-28",2026-02-28,"conf","Albany","New Hampshire","AE","AE","H",NA,NA,0.305119018679747,0.179474847733072,0.87694452176131,0.970220927546977,NA,NA,"future",0.0297790724530229,-0.970220927546977,0,323,"Q4"
"10626",10626,"Oral RobertsUMKC2-28",2026-02-28,"conf","UMKC","Oral Roberts","Sum","Sum","H",NA,NA,0.148903257972366,0.14650394031066,0.87694452176131,0.976479859681162,NA,NA,"future",0.0235201403188382,-0.976479859681162,0,317,"Q4"
"10627",10627,"AlabamaTennessee2-28",2026-02-28,"conf","Tennessee","Alabama","SEC","SEC","H",NA,NA,0.951108153148531,0.916668476253729,0.87694452176131,0.393145203996765,NA,NA,"future",0.606854796003235,-0.393145203996765,0,19,"Q1"
"10628",10628,"Northwestern St.Texas A&M Corpus Chris2-28",2026-02-28,"conf","Texas A&M Corpus Chris","Northwestern St.","Slnd","Slnd","H",NA,NA,0.574962601011334,0.172988629015108,0.87694452176131,0.971485151015013,NA,NA,"future",0.028514848984987,-0.971485151015013,0,306,"Q4"
"10629",10629,"Ball St.Northern Illinois2-28",2026-02-28,"conf","Northern Illinois","Ball St.","MAC","MAC","H",NA,NA,0.231423124479628,0.175570369203068,0.87694452176131,0.970983935499258,NA,NA,"future",0.0290160645007421,-0.970983935499258,0,316,"Q4"
"10630",10630,"Weber St.Idaho St.2-28",2026-02-28,"conf","Idaho St.","Weber St.","BSky","BSky","H",NA,NA,0.482382067045718,0.362300900236987,0.87694452176131,0.926163657167391,NA,NA,"future",0.073836342832609,-0.926163657167391,0,190,"Q4"
"10631",10631,"Saint FrancisCentral Connecticut2-28",2026-02-28,"conf","Central Connecticut","Saint Francis","NEC","NEC","H",NA,NA,0.302144565079282,0.0661980827384546,0.87694452176131,0.990150353814344,NA,NA,"future",0.00984964618565609,-0.990150353814344,0,354,"Q4"
"10632",10632,"TexasTexas A&M2-28",2026-02-28,"conf","Texas A&M","Texas","SEC","SEC","H",NA,NA,0.915550420652576,0.805200835828333,0.87694452176131,0.632901780263016,NA,NA,"future",0.367098219736984,-0.632901780263016,0,43,"Q2"
"10633",10633,"Florida Gulf CoastStetson2-28",2026-02-28,"conf","Stetson","Florida Gulf Coast","ASun","ASun","H",NA,NA,0.223300374896591,0.308404183016962,0.87694452176131,0.941110565442255,NA,NA,"future",0.0588894345577446,-0.941110565442255,0,237,"Q4"
"10634",10634,"ElonMonmouth2-28",2026-02-28,"conf","Monmouth","Elon","CAA","CAA","H",NA,NA,0.470690741874601,0.417238728194965,0.87694452176131,0.908705250541613,NA,NA,"future",0.0912947494583871,-0.908705250541613,0,168,"Q4"
"10635",10635,"LibertyJacksonville St.2-28",2026-02-28,"conf","Jacksonville St.","Liberty","CUSA","CUSA","H",NA,NA,0.444551537137328,0.617063960398147,0.87694452176131,0.815583004897484,NA,NA,"future",0.184416995102516,-0.815583004897484,0,84,"Q3"
"10636",10636,"BaylorUCF2-28",2026-02-28,"conf","UCF","Baylor","B12","B12","H",NA,NA,0.866736847529921,0.740905781509242,0.87694452176131,0.713639564464455,NA,NA,"future",0.286360435535545,-0.713639564464455,0,53,"Q2"
"10637",10637,"ColgateNavy2-28",2026-02-28,"conf","Navy","Colgate","Pat","Pat","H",NA,NA,0.465453988539404,0.363069644263239,0.87694452176131,0.925935900293245,NA,NA,"future",0.074064099706755,-0.925935900293245,0,196,"Q4"
"10638",10638,"HarvardPenn2-28",2026-02-28,"conf","Penn","Harvard","Ivy","Ivy","H",NA,NA,0.554637837343646,0.3540000459956,0.87694452176131,0.928595399712616,NA,NA,"future",0.0714046002873839,-0.928595399712616,0,182,"Q4"
"10639",10639,"Alabama St.Alabama A&M2-28",2026-02-28,"conf","Alabama A&M","Alabama St.","SWAC","SWAC","H",NA,NA,0.264840745295219,0.161273195651384,0.87694452176131,0.973727114931155,NA,NA,"future",0.026272885068845,-0.973727114931155,0,313,"Q4"
"10640",10640,"Nebraska OmahaSt. Thomas2-28",2026-02-28,"conf","St. Thomas","Nebraska Omaha","Sum","Sum","H",NA,NA,0.711266776860035,0.245482919288472,0.87694452176131,0.956339074498325,NA,NA,"future",0.0436609255016746,-0.956339074498325,0,281,"Q4"
"10641",10641,"Austin PeayBellarmine2-28",2026-02-28,"conf","Bellarmine","Austin Peay","ASun","ASun","H",NA,NA,0.246363301451693,0.467994966707812,0.87694452176131,0.890123562109543,NA,NA,"future",0.109876437890457,-0.890123562109543,0,149,"Q3"
"10642",10642,"Air ForceWyoming2-28",2026-02-28,"conf","Wyoming","Air Force","MWC","MWC","H",NA,NA,0.76314542480965,0.105682919431014,0.87694452176131,0.983688285585496,NA,NA,"future",0.0163117144145042,-0.983688285585496,0,336,"Q4"
"10643",10643,"Stephen F. AustinHouston Christian2-28",2026-02-28,"conf","Houston Christian","Stephen F. Austin","Slnd","Slnd","H",NA,NA,0.276141122733715,0.698277000404957,0.87694452176131,0.75485983588986,NA,NA,"future",0.24514016411014,-0.75485983588986,0,88,"Q3"
"10644",10644,"Boise St.Fresno St.2-28",2026-02-28,"conf","Fresno St.","Boise St.","MWC","MWC","H",NA,NA,0.639155744766348,0.719435859842334,0.87694452176131,0.735389901479989,NA,NA,"future",0.264610098520011,-0.735389901479989,0,71,"Q2"
"10645",10645,"ArkansasFlorida2-28",2026-02-28,"conf","Florida","Arkansas","SEC","SEC","H",NA,NA,0.967769745662781,0.899851369198693,0.87694452176131,0.442316531859976,NA,NA,"future",0.557683468140024,-0.442316531859976,0,20,"Q1"
"10646",10646,"Stony BrookHofstra2-28",2026-02-28,"conf","Hofstra","Stony Brook","CAA","CAA","H",NA,NA,0.699970786275648,0.309545341676412,0.87694452176131,0.940813650809901,NA,NA,"future",0.0591863491900992,-0.940813650809901,0,234,"Q4"
"10647",10647,"ToledoOhio2-28",2026-02-28,"conf","Ohio","Toledo","MAC","MAC","H",NA,NA,0.450162132915252,0.405578446649967,0.87694452176131,0.912622369732399,NA,NA,"future",0.0873776302676009,-0.912622369732399,0,169,"Q4"
"10648",10648,"IowaPenn St.2-28",2026-02-28,"conf","Penn St.","Iowa","B10","B10","H",NA,NA,0.644016964773121,0.910684041262198,0.87694452176131,0.411393574304387,NA,NA,"future",0.588606425695613,-0.411393574304387,0,21,"Q1"
"10649",10649,"Cleveland St.Robert Morris2-28",2026-02-28,"conf","Robert Morris","Cleveland St.","Horz","Horz","H",NA,NA,0.517536678288298,0.170841144385821,0.87694452176131,0.971900073963006,NA,NA,"future",0.0280999260369942,-0.971900073963006,0,321,"Q4"
"10650",10650,"St. BonaventureGeorge Mason2-28",2026-02-28,"conf","George Mason","St. Bonaventure","A10","A10","H",NA,NA,0.758834600748699,0.42887918075561,0.87694452176131,0.904670714557104,NA,NA,"future",0.0953292854428963,-0.904670714557104,0,144,"Q3"
"10651",10651,"MissouriMississippi St.2-28",2026-02-28,"conf","Mississippi St.","Missouri","SEC","SEC","H",NA,NA,0.769828564240354,0.730398132959743,0.87694452176131,0.724554054905934,NA,NA,"future",0.275445945094066,-0.724554054905934,0,70,"Q2"
"10652",10652,"East Tennessee St.Mercer2-28",2026-02-28,"conf","Mercer","East Tennessee St.","SC","SC","H",NA,NA,0.653833270716202,0.448888433472161,0.87694452176131,0.897428314939119,NA,NA,"future",0.102571685060881,-0.897428314939119,0,129,"Q3"
"10653",10653,"RadfordLongwood2-28",2026-02-28,"conf","Longwood","Radford","BSth","BSth","H",NA,NA,0.312752660506419,0.229310238486478,0.87694452176131,0.959921770218191,NA,NA,"future",0.0400782297818087,-0.959921770218191,0,260,"Q4"
"10654",10654,"LindenwoodWestern Illinois2-28",2026-02-28,"conf","Western Illinois","Lindenwood","OVC","OVC","H",NA,NA,0.107692571655567,0.294360678016868,0.87694452176131,0.944700645022092,NA,NA,"future",0.0552993549779085,-0.944700645022092,0,224,"Q4"
"10655",10655,"NortheasternHampton2-28",2026-02-28,"conf","Hampton","Northeastern","CAA","CAA","H",NA,NA,0.35585106001734,0.250737593781546,0.87694452176131,0.955147684195681,NA,NA,"future",0.0448523158043189,-0.955147684195681,0,249,"Q4"
"10656",10656,"Detroit MercyOakland2-28",2026-02-28,"conf","Oakland","Detroit Mercy","Horz","Horz","H",NA,NA,0.639939911872445,0.268076298487336,0.87694452176131,0.951117264043805,NA,NA,"future",0.0488827359561953,-0.951117264043805,0,273,"Q4"
"10657",10657,"CampbellTowson2-28",2026-02-28,"conf","Towson","Campbell","CAA","CAA","H",NA,NA,0.507727245638924,0.327073956545687,0.87694452176131,0.936151100895773,NA,NA,"future",0.0638488991042273,-0.936151100895773,0,203,"Q4"
"10658",10658,"LipscombEastern Kentucky2-28",2026-02-28,"conf","Eastern Kentucky","Lipscomb","ASun","ASun","H",NA,NA,0.353630994291055,0.400063738169319,0.87694452176131,0.914433271367804,NA,NA,"future",0.0855667286321963,-0.914433271367804,0,160,"Q3"
"10659",10659,"DelawareKennesaw St.2-28",2026-02-28,"conf","Kennesaw St.","Delaware","CUSA","CUSA","H",NA,NA,0.57740333990607,0.176954731417496,0.87694452176131,0.970714096550497,NA,NA,"future",0.0292859034495031,-0.970714096550497,0,300,"Q4"
"10660",10660,"Virginia TechNorth Carolina2-28",2026-02-28,"conf","North Carolina","Virginia Tech","ACC","ACC","H",NA,NA,0.914942599410585,0.754253091747402,0.87694452176131,0.698966789253546,NA,NA,"future",0.301033210746454,-0.698966789253546,0,51,"Q2"
"10661",10661,"Central MichiganBuffalo2-28",2026-02-28,"conf","Buffalo","Central Michigan","MAC","MAC","H",NA,NA,0.546556873185776,0.143586134959525,0.87694452176131,0.977014256827904,NA,NA,"future",0.0229857431720957,-0.977014256827904,0,329,"Q4"
"10662",10662,"JacksonvilleNorth Florida2-28",2026-02-28,"conf","North Florida","Jacksonville","ASun","ASun","H",NA,NA,0.222890542562906,0.161966016954007,0.87694452176131,0.973595990398377,NA,NA,"future",0.0264040096016227,-0.973595990398377,0,293,"Q4"
"10663",10663,"Oregon St.Santa Clara2-28",2026-02-28,"conf","Santa Clara","Oregon St.","WCC","WCC","H",NA,NA,0.904534982736246,0.33310428152549,0.87694452176131,0.934501532774554,NA,NA,"future",0.0654984672254456,-0.934501532774554,0,213,"Q4"
"10664",10664,"South Carolina St.Maryland Eastern Shore2-28",2026-02-28,"conf","Maryland Eastern Shore","South Carolina St.","MEAC","MEAC","H",NA,NA,0.194861945562525,0.0507325033248179,0.87694452176131,0.992556422425133,NA,NA,"future",0.00744357757486747,-0.992556422425133,0,360,"Q4"
"10665",10665,"Florida A&MGrambling St.2-28",2026-02-28,"conf","Grambling St.","Florida A&M","SWAC","SWAC","H",NA,NA,0.36719319961836,0.193160437433708,0.87694452176131,0.967498013170315,NA,NA,"future",0.0325019868296846,-0.967498013170315,0,307,"Q4"
"10666",10666,"Wright St.Northern Kentucky2-28",2026-02-28,"conf","Wright St.","Northern Kentucky","Horz","Horz","A",NA,NA,0.571577739895169,0.56588651357836,0.789142831518436,0.741672343161317,NA,NA,"future",0.258327656838683,-0.741672343161317,0,177,"Q3"
"10667",10667,"ValparaisoEvansville2-28",2026-02-28,"conf","Valparaiso","Evansville","MVC","MVC","A",NA,NA,0.458749949196083,0.316297971986588,0.789142831518436,0.88998656064279,NA,NA,"future",0.110013439357211,-0.88998656064279,0,284,"Q4"
"10668",10668,"MaineBinghamton2-28",2026-02-28,"conf","Maine","Binghamton","AE","AE","A",NA,NA,0.0653376419463159,0.0832959988038982,0.789142831518436,0.976296658657706,NA,NA,"future",0.0237033413422945,-0.976296658657706,0,362,"Q4"
"10669",10669,"SMUStanford2-28",2026-02-28,"conf","SMU","Stanford","ACC","ACC","A",NA,NA,0.852332367434774,0.825268926203313,0.789142831518436,0.442087360782368,NA,NA,"future",0.557912639217632,-0.442087360782368,0,68,"Q1"
"10670",10670,"Southeastern LouisianaNicholls St.2-28",2026-02-28,"conf","Southeastern Louisiana","Nicholls St.","Slnd","Slnd","A",NA,NA,0.210763265088124,0.447990911854504,0.789142831518436,0.821795222623473,NA,NA,"future",0.178204777376527,-0.821795222623473,0,214,"Q3"
"10671",10671,"UtahArizona St.2-28",2026-02-28,"conf","Utah","Arizona St.","B12","B12","A",NA,NA,0.594076360174539,0.764484530115745,0.789142831518436,0.535525330246126,NA,NA,"future",0.464474669753874,-0.535525330246126,0,93,"Q2"
"10672",10672,"TCUKansas St.2-28",2026-02-28,"conf","TCU","Kansas St.","B12","B12","A",NA,NA,0.771350152968443,0.787642451679584,0.789142831518436,0.502248363029673,NA,NA,"future",0.497751636970327,-0.502248363029673,0,82,"Q2"
"10673",10673,"Youngstown St.Green Bay2-28",2026-02-28,"conf","Youngstown St.","Green Bay","Horz","Horz","A",NA,NA,0.38787784894262,0.503482144436143,0.789142831518436,0.786815794214538,NA,NA,"future",0.213184205785462,-0.786815794214538,0,230,"Q3"
"10674",10674,"Gardner WebbUSC Upstate2-28",2026-02-28,"conf","Gardner Webb","USC Upstate","BSth","BSth","A",NA,NA,0.031054600359691,0.283031250289585,0.789142831518436,0.904585070554709,NA,NA,"future",0.0954149294452906,-0.904585070554709,0,285,"Q4"
"10675",10675,"LamarIncarnate Word2-28",2026-02-28,"conf","Lamar","Incarnate Word","Slnd","Slnd","A",NA,NA,0.29006579149575,0.403222433818588,0.789142831518436,0.847072516115336,NA,NA,"future",0.152927483884664,-0.847072516115336,0,246,"Q4"
"10676",10676,"Utah TechSouthern Utah2-28",2026-02-28,"conf","Utah Tech","Southern Utah","WAC","WAC","A",NA,NA,0.326398450988887,0.331760954622987,0.789142831518436,0.882880763427249,NA,NA,"future",0.117119236572751,-0.882880763427249,0,294,"Q4"
"10677",10677,"NebraskaUSC2-28",2026-02-28,"conf","Nebraska","USC","B10","B10","A",NA,NA,0.926689461842875,0.850928400566256,0.789142831518436,0.396005997866024,NA,NA,"future",0.603994002133976,-0.396005997866024,0,56,"Q1"
"10678",10678,"Southern IndianaLittle Rock2-28",2026-02-28,"conf","Southern Indiana","Little Rock","OVC","OVC","A",NA,NA,0.0957595304080808,0.216987170533557,0.789142831518436,0.931059361043289,NA,NA,"future",0.0689406389567112,-0.931059361043289,0,302,"Q4"
"10679",10679,"HowardMorgan St.2-28",2026-02-28,"conf","Howard","Morgan St.","MEAC","MEAC","A",NA,NA,0.233389525482971,0.0769875851717531,0.789142831518436,0.978199161594347,NA,NA,"future",0.0218008384056526,-0.978199161594347,0,361,"Q4"
"10680",10680,"GonzagaSaint Mary's2-28",2026-02-28,"conf","Gonzaga","Saint Mary's","WCC","WCC","A",NA,NA,0.937344159237918,0.908833684887652,0.789142831518436,0.272949274196153,NA,NA,"future",0.727050725803847,-0.272949274196153,0,28,"Q1"
"10681",10681,"FurmanWestern Carolina2-28",2026-02-28,"conf","Furman","Western Carolina","SC","SC","A",NA,NA,0.389531071962605,0.307831220822344,0.789142831518436,0.89378923595296,NA,NA,"future",0.10621076404704,-0.89378923595296,0,289,"Q4"
"10682",10682,"RichmondLoyola Chicago2-28",2026-02-28,"conf","Richmond","Loyola Chicago","A10","A10","A",NA,NA,0.505311078308384,0.28923647413666,0.789142831518436,0.901930542270354,NA,NA,"future",0.0980694577296459,-0.901930542270354,0,315,"Q4"
"10683",10683,"KansasArizona2-28",2026-02-28,"conf","Kansas","Arizona","B12","B12","A",NA,NA,0.923435166348524,0.977752465301565,0.789142831518436,0.0784743366007909,NA,NA,"future",0.921525663399209,-0.0784743366007909,0,3,"Q1"
"10684",10684,"North AlabamaWest Georgia2-28",2026-02-28,"conf","North Alabama","West Georgia","ASun","ASun","A",NA,NA,0.0884777145660335,0.213011210585839,0.789142831518436,0.932556250535378,NA,NA,"future",0.0674437494646216,-0.932556250535378,0,322,"Q4"
"10685",10685,"WisconsinWashington2-28",2026-02-28,"conf","Wisconsin","Washington","B10","B10","A",NA,NA,0.846803951575671,0.850500833069505,0.789142831518436,0.396811542881163,NA,NA,"future",0.603188457118837,-0.396811542881163,0,62,"Q1"
"10686",10686,"Colorado St.San Jose St.2-28",2026-02-28,"conf","Colorado St.","San Jose St.","MWC","MWC","A",NA,NA,0.62699617671433,0.426462166380668,0.789142831518436,0.834251951782731,NA,NA,"future",0.165748048217269,-0.834251951782731,0,259,"Q4"
"10687",10687,"NevadaUNLV2-28",2026-02-28,"conf","Nevada","UNLV","MWC","MWC","A",NA,NA,0.739452783455418,0.708634239033289,0.789142831518436,0.606113922037165,NA,NA,"future",0.393886077962835,-0.606113922037165,0,127,"Q2"
"10688",10688,"William & MaryNorth Carolina A&T2-28",2026-02-28,"conf","William & Mary","North Carolina A&T","CAA","CAA","A",NA,NA,0.532570409595156,0.276662006999724,0.789142831518436,0.907278273097433,NA,NA,"future",0.0927217269025665,-0.907278273097433,0,270,"Q4"
"10689",10689,"SeattleLoyola Marymount2-28",2026-02-28,"conf","Seattle","Loyola Marymount","WCC","WCC","A",NA,NA,0.605972048235407,0.569167328627858,0.789142831518436,0.739103014549339,NA,NA,"future",0.260896985450661,-0.739103014549339,0,170,"Q3"
"10690",10690,"VMIChattanooga2-28",2026-02-28,"conf","VMI","Chattanooga","SC","SC","A",NA,NA,0.081180331096308,0.31417384513742,0.789142831518436,0.890946330891946,NA,NA,"future",0.109053669108054,-0.890946330891946,0,280,"Q4"
"10691",10691,"FIULouisiana Tech2-28",2026-02-28,"conf","FIU","Louisiana Tech","CUSA","CUSA","A",NA,NA,0.408547275216062,0.333416655235645,0.789142831518436,0.882107278744537,NA,NA,"future",0.117892721255463,-0.882107278744537,0,264,"Q4"
"10692",10692,"BucknellLehigh2-28",2026-02-28,"conf","Bucknell","Lehigh","Pat","Pat","A",NA,NA,0.127187121287998,0.26032083125622,0.789142831518436,0.914045954914765,NA,NA,"future",0.0859540450852349,-0.914045954914765,0,298,"Q4"
"10693",10693,"Washington St.Pepperdine2-28",2026-02-28,"conf","Washington St.","Pepperdine","WCC","WCC","A",NA,NA,0.483069117975872,0.346226240798316,0.789142831518436,0.876038094973127,NA,NA,"future",0.123961905026873,-0.876038094973127,0,267,"Q4"
"10694",10694,"BYUWest Virginia2-28",2026-02-28,"conf","BYU","West Virginia","B12","B12","A",NA,NA,0.897211603893705,0.87123425331909,0.789142831518436,0.356141766264973,NA,NA,"future",0.643858233735027,-0.356141766264973,0,59,"Q1"
"10695",10695,"UC Santa BarbaraUC Irvine2-28",2026-02-28,"conf","UC Santa Barbara","UC Irvine","BW","BW","A",NA,NA,0.483931703427263,0.71694009377673,0.789142831518436,0.596386841218079,NA,NA,"future",0.403613158781921,-0.596386841218079,0,128,"Q2"
"10696",10696,"GeorgetownXavier2-28",2026-02-28,"conf","Georgetown","Xavier","BE","BE","A",NA,NA,0.594254951891872,0.780139218822579,0.789142831518436,0.513318973154326,NA,NA,"future",0.486681026845674,-0.513318973154326,0,94,"Q2"
"10697",10697,"DuquesneSaint Louis2-28",2026-02-28,"conf","Duquesne","Saint Louis","A10","A10","A",NA,NA,0.509896069293123,0.934398970437872,0.789142831518436,0.20807868025584,NA,NA,"future",0.79192131974416,-0.20807868025584,0,22,"Q1"
"10698",10698,"MercyhurstStonehill2-28",2026-02-28,"conf","Mercyhurst","Stonehill","NEC","NEC","A",NA,NA,0.197715059489074,0.152535767937579,0.789142831518436,0.954113683718504,NA,NA,"future",0.0458863162814964,-0.954113683718504,0,337,"Q4"
"10699",10699,"Norfolk St.Coppin St.2-28",2026-02-28,"conf","Norfolk St.","Coppin St.","MEAC","MEAC","A",NA,NA,0.12516166540671,0.0483363016192594,0.789142831518436,0.986610377031088,NA,NA,"future",0.0133896229689121,-0.986610377031088,0,364,"Q4"
"10700",10700,"BrownCornell2-28",2026-02-28,"conf","Brown","Cornell","Ivy","Ivy","A",NA,NA,0.22903256495286,0.536163309604943,0.789142831518436,0.764022375784147,NA,NA,"future",0.235977624215853,-0.764022375784147,0,188,"Q3"
"10701",10701,"Jackson St.Texas Southern2-28",2026-02-28,"conf","Jackson St.","Texas Southern","SWAC","SWAC","A",NA,NA,0.118376704856031,0.218447040616154,0.789142831518436,0.930507135168519,NA,NA,"future",0.0694928648314806,-0.930507135168519,0,348,"Q4"
"10702",10702,"Missouri St.Sam Houston St.2-28",2026-02-28,"conf","Missouri St.","Sam Houston St.","CUSA","CUSA","A",NA,NA,0.459710378911034,0.710010982697554,0.789142831518436,0.604518668369394,NA,NA,"future",0.395481331630606,-0.604518668369394,0,105,"Q2"
"10703",10703,"Sacramento St.Montana St.2-28",2026-02-28,"conf","Sacramento St.","Montana St.","BSky","BSky","A",NA,NA,0.187290241962568,0.671913057281984,0.789142831518436,0.64632316760184,NA,NA,"future",0.35367683239816,-0.64632316760184,0,134,"Q2"
"10704",10704,"UNC GreensboroSamford2-28",2026-02-28,"conf","UNC Greensboro","Samford","SC","SC","A",NA,NA,0.170845743130604,0.283895640638759,0.789142831518436,0.904217121017145,NA,NA,"future",0.0957828789828551,-0.904217121017145,0,269,"Q4"
"10705",10705,"North Carolina CentralDelaware St.2-28",2026-02-28,"conf","North Carolina Central","Delaware St.","MEAC","MEAC","A",NA,NA,0.082756424692227,0.090666985933371,0.789142831518436,0.974049833381381,NA,NA,"future",0.0259501666186186,-0.974049833381381,0,358,"Q4"
"10706",10706,"N.C. StateNotre Dame2-28",2026-02-28,"conf","N.C. State","Notre Dame","ACC","ACC","A",NA,NA,0.872129903528318,0.775906977662226,0.789142831518436,0.519438937310661,NA,NA,"future",0.480561062689339,-0.519438937310661,0,81,"Q2"
"10707",10707,"Saint Joseph'sRhode Island2-28",2026-02-28,"conf","Saint Joseph's","Rhode Island","A10","A10","A",NA,NA,0.441375051805727,0.656655293009964,0.789142831518436,0.661803604151082,NA,NA,"future",0.338196395848918,-0.661803604151082,0,133,"Q2"
"10708",10708,"AkronKent St.2-28",2026-02-28,"conf","Akron","Kent St.","MAC","MAC","A",NA,NA,0.745581397618812,0.638568943065511,0.789142831518436,0.679311168960651,NA,NA,"future",0.320688831039349,-0.679311168960651,0,148,"Q3"
"10709",10709,"VirginiaDuke2-28",2026-02-28,"conf","Virginia","Duke","ACC","ACC","A",NA,NA,0.941543118572919,0.967169328775528,0.789142831518436,0.1127209681814,NA,NA,"future",0.8872790318186,-0.1127209681814,0,2,"Q1"
"10710",10710,"The CitadelWofford2-28",2026-02-28,"conf","The Citadel","Wofford","SC","SC","A",NA,NA,0.0788521555269136,0.427054957226168,0.789142831518436,0.833916616644165,NA,NA,"future",0.166083383355835,-0.833916616644165,0,225,"Q3"
"10711",10711,"Northern ColoradoIdaho2-28",2026-02-28,"conf","Northern Colorado","Idaho","BSky","BSky","A",NA,NA,0.441176952284647,0.590672129177698,0.789142831518436,0.721722468107655,NA,NA,"future",0.278277531892345,-0.721722468107655,0,158,"Q3"
"10712",10712,"Texas TechIowa St.2-28",2026-02-28,"conf","Texas Tech","Iowa St.","B12","B12","A",NA,NA,0.914150403527372,0.963201567205515,0.789142831518436,0.125095084414269,NA,NA,"future",0.874904915585731,-0.125095084414269,0,6,"Q1"
"10713",10713,"UMBCUMass Lowell2-28",2026-02-28,"conf","UMBC","UMass Lowell","AE","AE","A",NA,NA,0.209748829553563,0.273410301879121,0.789142831518436,0.908641117556753,NA,NA,"future",0.091358882443247,-0.908641117556753,0,319,"Q4"
"10714",10714,"Grand CanyonUtah St.2-28",2026-02-28,"conf","Grand Canyon","Utah St.","MWC","MWC","A",NA,NA,0.739302448616464,0.914720101774999,0.789142831518436,0.25866611800377,NA,NA,"future",0.74133388199623,-0.25866611800377,0,25,"Q1"
"10715",10715,"Seton HallConnecticut2-28",2026-02-28,"conf","Seton Hall","Connecticut","BE","BE","A",NA,NA,0.784391079417502,0.972195245967499,0.789142831518436,0.0966876003580351,NA,NA,"future",0.903312399641965,-0.0966876003580351,0,8,"Q1"
"10716",10716,"Le MoyneNew Haven2-28",2026-02-28,"conf","Le Moyne","New Haven","NEC","NEC","A",NA,NA,0.233859733605385,0.189489062413694,0.789142831518436,0.941204763963868,NA,NA,"future",0.0587952360361323,-0.941204763963868,0,326,"Q4"
"10717",10717,"Long Beach St.Cal St. Bakersfield2-28",2026-02-28,"conf","Long Beach St.","Cal St. Bakersfield","BW","BW","A",NA,NA,0.276270766068189,0.265483872557692,0.789142831518436,0.911929432395944,NA,NA,"future",0.0880705676040564,-0.911929432395944,0,301,"Q4"
"10718",10718,"Cal PolyUC San Diego2-28",2026-02-28,"conf","Cal Poly","UC San Diego","BW","BW","A",NA,NA,0.22558726115521,0.734201130187246,0.789142831518436,0.575352440331897,NA,NA,"future",0.424647559668103,-0.575352440331897,0,98,"Q2"
"10719",10719,"MilwaukeeIU Indy2-28",2026-02-28,"conf","Milwaukee","IU Indy","Horz","Horz","A",NA,NA,0.247415137782907,0.293111925980727,0.789142831518436,0.900257068363485,NA,NA,"future",0.0997429316365148,-0.900257068363485,0,310,"Q4"
"10720",10720,"OregonNorthwestern2-28",2026-02-28,"conf","Oregon","Northwestern","B10","B10","A",NA,NA,0.695409733355037,0.848307220201776,0.789142831518436,0.400923368847485,NA,NA,"future",0.599076631152515,-0.400923368847485,0,69,"Q1"
"10721",10721,"North DakotaNorth Dakota St.2-28",2026-02-28,"conf","North Dakota","North Dakota St.","Sum","Sum","A",NA,NA,0.215415619860043,0.678074728815918,0.789142831518436,0.639876531050688,NA,NA,"future",0.360123468949312,-0.639876531050688,0,132,"Q2"
"10722",10722,"Mississippi Valley St.Arkansas Pine Bluff2-28",2026-02-28,"conf","Mississippi Valley St.","Arkansas Pine Bluff","SWAC","SWAC","A",NA,NA,0.0200041175334786,0.33673558307527,0.789142831518436,0.880549289395955,NA,NA,"future",0.119450710604045,-0.880549289395955,0,311,"Q4"
"10723",10723,"San Diego St.New Mexico2-28",2026-02-28,"conf","San Diego St.","New Mexico","MWC","MWC","A",NA,NA,0.806407529368549,0.889177912187195,0.789142831518436,0.318080985198017,NA,NA,"future",0.681919014801983,-0.318080985198017,0,42,"Q1"
"10724",10724,"Miami OHWestern Michigan2-28",2026-02-28,"conf","Miami OH","Western Michigan","MAC","MAC","A",NA,NA,0.696611503750518,0.39706717406787,0.789142831518436,0.850365000236185,NA,NA,"future",0.149634999763815,-0.850365000236185,0,256,"Q4"
"10725",10725,"Abilene ChristianUtah Valley2-28",2026-02-28,"conf","Abilene Christian","Utah Valley","WAC","WAC","A",NA,NA,0.25561463996283,0.786139268528895,0.789142831518436,0.50448923133059,NA,NA,"future",0.49551076866941,-0.50448923133059,0,96,"Q2"
"10726",10726,"FordhamVCU2-28",2026-02-28,"conf","Fordham","VCU","A10","A10","A",NA,NA,0.363206300265358,0.832009910410597,0.789142831518436,0.430411360912575,NA,NA,"future",0.569588639087425,-0.430411360912575,0,55,"Q1"
"10727",10727,"San DiegoPortland2-28",2026-02-28,"conf","San Diego","Portland","WCC","WCC","A",NA,NA,0.386813607349022,0.553963766133518,0.789142831518436,0.750834377479532,NA,NA,"future",0.249165622520468,-0.750834377479532,0,215,"Q3"
"10728",10728,"NJITBryant2-28",2026-02-28,"conf","NJIT","Bryant","AE","AE","A",NA,NA,0.108362596707915,0.125026481328206,0.789142831518436,0.963223783162156,NA,NA,"future",0.0367762168378437,-0.963223783162156,0,345,"Q4"
"10729",10729,"East Texas A&MUT Rio Grande Valley2-28",2026-02-28,"conf","East Texas A&M","UT Rio Grande Valley","Slnd","Slnd","A",NA,NA,0.215264103557443,0.55726232666861,0.789142831518436,0.748326675227506,NA,NA,"future",0.251673324772494,-0.748326675227506,0,194,"Q3"
"10730",10730,"Chicago St.Wagner2-28",2026-02-28,"conf","Chicago St.","Wagner","NEC","NEC","A",NA,NA,0.0739186417080468,0.231947573900047,0.789142831518436,0.925332829516718,NA,NA,"future",0.0746671704832819,-0.925332829516718,0,324,"Q4"
"10731",10731,"HawaiiCal St. Fullerton2-28",2026-02-28,"conf","Hawaii","Cal St. Fullerton","BW","BW","A",NA,NA,0.653990887306024,0.486141474245039,0.789142831518436,0.798221354022513,NA,NA,"future",0.201778645977487,-0.798221354022513,0,200,"Q3"
"10732",10732,"LouisvilleClemson2-28",2026-02-28,"conf","Louisville","Clemson","ACC","ACC","A",NA,NA,0.927853101372083,0.937538780726441,0.789142831518436,0.199576091999099,NA,NA,"future",0.800423908000901,-0.199576091999099,0,32,"Q1"
"10733",10733,"Bethune CookmanSouthern2-28",2026-02-28,"conf","Bethune Cookman","Southern","SWAC","SWAC","A",NA,NA,0.251758726760507,0.408192260035411,0.789142831518436,0.844383205258941,NA,NA,"future",0.155616794741059,-0.844383205258941,0,278,"Q4"
"10734",10734,"Charleston SouthernUNC Asheville2-28",2026-02-28,"conf","Charleston Southern","UNC Asheville","BSth","BSth","A",NA,NA,0.304852499335177,0.418702865698982,0.789142831518436,0.838602545116366,NA,NA,"future",0.161397454883634,-0.838602545116366,0,232,"Q3"
"10735",10735,"Florida St.Georgia Tech2-28",2026-02-28,"conf","Florida St.","Georgia Tech","ACC","ACC","A",NA,NA,0.567618274698031,0.649662104684215,0.789142831518436,0.668678034087465,NA,NA,"future",0.331321965912535,-0.668678034087465,0,146,"Q3"
"10736",10736,"South CarolinaGeorgia2-28",2026-02-28,"conf","South Carolina","Georgia","SEC","SEC","A",NA,NA,0.702029460608034,0.91600808149171,0.789142831518436,0.255490906957154,NA,NA,"future",0.744509093042846,-0.255490906957154,0,24,"Q1"
"10737",10737,"DartmouthPrinceton2-28",2026-02-28,"conf","Dartmouth","Princeton","Ivy","Ivy","A",NA,NA,0.313883565357004,0.452029450467109,0.789142831518436,0.819393021194762,NA,NA,"future",0.180606978805238,-0.819393021194762,0,239,"Q3"
"10738",10738,"Cal St. NorthridgeUC Riverside2-28",2026-02-28,"conf","Cal St. Northridge","UC Riverside","BW","BW","A",NA,NA,0.385010418560885,0.32462968162574,0.789142831518436,0.886184093747293,NA,NA,"future",0.113815906252707,-0.886184093747293,0,283,"Q4"
"10739",10739,"UCLAMinnesota2-28",2026-02-28,"conf","UCLA","Minnesota","B10","B10","A",NA,NA,0.799123308329882,0.837995134981792,0.789142831518436,0.419793884137052,NA,NA,"future",0.580206115862948,-0.419793884137052,0,83,"Q2"
"10740",10740,"YaleColumbia2-28",2026-02-28,"conf","Yale","Columbia","Ivy","Ivy","A",NA,NA,0.697398462944221,0.567588970085062,0.789142831518436,0.740341726214311,NA,NA,"future",0.259658273785689,-0.740341726214311,0,151,"Q3"
"10741",10741,"ArmyLafayette2-28",2026-02-28,"conf","Army","Lafayette","Pat","Pat","A",NA,NA,0.121286957424866,0.247759908493423,0.789142831518436,0.919113429490502,NA,NA,"future",0.0808865705094981,-0.919113429490502,0,328,"Q4"
"10742",10742,"Boston UniversityAmerican2-28",2026-02-28,"conf","Boston University","American","Pat","Pat","A",NA,NA,0.173160301084916,0.508095570002426,0.789142831518436,0.783703607940069,NA,NA,"future",0.216296392059931,-0.783703607940069,0,228,"Q3"
"10743",10743,"CharlestonUNC Wilmington2-28",2026-02-28,"conf","Charleston","UNC Wilmington","CAA","CAA","A",NA,NA,0.363361259870032,0.611618585583143,0.789142831518436,0.703838784355614,NA,NA,"future",0.296161215644386,-0.703838784355614,0,109,"Q2"
"10744",10744,"SyracuseWake Forest2-28",2026-02-28,"conf","Syracuse","Wake Forest","ACC","ACC","A",NA,NA,0.733076983692956,0.830188381602287,0.789142831518436,0.433595457149497,NA,NA,"future",0.566404542850503,-0.433595457149497,0,67,"Q1"
"10745",10745,"Tennessee TechSoutheast Missouri St.2-28",2026-02-28,"conf","Tennessee Tech","Southeast Missouri St.","OVC","OVC","A",NA,NA,0.08709095231161,0.342914782088887,0.789142831518436,0.877621650282935,NA,NA,"future",0.122378349717065,-0.877621650282935,0,242,"Q4"
"10746",10746,"Tarleton St.Cal Baptist2-28",2026-02-28,"conf","Tarleton St.","Cal Baptist","WAC","WAC","A",NA,NA,0.400519815714214,0.691435207905624,0.789142831518436,0.625492790676781,NA,NA,"future",0.374507209323219,-0.625492790676781,0,120,"Q2"
"10747",10747,"Loyola MDHoly Cross2-28",2026-02-28,"conf","Loyola MD","Holy Cross","Pat","Pat","A",NA,NA,0.0922603677365822,0.203196040881925,0.789142831518436,0.936207636608896,NA,NA,"future",0.0637923633911037,-0.936207636608896,0,314,"Q4"
"10748",10748,"PittsburghCalifornia2-28",2026-02-28,"conf","Pittsburgh","California","ACC","ACC","A",NA,NA,0.587700127965515,0.828977030903702,0.789142831518436,0.435700951290163,NA,NA,"future",0.564299048709837,-0.435700951290163,0,60,"Q1"
"10749",10749,"OklahomaLSU2-28",2026-02-28,"conf","Oklahoma","LSU","SEC","SEC","A",NA,NA,0.671721774627647,0.86991035902452,0.789142831518436,0.358840545849542,NA,NA,"future",0.641159454150458,-0.358840545849542,0,50,"Q1"
"10750",10750,"Alcorn St.Prairie View A&M2-28",2026-02-28,"conf","Alcorn St.","Prairie View A&M","SWAC","SWAC","A",NA,NA,0.0996439667646336,0.284102058387528,0.789142831518436,0.904129167023034,NA,NA,"future",0.0958708329769656,-0.904129167023034,0,296,"Q4"
"10751",10751,"VillanovaSt. John's2-28",2026-02-28,"conf","Villanova","St. John's","BE","BE","A",NA,NA,0.84811313237523,0.941505441293299,0.789142831518436,0.188653986484811,NA,NA,"future",0.811346013515189,-0.188653986484811,0,23,"Q1"
"10752",10752,"MississippiAuburn2-28",2026-02-28,"conf","Mississippi","Auburn","SEC","SEC","A",NA,NA,0.654298907124239,0.914477539067104,0.789142831518436,0.259262066114196,NA,NA,"future",0.740737933885804,-0.259262066114196,0,34,"Q1"
"10753",10753,"Tennessee St.Tennessee Martin2-28",2026-02-28,"conf","Tennessee St.","Tennessee Martin","OVC","OVC","A",NA,NA,0.211923958515258,0.371890241689694,0.789142831518436,0.863407239429369,NA,NA,"future",0.136592760570631,-0.863407239429369,0,187,"Q3"
"10754",10754,"MassachusettsBowling Green2-28",2026-02-28,"conf","Massachusetts","Bowling Green","MAC","MAC","A",NA,NA,0.413278035203541,0.717673284740088,0.789142831518436,0.595516196130015,NA,NA,"future",0.404483803869985,-0.595516196130015,0,101,"Q2"
"10755",10755,"Eastern IllinoisSIU Edwardsville2-28",2026-02-28,"conf","Eastern Illinois","SIU Edwardsville","OVC","OVC","A",NA,NA,0.152001874020281,0.352740157956621,0.789142831518436,0.872892862348331,NA,NA,"future",0.127107137651669,-0.872892862348331,0,255,"Q4"
"10756",10756,"Northern ArizonaEastern Washington2-28",2026-02-28,"conf","Northern Arizona","Eastern Washington","BSky","BSky","A",NA,NA,0.144289047802944,0.461978641835474,0.789142831518436,0.81338334131993,NA,NA,"future",0.18661665868007,-0.81338334131993,0,254,"Q4"
"10757",10757,"McNeese St.New Orleans2-28",2026-02-28,"conf","McNeese St.","New Orleans","Slnd","Slnd","A",NA,NA,0.683026270437139,0.48536423289852,0.789142831518436,0.798722038499175,NA,NA,"future",0.201277961500825,-0.798722038499175,0,231,"Q3"
"10758",10758,"PresbyterianWinthrop2-28",2026-02-28,"conf","Presbyterian","Winthrop","BSth","BSth","A",NA,NA,0.211694092348146,0.589293391463423,0.789142831518436,0.72286571295832,NA,NA,"future",0.27713428704168,-0.72286571295832,0,130,"Q2"
"10759",10759,"Fairleigh DickinsonLIU2-28",2026-02-28,"conf","Fairleigh Dickinson","LIU","NEC","NEC","A",NA,NA,0.105857899301199,0.478872202881425,0.789142831518436,0.802869762385744,NA,NA,"future",0.197130237614256,-0.802869762385744,0,201,"Q3"
"10760",10760,"ProvidenceCreighton2-28",2026-02-28,"conf","Providence","Creighton","BE","BE","A",NA,NA,0.682260447232124,0.853766094479856,0.789142831518436,0.390625558612227,NA,NA,"future",0.609374441387773,-0.390625558612227,0,58,"Q1"
"10761",10761,"UTEPWestern Kentucky2-28",2026-02-28,"conf","UTEP","Western Kentucky","CUSA","CUSA","A",NA,NA,0.217959569432829,0.539993818540962,0.789142831518436,0.761232506402088,NA,NA,"future",0.238767493597912,-0.761232506402088,0,167,"Q3"
"10762",10762,"San FranciscoPacific2-28",2026-02-28,"conf","San Francisco","Pacific","WCC","WCC","A",NA,NA,0.598637247467795,0.675830586238256,0.789142831518436,0.642237814640784,NA,NA,"future",0.357762185359216,-0.642237814640784,0,110,"Q2"
"10763",10763,"QueensCentral Arkansas2-28",2026-02-28,"conf","Queens","Central Arkansas","ASun","ASun","A",NA,NA,0.358618140773719,0.578184355364173,0.789142831518436,0.73193102040683,NA,NA,"future",0.26806897959317,-0.73193102040683,0,206,"Q3"
"10764",10764,"Boston CollegeMiami FL2-28",2026-02-28,"conf","Boston College","Miami FL","ACC","ACC","A",NA,NA,0.452301733460503,0.882624997146115,0.789142831518436,0.332309029138053,NA,NA,"future",0.667690970861947,-0.332309029138053,0,37,"Q1"
"10765",10765,"South Dakota St.South Dakota2-28",2026-02-28,"conf","South Dakota St.","South Dakota","Sum","Sum","A",NA,NA,0.37728213329656,0.342292200243587,0.789142831518436,0.877918226219965,NA,NA,"future",0.122081773780035,-0.877918226219965,0,272,"Q4"
"10766",10766,"Oklahoma St.Cincinnati2-28",2026-02-28,"conf","Oklahoma St.","Cincinnati","B12","B12","A",NA,NA,0.704302099365832,0.873465038086542,0.789142831518436,0.351561364376916,NA,NA,"future",0.648438635623084,-0.351561364376916,0,72,"Q1"
"10767",10767,"Portland St.Montana2-28",2026-02-28,"conf","Portland St.","Montana","BSky","BSky","A",NA,NA,0.428876901216264,0.633343943366853,0.789142831518436,0.68420773286188,NA,NA,"future",0.31579226713812,-0.68420773286188,0,163,"Q3"
"10768",10768,"VanderbiltKentucky2-28",2026-02-28,"conf","Vanderbilt","Kentucky","SEC","SEC","A",NA,NA,0.928124167770446,0.894882969930619,0.789142831518436,0.305370611040222,NA,NA,"future",0.694629388959778,-0.305370611040222,0,31,"Q1"
"10769",10769,"ColoradoHouston2-28",2026-02-28,"conf","Colorado","Houston","B12","B12","A",NA,NA,0.640434349812151,0.978859960512281,0.789142831518436,0.0747819159995559,NA,NA,"future",0.925218084000444,-0.0747819159995559,0,10,"Q1"
"10770",10770,"New Mexico St.Middle Tennessee2-28",2026-02-28,"conf","New Mexico St.","Middle Tennessee","CUSA","CUSA","A",NA,NA,0.516577137332239,0.754494348969183,0.789142831518436,0.54910087733936,NA,NA,"future",0.45089912266064,-0.54910087733936,0,111,"Q2"
"10771",10771,"New HampshireAlbany2-28",2026-02-28,"conf","New Hampshire","Albany","AE","AE","A",NA,NA,0.179474847733072,0.305119018679747,0.789142831518436,0.894994515735722,NA,NA,"future",0.105005484264278,-0.894994515735722,0,309,"Q4"
"10772",10772,"Oral RobertsUMKC2-28",2026-02-28,"conf","Oral Roberts","UMKC","Sum","Sum","A",NA,NA,0.14650394031066,0.148903257972366,0.789142831518436,0.955340268216691,NA,NA,"future",0.0446597317833091,-0.955340268216691,0,346,"Q4"
"10773",10773,"AlabamaTennessee2-28",2026-02-28,"conf","Alabama","Tennessee","SEC","SEC","A",NA,NA,0.916668476253729,0.951108153148531,0.789142831518436,0.161345502513521,NA,NA,"future",0.838654497486479,-0.161345502513521,0,26,"Q1"
"10774",10774,"Northwestern St.Texas A&M Corpus Chris2-28",2026-02-28,"conf","Northwestern St.","Texas A&M Corpus Chris","Slnd","Slnd","A",NA,NA,0.172988629015108,0.574962601011334,0.789142831518436,0.734512356833687,NA,NA,"future",0.265487643166313,-0.734512356833687,0,181,"Q3"
"10775",10775,"Ball St.Northern Illinois2-28",2026-02-28,"conf","Ball St.","Northern Illinois","MAC","MAC","A",NA,NA,0.175570369203068,0.231423124479628,0.789142831518436,0.925536135207541,NA,NA,"future",0.0744638647924589,-0.925536135207541,0,312,"Q4"
"10776",10776,"Weber St.Idaho St.2-28",2026-02-28,"conf","Weber St.","Idaho St.","BSky","BSky","A",NA,NA,0.362300900236987,0.482382067045718,0.789142831518436,0.800634908501729,NA,NA,"future",0.199365091498271,-0.800634908501729,0,174,"Q3"
"10777",10777,"Saint FrancisCentral Connecticut2-28",2026-02-28,"conf","Saint Francis","Central Connecticut","NEC","NEC","A",NA,NA,0.0661980827384546,0.302144565079282,0.789142831518436,0.896309263138175,NA,NA,"future",0.103690736861825,-0.896309263138175,0,247,"Q4"
"10778",10778,"TexasTexas A&M2-28",2026-02-28,"conf","Texas","Texas A&M","SEC","SEC","A",NA,NA,0.805200835828333,0.915550420652576,0.789142831518436,0.256621248205328,NA,NA,"future",0.743378751794672,-0.256621248205328,0,41,"Q1"
"10779",10779,"Florida Gulf CoastStetson2-28",2026-02-28,"conf","Florida Gulf Coast","Stetson","ASun","ASun","A",NA,NA,0.308404183016962,0.223300374896591,0.789142831518436,0.928661106603634,NA,NA,"future",0.0713388933963659,-0.928661106603634,0,327,"Q4"
"10780",10780,"ElonMonmouth2-28",2026-02-28,"conf","Elon","Monmouth","CAA","CAA","A",NA,NA,0.417238728194965,0.470690741874601,0.789142831518436,0.808011054668748,NA,NA,"future",0.191988945331252,-0.808011054668748,0,204,"Q3"
"10781",10781,"LibertyJacksonville St.2-28",2026-02-28,"conf","Liberty","Jacksonville St.","CUSA","CUSA","A",NA,NA,0.617063960398147,0.444551537137328,0.789142831518436,0.823824402356089,NA,NA,"future",0.176175597643911,-0.823824402356089,0,245,"Q4"
"10782",10782,"BaylorUCF2-28",2026-02-28,"conf","Baylor","UCF","B12","B12","A",NA,NA,0.740905781509242,0.866736847529921,0.789142831518436,0.365251362941497,NA,NA,"future",0.634748637058503,-0.365251362941497,0,39,"Q1"
"10783",10783,"ColgateNavy2-28",2026-02-28,"conf","Colgate","Navy","Pat","Pat","A",NA,NA,0.363069644263239,0.465453988539404,0.789142831518436,0.811252761824176,NA,NA,"future",0.188747238175824,-0.811252761824176,0,193,"Q3"
"10784",10784,"HarvardPenn2-28",2026-02-28,"conf","Harvard","Penn","Ivy","Ivy","A",NA,NA,0.3540000459956,0.554637837343646,0.789142831518436,0.750323581088423,NA,NA,"future",0.249676418911577,-0.750323581088423,0,178,"Q3"
"10785",10785,"Alabama St.Alabama A&M2-28",2026-02-28,"conf","Alabama St.","Alabama A&M","SWAC","SWAC","A",NA,NA,0.161273195651384,0.264840745295219,0.789142831518436,0.91219415768358,NA,NA,"future",0.0878058423164204,-0.91219415768358,0,308,"Q4"
"10786",10786,"Nebraska OmahaSt. Thomas2-28",2026-02-28,"conf","Nebraska Omaha","St. Thomas","Sum","Sum","A",NA,NA,0.245482919288472,0.711266776860035,0.789142831518436,0.603057697731894,NA,NA,"future",0.396942302268106,-0.603057697731894,0,116,"Q2"
"10787",10787,"Austin PeayBellarmine2-28",2026-02-28,"conf","Austin Peay","Bellarmine","ASun","ASun","A",NA,NA,0.467994966707812,0.246363301451693,0.789142831518436,0.919669832563784,NA,NA,"future",0.080330167436216,-0.919669832563784,0,291,"Q4"
"10788",10788,"Air ForceWyoming2-28",2026-02-28,"conf","Air Force","Wyoming","MWC","MWC","A",NA,NA,0.105682919431014,0.76314542480965,0.789142831518436,0.53737119837597,NA,NA,"future",0.46262880162403,-0.53737119837597,0,100,"Q2"
"10789",10789,"Stephen F. AustinHouston Christian2-28",2026-02-28,"conf","Stephen F. Austin","Houston Christian","Slnd","Slnd","A",NA,NA,0.698277000404957,0.276141122733715,0.789142831518436,0.907497132184877,NA,NA,"future",0.0925028678151233,-0.907497132184877,0,297,"Q4"
"10790",10790,"Boise St.Fresno St.2-28",2026-02-28,"conf","Boise St.","Fresno St.","MWC","MWC","A",NA,NA,0.719435859842334,0.639155744766348,0.789142831518436,0.678756847319588,NA,NA,"future",0.321243152680412,-0.678756847319588,0,139,"Q3"
"10791",10791,"ArkansasFlorida2-28",2026-02-28,"conf","Arkansas","Florida","SEC","SEC","A",NA,NA,0.899851369198693,0.967769745662781,0.789142831518436,0.110826915239594,NA,NA,"future",0.889173084760406,-0.110826915239594,0,14,"Q1"
"10792",10792,"Stony BrookHofstra2-28",2026-02-28,"conf","Stony Brook","Hofstra","CAA","CAA","A",NA,NA,0.309545341676412,0.699970786275648,0.789142831518436,0.616000755318418,NA,NA,"future",0.383999244681582,-0.616000755318418,0,106,"Q2"
"10793",10793,"ToledoOhio2-28",2026-02-28,"conf","Toledo","Ohio","MAC","MAC","A",NA,NA,0.405578446649967,0.450162132915252,0.789142831518436,0.820506375236532,NA,NA,"future",0.179493624763468,-0.820506375236532,0,216,"Q3"
"10794",10794,"IowaPenn St.2-28",2026-02-28,"conf","Iowa","Penn St.","B10","B10","A",NA,NA,0.910684041262198,0.644016964773121,0.789142831518436,0.674129982609513,NA,NA,"future",0.325870017390487,-0.674129982609513,0,131,"Q2"
"10795",10795,"Cleveland St.Robert Morris2-28",2026-02-28,"conf","Cleveland St.","Robert Morris","Horz","Horz","A",NA,NA,0.170841144385821,0.517536678288298,0.789142831518436,0.777229028620444,NA,NA,"future",0.222770971379556,-0.777229028620444,0,186,"Q3"
"10796",10796,"St. BonaventureGeorge Mason2-28",2026-02-28,"conf","St. Bonaventure","George Mason","A10","A10","A",NA,NA,0.42887918075561,0.758834600748699,0.789142831518436,0.543257964252141,NA,NA,"future",0.456742035747859,-0.543257964252141,0,63,"Q1"
"10797",10797,"MissouriMississippi St.2-28",2026-02-28,"conf","Missouri","Mississippi St.","SEC","SEC","A",NA,NA,0.730398132959743,0.769828564240354,0.789142831518436,0.528076163539221,NA,NA,"future",0.471923836460779,-0.528076163539221,0,99,"Q2"
"10798",10798,"East Tennessee St.Mercer2-28",2026-02-28,"conf","East Tennessee St.","Mercer","SC","SC","A",NA,NA,0.448888433472161,0.653833270716202,0.789142831518436,0.664593982193898,NA,NA,"future",0.335406017806102,-0.664593982193898,0,125,"Q2"
"10799",10799,"RadfordLongwood2-28",2026-02-28,"conf","Radford","Longwood","BSth","BSth","A",NA,NA,0.229310238486478,0.312752660506419,0.789142831518436,0.891586317792624,NA,NA,"future",0.108413682207376,-0.891586317792624,0,271,"Q4"
"10800",10800,"LindenwoodWestern Illinois2-28",2026-02-28,"conf","Lindenwood","Western Illinois","OVC","OVC","A",NA,NA,0.294360678016868,0.107692571655567,0.789142831518436,0.968759361171826,NA,NA,"future",0.0312406388281743,-0.968759361171826,0,356,"Q4"
"10801",10801,"NortheasternHampton2-28",2026-02-28,"conf","Northeastern","Hampton","CAA","CAA","A",NA,NA,0.250737593781546,0.35585106001734,0.789142831518436,0.871376437514081,NA,NA,"future",0.128623562485919,-0.871376437514081,0,238,"Q3"
"10802",10802,"Detroit MercyOakland2-28",2026-02-28,"conf","Detroit Mercy","Oakland","Horz","Horz","A",NA,NA,0.268076298487336,0.639939911872445,0.789142831518436,0.678014683260013,NA,NA,"future",0.321985316739987,-0.678014683260013,0,135,"Q2"
"10803",10803,"CampbellTowson2-28",2026-02-28,"conf","Campbell","Towson","CAA","CAA","A",NA,NA,0.327073956545687,0.507727245638924,0.789142831518436,0.783953308037154,NA,NA,"future",0.216046691962846,-0.783953308037154,0,162,"Q3"
"10804",10804,"LipscombEastern Kentucky2-28",2026-02-28,"conf","Lipscomb","Eastern Kentucky","ASun","ASun","A",NA,NA,0.400063738169319,0.353630994291055,0.789142831518436,0.872459573266937,NA,NA,"future",0.127540426733063,-0.872459573266937,0,262,"Q4"
"10805",10805,"DelawareKennesaw St.2-28",2026-02-28,"conf","Delaware","Kennesaw St.","CUSA","CUSA","A",NA,NA,0.176954731417496,0.57740333990607,0.789142831518436,0.732558726349593,NA,NA,"future",0.267441273650407,-0.732558726349593,0,159,"Q3"
"10806",10806,"Virginia TechNorth Carolina2-28",2026-02-28,"conf","Virginia Tech","North Carolina","ACC","ACC","A",NA,NA,0.754253091747402,0.914942599410585,0.789142831518436,0.258118902076419,NA,NA,"future",0.741881097923581,-0.258118902076419,0,27,"Q1"
"10807",10807,"Central MichiganBuffalo2-28",2026-02-28,"conf","Central Michigan","Buffalo","MAC","MAC","A",NA,NA,0.143586134959525,0.546556873185776,0.789142831518436,0.756391714958197,NA,NA,"future",0.243608285041803,-0.756391714958197,0,165,"Q3"
"10808",10808,"JacksonvilleNorth Florida2-28",2026-02-28,"conf","Jacksonville","North Florida","ASun","ASun","A",NA,NA,0.161966016954007,0.222890542562906,0.789142831518436,0.928817598328057,NA,NA,"future",0.0711824016719433,-0.928817598328057,0,341,"Q4"
"10809",10809,"Oregon St.Santa Clara2-28",2026-02-28,"conf","Oregon St.","Santa Clara","WCC","WCC","A",NA,NA,0.33310428152549,0.904534982736246,0.789142831518436,0.28314899833366,NA,NA,"future",0.716851001666339,-0.28314899833366,0,44,"Q1"
"10810",10810,"South Carolina St.Maryland Eastern Shore2-28",2026-02-28,"conf","South Carolina St.","Maryland Eastern Shore","MEAC","MEAC","A",NA,NA,0.0507325033248179,0.194861945562525,0.789142831518436,0.939259937606587,NA,NA,"future",0.0607400623934126,-0.939259937606587,0,325,"Q4"
"10811",10811,"Florida A&MGrambling St.2-28",2026-02-28,"conf","Florida A&M","Grambling St.","SWAC","SWAC","A",NA,NA,0.193160437433708,0.36719319961836,0.789142831518436,0.865767541088024,NA,NA,"future",0.134232458911976,-0.865767541088024,0,266,"Q4"
"10812",10812,"Saint Peter'sMarist3-1",2026-03-01,"conf","Marist","Saint Peter's","MAAC","MAAC","H",NA,NA,0.603367224365608,0.312643989802408,0.87694452176131,0.940003404180597,NA,NA,"future",0.0599965958194028,-0.940003404180597,0,223,"Q4"
"10813",10813,"BelmontIllinois St.3-1",2026-03-01,"conf","Illinois St.","Belmont","MVC","MVC","H",NA,NA,0.816126473444108,0.686175756192134,0.87694452176131,0.76521878965505,NA,NA,"future",0.23478121034495,-0.76521878965505,0,64,"Q2"
"10814",10814,"IonaManhattan3-1",2026-03-01,"conf","Manhattan","Iona","MAAC","MAAC","H",NA,NA,0.199140354213253,0.289732912826144,0.87694452176131,0.945858398301721,NA,NA,"future",0.054141601698279,-0.945858398301721,0,218,"Q4"
"10815",10815,"QuinnipiacCanisius3-1",2026-03-01,"conf","Canisius","Quinnipiac","MAAC","MAAC","H",NA,NA,0.168655818164591,0.407246884569133,0.87694452176131,0.912069287849074,NA,NA,"future",0.0879307121509264,-0.912069287849074,0,184,"Q4"
"10816",10816,"La SalleDavidson3-1",2026-03-01,"conf","Davidson","La Salle","A10","A10","H",NA,NA,0.692626171471865,0.347282363436385,0.87694452176131,0.930527128014643,NA,NA,"future",0.0694728719853572,-0.930527128014643,0,227,"Q4"
"10817",10817,"PurdueOhio St.3-1",2026-03-01,"conf","Ohio St.","Purdue","B10","B10","H",NA,NA,0.895316100144004,0.942325072165618,0.87694452176131,0.303704422926014,NA,NA,"future",0.696295577073986,-0.303704422926014,0,5,"Q1"
"10818",10818,"CharlotteFlorida Atlantic3-1",2026-03-01,"conf","Florida Atlantic","Charlotte","Amer","Amer","H",NA,NA,0.793840431015816,0.408184823211502,0.87694452176131,0.911757290865428,NA,NA,"future",0.0882427091345716,-0.911757290865428,0,173,"Q4"
"10819",10819,"Illinois ChicagoIndiana St.3-1",2026-03-01,"conf","Indiana St.","Illinois Chicago","MVC","MVC","H",NA,NA,0.52112194682298,0.500741447619587,0.87694452176131,0.876624116731868,NA,NA,"future",0.123375883268132,-0.876624116731868,0,161,"Q4"
"10820",10820,"RutgersMaryland3-1",2026-03-01,"conf","Maryland","Rutgers","B10","B10","H",NA,NA,0.718765491706146,0.434313559219032,0.87694452176131,0.902743058079771,NA,NA,"future",0.0972569419202294,-0.902743058079771,0,153,"Q3"
"10821",10821,"RiderSiena3-1",2026-03-01,"conf","Siena","Rider","MAAC","MAAC","H",NA,NA,0.54942727469335,0.0692807104895986,0.87694452176131,0.989662640329338,NA,NA,"future",0.010337359670662,-0.989662640329338,0,357,"Q4"
"10822",10822,"Murray St.Bradley3-1",2026-03-01,"conf","Bradley","Murray St.","MVC","MVC","H",NA,NA,0.630393603174275,0.635707651012394,0.87694452176131,0.803296496851395,NA,NA,"future",0.196703503148605,-0.803296496851395,0,74,"Q2"
"10823",10823,"Northern IowaDrake3-1",2026-03-01,"conf","Drake","Northern Iowa","MVC","MVC","H",NA,NA,0.53888123509143,0.62119758035374,0.87694452176131,0.812931803778752,NA,NA,"future",0.187068196221248,-0.812931803778752,0,102,"Q3"
"10824",10824,"Wichita St.UTSA3-1",2026-03-01,"conf","UTSA","Wichita St.","Amer","Amer","H",NA,NA,0.118500483117376,0.597783953153128,0.87694452176131,0.82743668853645,NA,NA,"future",0.17256331146355,-0.82743668853645,0,95,"Q3"
"10825",10825,"Mount St. Mary'sFairfield3-1",2026-03-01,"conf","Fairfield","Mount St. Mary's","MAAC","MAAC","H",NA,NA,0.35586849615359,0.171353269912124,0.87694452176131,0.97180128755884,NA,NA,"future",0.0281987124411597,-0.97180128755884,0,304,"Q4"
"10826",10826,"Michigan St.Indiana3-1",2026-03-01,"conf","Indiana","Michigan St.","B10","B10","H",NA,NA,0.929075305570624,0.932129770868875,0.87694452176131,0.341623855432532,NA,NA,"future",0.658376144567468,-0.341623855432532,0,11,"Q1"
"10827",10827,"DePaulMarquette3-1",2026-03-01,"conf","Marquette","DePaul","BE","BE","H",NA,NA,0.679338014949704,0.57837139577554,0.87694452176131,0.838582265959197,NA,NA,"future",0.161417734040803,-0.838582265959197,0,113,"Q3"
"10828",10828,"MemphisEast Carolina3-1",2026-03-01,"conf","East Carolina","Memphis","Amer","Amer","H",NA,NA,0.262679066039086,0.647741340141445,0.87694452176131,0.794894141174265,NA,NA,"future",0.205105858825735,-0.794894141174265,0,112,"Q3"
"10829",10829,"MerrimackNiagara3-1",2026-03-01,"conf","Niagara","Merrimack","MAAC","MAAC","H",NA,NA,0.127205292330729,0.339779292896384,0.87694452176131,0.932647440717921,NA,NA,"future",0.0673525592820787,-0.932647440717921,0,217,"Q4"
"10830",10830,"TulaneSouth Florida3-1",2026-03-01,"conf","South Florida","Tulane","Amer","Amer","H",NA,NA,0.827671121247399,0.343744187026903,0.87694452176131,0.931531828337849,NA,NA,"future",0.0684681716621508,-0.931531828337849,0,202,"Q4"
"10831",10831,"RiceTemple3-1",2026-03-01,"conf","Temple","Rice","Amer","Amer","H",NA,NA,0.639379701297134,0.305946467034478,0.87694452176131,0.941747346673167,NA,NA,"future",0.0582526533268328,-0.941747346673167,0,253,"Q4"
"10832",10832,"North TexasUAB3-1",2026-03-01,"conf","UAB","North Texas","Amer","Amer","H",NA,NA,0.677896014710966,0.455092616735083,0.87694452176131,0.895099567727526,NA,NA,"future",0.104900432272474,-0.895099567727526,0,147,"Q3"
"10833",10833,"Maryland Eastern ShoreDelaware St.3-1",2026-03-01,"conf","Delaware St.","Maryland Eastern Shore","MEAC","MEAC","H",NA,NA,0.090666985933371,0.112768939573491,0.87694452176131,0.98247717744524,NA,NA,"future",0.0175228225547599,-0.98247717744524,0,325,"Q4"
"10834",10834,"Saint Peter'sMarist3-1",2026-03-01,"conf","Saint Peter's","Marist","MAAC","MAAC","A",NA,NA,0.312643989802408,0.603367224365608,0.789142831518436,0.71100112209817,NA,NA,"future",0.28899887790183,-0.71100112209817,0,150,"Q3"
"10835",10835,"BelmontIllinois St.3-1",2026-03-01,"conf","Belmont","Illinois St.","MVC","MVC","A",NA,NA,0.686175756192134,0.816126473444108,0.789142831518436,0.457464356306282,NA,NA,"future",0.542535643693718,-0.457464356306282,0,79,"Q2"
"10836",10836,"IonaManhattan3-1",2026-03-01,"conf","Iona","Manhattan","MAAC","MAAC","A",NA,NA,0.289732912826144,0.199140354213253,0.789142831518436,0.937698454634616,NA,NA,"future",0.0623015453653843,-0.937698454634616,0,330,"Q4"
"10837",10837,"QuinnipiacCanisius3-1",2026-03-01,"conf","Quinnipiac","Canisius","MAAC","MAAC","A",NA,NA,0.407246884569133,0.168655818164591,0.789142831518436,0.948580548987064,NA,NA,"future",0.051419451012936,-0.948580548987064,0,342,"Q4"
"10838",10838,"La SalleDavidson3-1",2026-03-01,"conf","La Salle","Davidson","A10","A10","A",NA,NA,0.347282363436385,0.692626171471865,0.789142831518436,0.624182848539627,NA,NA,"future",0.375817151460373,-0.624182848539627,0,119,"Q2"
"10839",10839,"PurdueOhio St.3-1",2026-03-01,"conf","Purdue","Ohio St.","B10","B10","A",NA,NA,0.942325072165618,0.895316100144004,0.789142831518436,0.304393013328042,NA,NA,"future",0.695606986671958,-0.304393013328042,0,35,"Q1"
"10840",10840,"CharlotteFlorida Atlantic3-1",2026-03-01,"conf","Charlotte","Florida Atlantic","Amer","Amer","A",NA,NA,0.408184823211502,0.793840431015816,0.789142831518436,0.492884070110421,NA,NA,"future",0.507115929889579,-0.492884070110421,0,91,"Q2"
"10841",10841,"Illinois ChicagoIndiana St.3-1",2026-03-01,"conf","Illinois Chicago","Indiana St.","MVC","MVC","A",NA,NA,0.500741447619587,0.52112194682298,0.789142831518436,0.774732331268569,NA,NA,"future",0.225267668731431,-0.774732331268569,0,205,"Q3"
"10842",10842,"RutgersMaryland3-1",2026-03-01,"conf","Rutgers","Maryland","B10","B10","A",NA,NA,0.434313559219032,0.718765491706146,0.789142831518436,0.594215563299714,NA,NA,"future",0.405784436700286,-0.594215563299714,0,152,"Q3"
"10843",10843,"RiderSiena3-1",2026-03-01,"conf","Rider","Siena","MAAC","MAAC","A",NA,NA,0.0692807104895986,0.54942727469335,0.789142831518436,0.75425005854782,NA,NA,"future",0.24574994145218,-0.75425005854782,0,172,"Q3"
"10844",10844,"Murray St.Bradley3-1",2026-03-01,"conf","Murray St.","Bradley","MVC","MVC","A",NA,NA,0.635707651012394,0.630393603174275,0.789142831518436,0.686941833214128,NA,NA,"future",0.313058166785872,-0.686941833214128,0,124,"Q2"
"10845",10845,"Northern IowaDrake3-1",2026-03-01,"conf","Northern Iowa","Drake","MVC","MVC","A",NA,NA,0.62119758035374,0.53888123509143,0.789142831518436,0.762045499978807,NA,NA,"future",0.237954500021193,-0.762045499978807,0,166,"Q3"
"10846",10846,"Wichita St.UTSA3-1",2026-03-01,"conf","Wichita St.","UTSA","Amer","Amer","A",NA,NA,0.597783953153128,0.118500483117376,0.789142831518436,0.96532593406337,NA,NA,"future",0.0346740659366295,-0.96532593406337,0,349,"Q4"
"10847",10847,"Mount St. Mary'sFairfield3-1",2026-03-01,"conf","Mount St. Mary's","Fairfield","MAAC","MAAC","A",NA,NA,0.171353269912124,0.35586849615359,0.789142831518436,0.871367911823899,NA,NA,"future",0.128632088176101,-0.871367911823899,0,248,"Q4"
"10848",10848,"Michigan St.Indiana3-1",2026-03-01,"conf","Michigan St.","Indiana","B10","B10","A",NA,NA,0.932129770868875,0.929075305570624,0.789142831518436,0.222214997574681,NA,NA,"future",0.777785002425319,-0.222214997574681,0,38,"Q1"
"10849",10849,"DePaulMarquette3-1",2026-03-01,"conf","DePaul","Marquette","BE","BE","A",NA,NA,0.57837139577554,0.679338014949704,0.789142831518436,0.638540499954744,NA,NA,"future",0.361459500045256,-0.638540499954744,0,142,"Q3"
"10850",10850,"MemphisEast Carolina3-1",2026-03-01,"conf","Memphis","East Carolina","Amer","Amer","A",NA,NA,0.647741340141445,0.262679066039086,0.789142831518436,0.913081687465795,NA,NA,"future",0.0869183125342055,-0.913081687465795,0,299,"Q4"
"10851",10851,"MerrimackNiagara3-1",2026-03-01,"conf","Merrimack","Niagara","MAAC","MAAC","A",NA,NA,0.339779292896384,0.127205292330729,0.789142831518436,0.962517008599123,NA,NA,"future",0.0374829914008765,-0.962517008599123,0,355,"Q4"
"10852",10852,"TulaneSouth Florida3-1",2026-03-01,"conf","Tulane","South Florida","Amer","Amer","A",NA,NA,0.343744187026903,0.827671121247399,0.789142831518436,0.437960160751415,NA,NA,"future",0.562039839248585,-0.437960160751415,0,66,"Q1"
"10853",10853,"RiceTemple3-1",2026-03-01,"conf","Rice","Temple","Amer","Amer","A",NA,NA,0.305946467034478,0.639379701297134,0.789142831518436,0.67854505050098,NA,NA,"future",0.32145494949902,-0.67854505050098,0,154,"Q3"
"10854",10854,"North TexasUAB3-1",2026-03-01,"conf","North Texas","UAB","Amer","Amer","A",NA,NA,0.455092616735083,0.677896014710966,0.789142831518436,0.640065139338454,NA,NA,"future",0.359934860661546,-0.640065139338454,0,122,"Q2"
"10855",10855,"Maryland Eastern ShoreDelaware St.3-1",2026-03-01,"conf","Maryland Eastern Shore","Delaware St.","MEAC","MEAC","A",NA,NA,0.112768939573491,0.090666985933371,0.789142831518436,0.974049833381381,NA,NA,"future",0.0259501666186186,-0.974049833381381,0,358,"Q4"
"10856",10856,"LamarHouston Christian3-2",2026-03-02,"conf","Houston Christian","Lamar","Slnd","Slnd","H",NA,NA,0.276141122733715,0.29006579149575,0.87694452176131,0.945775529853966,NA,NA,"future",0.0542244701460342,-0.945775529853966,0,220,"Q4"
"10857",10857,"Norfolk St.Morgan St.3-2",2026-03-02,"conf","Morgan St.","Norfolk St.","MEAC","MEAC","H",NA,NA,0.0769875851717531,0.12516166540671,0.87694452176131,0.980319327860556,NA,NA,"future",0.019680672139444,-0.980319327860556,0,303,"Q4"
"10858",10858,"DukeN.C. State3-2",2026-03-02,"conf","N.C. State","Duke","ACC","ACC","H",NA,NA,0.928506150979041,0.939287290689777,0.87694452176131,0.315363975570193,NA,NA,"future",0.684636024429807,-0.315363975570193,0,2,"Q1"
"10859",10859,"Weber St.Portland St.3-2",2026-03-02,"conf","Portland St.","Weber St.","BSky","BSky","H",NA,NA,0.588461091868302,0.362300900236987,0.87694452176131,0.926163657167391,NA,NA,"future",0.073836342832609,-0.926163657167391,0,190,"Q4"
"10860",10860,"South Carolina St.Delaware St.3-2",2026-03-02,"conf","Delaware St.","South Carolina St.","MEAC","MEAC","H",NA,NA,0.090666985933371,0.0507325033248179,0.87694452176131,0.992556422425133,NA,NA,"future",0.00744357757486747,-0.992556422425133,0,360,"Q4"
"10861",10861,"MontanaNorthern Colorado3-2",2026-03-02,"conf","Northern Colorado","Montana","BSky","BSky","H",NA,NA,0.60052552003834,0.47565609222007,0.87694452176131,0.887080556167823,NA,NA,"future",0.112919443832177,-0.887080556167823,0,163,"Q4"
"10862",10862,"East Texas A&MTexas A&M Corpus Chris3-2",2026-03-02,"conf","Texas A&M Corpus Chris","East Texas A&M","Slnd","Slnd","H",NA,NA,0.574962601011334,0.215264103557443,0.87694452176131,0.962934186645948,NA,NA,"future",0.0370658133540517,-0.962934186645948,0,277,"Q4"
"10863",10863,"IdahoEastern Washington3-2",2026-03-02,"conf","Eastern Washington","Idaho","BSky","BSky","H",NA,NA,0.461978641835474,0.431116462873849,0.87694452176131,0.903880582257921,NA,NA,"future",0.0961194177420787,-0.903880582257921,0,158,"Q3"
"10864",10864,"Northwestern St.UT Rio Grande Valley3-2",2026-03-02,"conf","UT Rio Grande Valley","Northwestern St.","Slnd","Slnd","H",NA,NA,0.55726232666861,0.172988629015108,0.87694452176131,0.971485151015013,NA,NA,"future",0.028514848984987,-0.971485151015013,0,306,"Q4"
"10865",10865,"North Carolina CentralMaryland Eastern Shore3-2",2026-03-02,"conf","Maryland Eastern Shore","North Carolina Central","MEAC","MEAC","H",NA,NA,0.194861945562525,0.082756424692227,0.87694452176131,0.987497925961696,NA,NA,"future",0.0125020740383036,-0.987497925961696,0,344,"Q4"
"10866",10866,"Southeastern LouisianaNew Orleans3-2",2026-03-02,"conf","New Orleans","Southeastern Louisiana","Slnd","Slnd","H",NA,NA,0.48536423289852,0.210763265088124,0.87694452176131,0.963880666391084,NA,NA,"future",0.0361193336089162,-0.963880666391084,0,288,"Q4"
"10867",10867,"Montana St.Northern Arizona3-2",2026-03-02,"conf","Northern Arizona","Montana St.","BSky","BSky","H",NA,NA,0.24304227579025,0.518194021185584,0.87694452176131,0.868869531125587,NA,NA,"future",0.131130468874413,-0.868869531125587,0,134,"Q3"
"10868",10868,"Iowa St.Arizona3-2",2026-03-02,"conf","Arizona","Iowa St.","B12","B12","H",NA,NA,0.977752465301565,0.932186105100022,0.87694452176131,0.341423525966652,NA,NA,"future",0.658576474033348,-0.341423525966652,0,6,"Q1"
"10869",10869,"Coppin St.Howard3-2",2026-03-02,"conf","Howard","Coppin St.","MEAC","MEAC","H",NA,NA,0.366972280657132,0.0259808577725411,0.87694452176131,0.996271000581672,NA,NA,"future",0.00372899941832849,-0.996271000581672,0,364,"Q4"
"10870",10870,"Stephen F. AustinIncarnate Word3-2",2026-03-02,"conf","Incarnate Word","Stephen F. Austin","Slnd","Slnd","H",NA,NA,0.403222433818588,0.698277000404957,0.87694452176131,0.75485983588986,NA,NA,"future",0.24514016411014,-0.75485983588986,0,88,"Q3"
"10871",10871,"Idaho St.Sacramento St.3-2",2026-03-02,"conf","Sacramento St.","Idaho St.","BSky","BSky","H",NA,NA,0.304984656110273,0.328595781865349,0.87694452176131,0.935737061162961,NA,NA,"future",0.0642629388370387,-0.935737061162961,0,174,"Q4"
"10872",10872,"McNeese St.Nicholls St.3-2",2026-03-02,"conf","Nicholls St.","McNeese St.","Slnd","Slnd","H",NA,NA,0.447990911854504,0.683026270437139,0.87694452176131,0.767829201135309,NA,NA,"future",0.232170798864691,-0.767829201135309,0,57,"Q2"
"10873",10873,"LamarHouston Christian3-2",2026-03-02,"conf","Lamar","Houston Christian","Slnd","Slnd","A",NA,NA,0.29006579149575,0.276141122733715,0.789142831518436,0.907497132184877,NA,NA,"future",0.0925028678151233,-0.907497132184877,0,297,"Q4"
"10874",10874,"Norfolk St.Morgan St.3-2",2026-03-02,"conf","Norfolk St.","Morgan St.","MEAC","MEAC","A",NA,NA,0.12516166540671,0.0769875851717531,0.789142831518436,0.978199161594347,NA,NA,"future",0.0218008384056526,-0.978199161594347,0,361,"Q4"
"10875",10875,"DukeN.C. State3-2",2026-03-02,"conf","Duke","N.C. State","ACC","ACC","A",NA,NA,0.939287290689777,0.928506150979041,0.789142831518436,0.223705894573487,NA,NA,"future",0.776294105426513,-0.223705894573487,0,29,"Q1"
"10876",10876,"Weber St.Portland St.3-2",2026-03-02,"conf","Weber St.","Portland St.","BSky","BSky","A",NA,NA,0.362300900236987,0.588461091868302,0.789142831518436,0.723553887104282,NA,NA,"future",0.276446112895718,-0.723553887104282,0,137,"Q3"
"10877",10877,"South Carolina St.Delaware St.3-2",2026-03-02,"conf","South Carolina St.","Delaware St.","MEAC","MEAC","A",NA,NA,0.0507325033248179,0.090666985933371,0.789142831518436,0.974049833381381,NA,NA,"future",0.0259501666186186,-0.974049833381381,0,358,"Q4"
"10878",10878,"MontanaNorthern Colorado3-2",2026-03-02,"conf","Montana","Northern Colorado","BSky","BSky","A",NA,NA,0.47565609222007,0.60052552003834,0.789142831518436,0.713431964782188,NA,NA,"future",0.286568035217812,-0.713431964782188,0,164,"Q3"
"10879",10879,"East Texas A&MTexas A&M Corpus Chris3-2",2026-03-02,"conf","East Texas A&M","Texas A&M Corpus Chris","Slnd","Slnd","A",NA,NA,0.215264103557443,0.574962601011334,0.789142831518436,0.734512356833687,NA,NA,"future",0.265487643166313,-0.734512356833687,0,181,"Q3"
"10880",10880,"IdahoEastern Washington3-2",2026-03-02,"conf","Idaho","Eastern Washington","BSky","BSky","A",NA,NA,0.431116462873849,0.461978641835474,0.789142831518436,0.81338334131993,NA,NA,"future",0.18661665868007,-0.81338334131993,0,254,"Q4"
"10881",10881,"Northwestern St.UT Rio Grande Valley3-2",2026-03-02,"conf","Northwestern St.","UT Rio Grande Valley","Slnd","Slnd","A",NA,NA,0.172988629015108,0.55726232666861,0.789142831518436,0.748326675227506,NA,NA,"future",0.251673324772494,-0.748326675227506,0,194,"Q3"
"10882",10882,"North Carolina CentralMaryland Eastern Shore3-2",2026-03-02,"conf","North Carolina Central","Maryland Eastern Shore","MEAC","MEAC","A",NA,NA,0.082756424692227,0.194861945562525,0.789142831518436,0.939259937606587,NA,NA,"future",0.0607400623934126,-0.939259937606587,0,325,"Q4"
"10883",10883,"Southeastern LouisianaNew Orleans3-2",2026-03-02,"conf","Southeastern Louisiana","New Orleans","Slnd","Slnd","A",NA,NA,0.210763265088124,0.48536423289852,0.789142831518436,0.798722038499175,NA,NA,"future",0.201277961500825,-0.798722038499175,0,231,"Q3"
"10884",10884,"Montana St.Northern Arizona3-2",2026-03-02,"conf","Montana St.","Northern Arizona","BSky","BSky","A",NA,NA,0.518194021185584,0.24304227579025,0.789142831518436,0.920987351691882,NA,NA,"future",0.079012648308118,-0.920987351691882,0,318,"Q4"
"10885",10885,"Iowa St.Arizona3-2",2026-03-02,"conf","Iowa St.","Arizona","B12","B12","A",NA,NA,0.932186105100022,0.977752465301565,0.789142831518436,0.0784743366007909,NA,NA,"future",0.921525663399209,-0.0784743366007909,0,3,"Q1"
"10886",10886,"Coppin St.Howard3-2",2026-03-02,"conf","Coppin St.","Howard","MEAC","MEAC","A",NA,NA,0.0259808577725411,0.366972280657132,0.789142831518436,0.865878007408998,NA,NA,"future",0.134121992591002,-0.865878007408998,0,252,"Q4"
"10887",10887,"Stephen F. AustinIncarnate Word3-2",2026-03-02,"conf","Stephen F. Austin","Incarnate Word","Slnd","Slnd","A",NA,NA,0.698277000404957,0.403222433818588,0.789142831518436,0.847072516115336,NA,NA,"future",0.152927483884664,-0.847072516115336,0,246,"Q4"
"10888",10888,"Idaho St.Sacramento St.3-2",2026-03-02,"conf","Idaho St.","Sacramento St.","BSky","BSky","A",NA,NA,0.328595781865349,0.304984656110273,0.789142831518436,0.895054064928712,NA,NA,"future",0.104945935071288,-0.895054064928712,0,279,"Q4"
"10889",10889,"McNeese St.Nicholls St.3-2",2026-03-02,"conf","McNeese St.","Nicholls St.","Slnd","Slnd","A",NA,NA,0.683026270437139,0.447990911854504,0.789142831518436,0.821795222623473,NA,NA,"future",0.178204777376527,-0.821795222623473,0,214,"Q3"
"10890",10890,"Mississippi Valley St.Alcorn St.3-3",2026-03-03,"conf","Alcorn St.","Mississippi Valley St.","SWAC","SWAC","H",NA,NA,0.174056746218553,0.0200041175334786,0.87694452176131,0.997143844867186,NA,NA,"future",0.00285615513281423,-0.997143844867186,0,365,"Q4"
"10891",10891,"West VirginiaKansas St.3-3",2026-03-03,"conf","Kansas St.","West Virginia","B12","B12","H",NA,NA,0.787642451679584,0.780378589803463,0.87694452176131,0.667285774701098,NA,NA,"future",0.332714225298902,-0.667285774701098,0,59,"Q2"
"10892",10892,"Mississippi St.Florida3-3",2026-03-03,"conf","Florida","Mississippi St.","SEC","SEC","H",NA,NA,0.967769745662781,0.637216067206247,0.87694452176131,0.802264340981144,NA,NA,"future",0.197735659018856,-0.802264340981144,0,99,"Q3"
"10893",10893,"KansasArizona St.3-3",2026-03-03,"conf","Arizona St.","Kansas","B12","B12","H",NA,NA,0.764484530115745,0.923435166348524,0.87694452176131,0.371414287559022,NA,NA,"future",0.628585712440978,-0.371414287559022,0,18,"Q1"
"10894",10894,"GeorgetownSt. John's3-3",2026-03-03,"conf","St. John's","Georgetown","BE","BE","H",NA,NA,0.941505441293299,0.594254951891872,0.87694452176131,0.829519401147896,NA,NA,"future",0.170480598852104,-0.829519401147896,0,118,"Q3"
"10895",10895,"AlbanyVermont3-3",2026-03-03,"conf","Vermont","Albany","AE","AE","H",NA,NA,0.446282341818913,0.187386733437233,0.87694452176131,0.968656075522331,NA,NA,"future",0.0313439244776691,-0.968656075522331,0,309,"Q4"
"10896",10896,"DaytonRichmond3-3",2026-03-03,"conf","Richmond","Dayton","A10","A10","H",NA,NA,0.660447080764919,0.686412835074481,0.87694452176131,0.765020894183328,NA,NA,"future",0.234979105816672,-0.765020894183328,0,80,"Q3"
"10897",10897,"San Jose St.Fresno St.3-3",2026-03-03,"conf","Fresno St.","San Jose St.","MWC","MWC","H",NA,NA,0.639155744766348,0.280831199129306,0.87694452176131,0.9480512429362,NA,NA,"future",0.0519487570637999,-0.9480512429362,0,259,"Q4"
"10898",10898,"NevadaWyoming3-3",2026-03-03,"conf","Wyoming","Nevada","MWC","MWC","H",NA,NA,0.76314542480965,0.739452783455418,0.87694452176131,0.715181068389696,NA,NA,"future",0.284818931610304,-0.715181068389696,0,65,"Q2"
"10899",10899,"ColoradoUtah3-3",2026-03-03,"conf","Utah","Colorado","B12","B12","H",NA,NA,0.735923022179889,0.640434349812151,0.87694452176131,0.800042273749593,NA,NA,"future",0.199957726250407,-0.800042273749593,0,78,"Q3"
"10900",10900,"UMass LowellMaine3-3",2026-03-03,"conf","Maine","UMass Lowell","AE","AE","H",NA,NA,0.117473612685145,0.165007692678497,0.87694452176131,0.973018164018987,NA,NA,"future",0.0269818359810133,-0.973018164018987,0,319,"Q4"
"10901",10901,"Wake ForestVirginia3-3",2026-03-03,"conf","Virginia","Wake Forest","ACC","ACC","H",NA,NA,0.96842400434267,0.719689280913198,0.87694452176131,0.73514545115225,NA,NA,"future",0.26485454884775,-0.73514545115225,0,67,"Q2"
"10902",10902,"MonmouthNortheastern3-3",2026-03-03,"conf","Northeastern","Monmouth","CAA","CAA","H",NA,NA,0.389208555122323,0.318339421823734,0.87694452176131,0.938498639231933,NA,NA,"future",0.0615013607680674,-0.938498639231933,0,204,"Q4"
"10903",10903,"Arkansas Pine BluffJackson St.3-3",2026-03-03,"conf","Jackson St.","Arkansas Pine Bluff","SWAC","SWAC","H",NA,NA,0.203615154509213,0.210499397365107,0.87694452176131,0.963935877536827,NA,NA,"future",0.0360641224631731,-0.963935877536827,0,311,"Q4"
"10904",10904,"DrexelHofstra3-3",2026-03-03,"conf","Hofstra","Drexel","CAA","CAA","H",NA,NA,0.699970786275648,0.350598890322103,0.87694452176131,0.929577423313673,NA,NA,"future",0.0704225766863269,-0.929577423313673,0,211,"Q4"
"10905",10905,"TCUTexas Tech3-3",2026-03-03,"conf","Texas Tech","TCU","B12","B12","H",NA,NA,0.952998790803517,0.771350152968443,0.87694452176131,0.678711743570353,NA,NA,"future",0.321288256429647,-0.678711743570353,0,46,"Q2"
"10906",10906,"OregonIllinois3-3",2026-03-03,"conf","Illinois","Oregon","B10","B10","H",NA,NA,0.970104643724092,0.695409733355037,0.87694452176131,0.757362731797896,NA,NA,"future",0.242637268202104,-0.757362731797896,0,104,"Q3"
"10907",10907,"Ball St.Western Michigan3-3",2026-03-03,"conf","Western Michigan","Ball St.","MAC","MAC","H",NA,NA,0.39706717406787,0.175570369203068,0.87694452176131,0.970983935499258,NA,NA,"future",0.0290160645007421,-0.970983935499258,0,316,"Q4"
"10908",10908,"UMBCNJIT3-3",2026-03-03,"conf","NJIT","UMBC","AE","AE","H",NA,NA,0.187927329168802,0.209748829553563,0.87694452176131,0.96409275773184,NA,NA,"future",0.0359072422681594,-0.96409275773184,0,274,"Q4"
"10909",10909,"BryantNew Hampshire3-3",2026-03-03,"conf","New Hampshire","Bryant","AE","AE","H",NA,NA,0.294034884198752,0.0698036017290083,0.87694452176131,0.989579639055569,NA,NA,"future",0.0104203609444309,-0.989579639055569,0,345,"Q4"
"10910",10910,"SyracuseLouisville3-3",2026-03-03,"conf","Louisville","Syracuse","ACC","ACC","H",NA,NA,0.960766906153242,0.733076983692956,0.87694452176131,0.721822125891199,NA,NA,"future",0.278177874108801,-0.721822125891199,0,77,"Q3"
"10911",10911,"San Diego St.Boise St.3-3",2026-03-03,"conf","Boise St.","San Diego St.","MWC","MWC","H",NA,NA,0.83001126375618,0.806407529368549,0.87694452176131,0.631108325214088,NA,NA,"future",0.368891674785912,-0.631108325214088,0,52,"Q2"
"10912",10912,"LSUAuburn3-3",2026-03-03,"conf","Auburn","LSU","SEC","SEC","H",NA,NA,0.914477539067104,0.778358211737825,0.87694452176131,0.669889229359921,NA,NA,"future",0.330110770640079,-0.669889229359921,0,50,"Q2"
"10913",10913,"AlabamaGeorgia3-3",2026-03-03,"conf","Georgia","Alabama","SEC","SEC","H",NA,NA,0.91600808149171,0.916668476253729,0.87694452176131,0.393145203996765,NA,NA,"future",0.606854796003235,-0.393145203996765,0,19,"Q1"
"10914",10914,"Eastern MichiganBuffalo3-3",2026-03-03,"conf","Buffalo","Eastern Michigan","MAC","MAC","H",NA,NA,0.546556873185776,0.375757933331981,0.87694452176131,0.922112482630347,NA,NA,"future",0.0778875173696529,-0.922112482630347,0,179,"Q4"
"10915",10915,"NebraskaUCLA3-3",2026-03-03,"conf","UCLA","Nebraska","B10","B10","H",NA,NA,0.883383237146971,0.926689461842875,0.87694452176131,0.360520506421061,NA,NA,"future",0.639479493578939,-0.360520506421061,0,7,"Q1"
"10916",10916,"UNC WilmingtonElon3-3",2026-03-03,"conf","Elon","UNC Wilmington","CAA","CAA","H",NA,NA,0.576866467930946,0.45266192968586,0.87694452176131,0.896016774005065,NA,NA,"future",0.103983225994935,-0.896016774005065,0,109,"Q3"
"10917",10917,"SouthernAlabama St.3-3",2026-03-03,"conf","Alabama St.","Southern","SWAC","SWAC","H",NA,NA,0.268009882386887,0.265907681407748,0.87694452176131,0.951629886177392,NA,NA,"future",0.0483701138226084,-0.951629886177392,0,278,"Q4"
"10918",10918,"AkronCentral Michigan3-3",2026-03-03,"conf","Central Michigan","Akron","MAC","MAC","H",NA,NA,0.241994330286212,0.745581397618812,0.87694452176131,0.708606354394313,NA,NA,"future",0.291393645605687,-0.708606354394313,0,54,"Q2"
"10919",10919,"ToledoMiami OH3-3",2026-03-03,"conf","Miami OH","Toledo","MAC","MAC","H",NA,NA,0.813854927875804,0.405578446649967,0.87694452176131,0.912622369732399,NA,NA,"future",0.0873776302676009,-0.912622369732399,0,169,"Q4"
"10920",10920,"Boston CollegeVirginia Tech3-3",2026-03-03,"conf","Virginia Tech","Boston College","ACC","ACC","H",NA,NA,0.853893151640768,0.452301733460503,0.87694452176131,0.896152158479263,NA,NA,"future",0.103847841520737,-0.896152158479263,0,157,"Q3"
"10921",10921,"Grand CanyonAir Force3-3",2026-03-03,"conf","Air Force","Grand Canyon","MWC","MWC","H",NA,NA,0.183685442633759,0.739302448616464,0.87694452176131,0.715339957295419,NA,NA,"future",0.284660042704581,-0.715339957295419,0,86,"Q3"
"10922",10922,"ClemsonNorth Carolina3-3",2026-03-03,"conf","North Carolina","Clemson","ACC","ACC","H",NA,NA,0.914942599410585,0.887421585948118,0.87694452176131,0.474805920858777,NA,NA,"future",0.525194079141223,-0.474805920858777,0,32,"Q2"
"10923",10923,"BYUCincinnati3-3",2026-03-03,"conf","Cincinnati","BYU","B12","B12","H",NA,NA,0.873465038086542,0.897211603893705,0.87694452176131,0.44947037290437,NA,NA,"future",0.550529627095631,-0.44947037290437,0,12,"Q1"
"10924",10924,"Oklahoma St.UCF3-3",2026-03-03,"conf","UCF","Oklahoma St.","B12","B12","H",NA,NA,0.866736847529921,0.704302099365832,0.87694452176131,0.749498494736875,NA,NA,"future",0.250501505263125,-0.749498494736875,0,73,"Q2"
"10925",10925,"North Carolina A&TCampbell3-3",2026-03-03,"conf","Campbell","North Carolina A&T","CAA","CAA","H",NA,NA,0.480657896699851,0.167266946360123,0.87694452176131,0.97258668982768,NA,NA,"future",0.0274133101723195,-0.97258668982768,0,270,"Q4"
"10926",10926,"Seton HallXavier3-3",2026-03-03,"conf","Xavier","Seton Hall","BE","BE","H",NA,NA,0.780139218822579,0.784391079417502,0.87694452176131,0.662032950990562,NA,NA,"future",0.337967049009438,-0.662032950990562,0,45,"Q2"
"10927",10927,"George MasonVCU3-3",2026-03-03,"conf","VCU","George Mason","A10","A10","H",NA,NA,0.832009910410597,0.622989999921908,0.87694452176131,0.811769579931046,NA,NA,"future",0.188230420068954,-0.811769579931046,0,63,"Q2"
"10928",10928,"TennesseeSouth Carolina3-3",2026-03-03,"conf","South Carolina","Tennessee","SEC","SEC","H",NA,NA,0.817726977948728,0.910843273419277,0.87694452176131,0.410919233587288,NA,NA,"future",0.589080766412712,-0.410919233587288,0,26,"Q1"
"10929",10929,"Utah St.UNLV3-3",2026-03-03,"conf","UNLV","Utah St.","MWC","MWC","H",NA,NA,0.708634239033289,0.849238029418344,0.87694452176131,0.558523317336614,NA,NA,"future",0.441476682663386,-0.558523317336614,0,25,"Q1"
"10930",10930,"Grambling St.Alabama A&M3-3",2026-03-03,"conf","Alabama A&M","Grambling St.","SWAC","SWAC","H",NA,NA,0.264840745295219,0.233559697555641,0.87694452176131,0.958992470941088,NA,NA,"future",0.0410075290589117,-0.958992470941088,0,266,"Q4"
"10931",10931,"TowsonStony Brook3-3",2026-03-03,"conf","Stony Brook","Towson","CAA","CAA","H",NA,NA,0.460531374139957,0.35134538872408,0.87694452176131,0.929362589848566,NA,NA,"future",0.0706374101514337,-0.929362589848566,0,162,"Q4"
"10932",10932,"OhioMassachusetts3-3",2026-03-03,"conf","Massachusetts","Ohio","MAC","MAC","H",NA,NA,0.572880082018046,0.300680871365136,0.87694452176131,0.943099418758103,NA,NA,"future",0.0569005812418973,-0.943099418758103,0,216,"Q4"
"10933",10933,"Kent St.Northern Illinois3-3",2026-03-03,"conf","Northern Illinois","Kent St.","MAC","MAC","H",NA,NA,0.231423124479628,0.481287807626764,0.87694452176131,0.884800030107753,NA,NA,"future",0.115199969892247,-0.884800030107753,0,148,"Q3"
"10934",10934,"HamptonWilliam & Mary3-3",2026-03-03,"conf","William & Mary","Hampton","CAA","CAA","H",NA,NA,0.684495357208954,0.224878457335432,0.87694452176131,0.960881974481878,NA,NA,"future",0.0391180255181218,-0.960881974481878,0,238,"Q4"
"10935",10935,"KentuckyTexas A&M3-3",2026-03-03,"conf","Texas A&M","Kentucky","SEC","SEC","H",NA,NA,0.915550420652576,0.817212751797622,0.87694452176131,0.614491502801326,NA,NA,"future",0.385508497198674,-0.614491502801326,0,31,"Q2"
"10936",10936,"MissouriOklahoma3-3",2026-03-03,"conf","Oklahoma","Missouri","SEC","SEC","H",NA,NA,0.795763730228384,0.730398132959743,0.87694452176131,0.724554054905934,NA,NA,"future",0.275445945094066,-0.724554054905934,0,70,"Q2"
"10937",10937,"Mississippi Valley St.Alcorn St.3-3",2026-03-03,"conf","Mississippi Valley St.","Alcorn St.","SWAC","SWAC","A",NA,NA,0.0200041175334786,0.174056746218553,0.789142831518436,0.946693194210632,NA,NA,"future",0.053306805789368,-0.946693194210632,0,351,"Q4"
"10938",10938,"West VirginiaKansas St.3-3",2026-03-03,"conf","West Virginia","Kansas St.","B12","B12","A",NA,NA,0.780378589803463,0.787642451679584,0.789142831518436,0.502248363029673,NA,NA,"future",0.497751636970327,-0.502248363029673,0,82,"Q2"
"10939",10939,"Mississippi St.Florida3-3",2026-03-03,"conf","Mississippi St.","Florida","SEC","SEC","A",NA,NA,0.637216067206247,0.967769745662781,0.789142831518436,0.110826915239594,NA,NA,"future",0.889173084760406,-0.110826915239594,0,14,"Q1"
"10940",10940,"KansasArizona St.3-3",2026-03-03,"conf","Kansas","Arizona St.","B12","B12","A",NA,NA,0.923435166348524,0.764484530115745,0.789142831518436,0.535525330246126,NA,NA,"future",0.464474669753874,-0.535525330246126,0,93,"Q2"
"10941",10941,"GeorgetownSt. John's3-3",2026-03-03,"conf","Georgetown","St. John's","BE","BE","A",NA,NA,0.594254951891872,0.941505441293299,0.789142831518436,0.188653986484811,NA,NA,"future",0.811346013515189,-0.188653986484811,0,23,"Q1"
"10942",10942,"AlbanyVermont3-3",2026-03-03,"conf","Albany","Vermont","AE","AE","A",NA,NA,0.187386733437233,0.446282341818913,0.789142831518436,0.822805153276422,NA,NA,"future",0.177194846723578,-0.822805153276422,0,207,"Q3"
"10943",10943,"DaytonRichmond3-3",2026-03-03,"conf","Dayton","Richmond","A10","A10","A",NA,NA,0.686412835074481,0.660447080764919,0.789142831518436,0.658019120873694,NA,NA,"future",0.341980879126306,-0.658019120873694,0,126,"Q2"
"10944",10944,"San Jose St.Fresno St.3-3",2026-03-03,"conf","San Jose St.","Fresno St.","MWC","MWC","A",NA,NA,0.280831199129306,0.639155744766348,0.789142831518436,0.678756847319588,NA,NA,"future",0.321243152680412,-0.678756847319588,0,139,"Q3"
"10945",10945,"NevadaWyoming3-3",2026-03-03,"conf","Nevada","Wyoming","MWC","MWC","A",NA,NA,0.739452783455418,0.76314542480965,0.789142831518436,0.53737119837597,NA,NA,"future",0.46262880162403,-0.53737119837597,0,100,"Q2"
"10946",10946,"ColoradoUtah3-3",2026-03-03,"conf","Colorado","Utah","B12","B12","A",NA,NA,0.640434349812151,0.735923022179889,0.789142831518436,0.573190776567456,NA,NA,"future",0.426809223432544,-0.573190776567456,0,117,"Q2"
"10947",10947,"UMass LowellMaine3-3",2026-03-03,"conf","UMass Lowell","Maine","AE","AE","A",NA,NA,0.165007692678497,0.117473612685145,0.789142831518436,0.965654705788423,NA,NA,"future",0.0343452942115771,-0.965654705788423,0,343,"Q4"
"10948",10948,"Wake ForestVirginia3-3",2026-03-03,"conf","Wake Forest","Virginia","ACC","ACC","A",NA,NA,0.719689280913198,0.96842400434267,0.789142831518436,0.108756479072216,NA,NA,"future",0.891243520927784,-0.108756479072216,0,13,"Q1"
"10949",10949,"MonmouthNortheastern3-3",2026-03-03,"conf","Monmouth","Northeastern","CAA","CAA","A",NA,NA,0.318339421823734,0.389208555122323,0.789142831518436,0.854508227313528,NA,NA,"future",0.145491772686472,-0.854508227313528,0,249,"Q4"
"10950",10950,"Arkansas Pine BluffJackson St.3-3",2026-03-03,"conf","Arkansas Pine Bluff","Jackson St.","SWAC","SWAC","A",NA,NA,0.210499397365107,0.203615154509213,0.789142831518436,0.936052982067883,NA,NA,"future",0.0639470179321173,-0.936052982067883,0,347,"Q4"
"10951",10951,"DrexelHofstra3-3",2026-03-03,"conf","Drexel","Hofstra","CAA","CAA","A",NA,NA,0.350598890322103,0.699970786275648,0.789142831518436,0.616000755318418,NA,NA,"future",0.383999244681582,-0.616000755318418,0,106,"Q2"
"10952",10952,"TCUTexas Tech3-3",2026-03-03,"conf","TCU","Texas Tech","B12","B12","A",NA,NA,0.771350152968443,0.952998790803517,0.789142831518436,0.155818723619252,NA,NA,"future",0.844181276380748,-0.155818723619252,0,17,"Q1"
"10953",10953,"OregonIllinois3-3",2026-03-03,"conf","Oregon","Illinois","B10","B10","A",NA,NA,0.695409733355037,0.970104643724092,0.789142831518436,0.103406530476857,NA,NA,"future",0.896593469523143,-0.103406530476857,0,9,"Q1"
"10954",10954,"Ball St.Western Michigan3-3",2026-03-03,"conf","Ball St.","Western Michigan","MAC","MAC","A",NA,NA,0.175570369203068,0.39706717406787,0.789142831518436,0.850365000236185,NA,NA,"future",0.149634999763815,-0.850365000236185,0,256,"Q4"
"10955",10955,"UMBCNJIT3-3",2026-03-03,"conf","UMBC","NJIT","AE","AE","A",NA,NA,0.209748829553563,0.187927329168802,0.789142831518436,0.941766734177816,NA,NA,"future",0.0582332658221836,-0.941766734177816,0,332,"Q4"
"10956",10956,"BryantNew Hampshire3-3",2026-03-03,"conf","Bryant","New Hampshire","AE","AE","A",NA,NA,0.0698036017290083,0.294034884198752,0.789142831518436,0.899856735898056,NA,NA,"future",0.100143264101944,-0.899856735898056,0,323,"Q4"
"10957",10957,"SyracuseLouisville3-3",2026-03-03,"conf","Syracuse","Louisville","ACC","ACC","A",NA,NA,0.733076983692956,0.960766906153242,0.789142831518436,0.132567603493666,NA,NA,"future",0.867432396506334,-0.132567603493666,0,15,"Q1"
"10958",10958,"San Diego St.Boise St.3-3",2026-03-03,"conf","San Diego St.","Boise St.","MWC","MWC","A",NA,NA,0.806407529368549,0.83001126375618,0.789142831518436,0.433903907888668,NA,NA,"future",0.566096092111332,-0.433903907888668,0,71,"Q1"
"10959",10959,"LSUAuburn3-3",2026-03-03,"conf","LSU","Auburn","SEC","SEC","A",NA,NA,0.778358211737825,0.914477539067104,0.789142831518436,0.259262066114196,NA,NA,"future",0.740737933885804,-0.259262066114196,0,34,"Q1"
"10960",10960,"AlabamaGeorgia3-3",2026-03-03,"conf","Alabama","Georgia","SEC","SEC","A",NA,NA,0.916668476253729,0.91600808149171,0.789142831518436,0.255490906957154,NA,NA,"future",0.744509093042846,-0.255490906957154,0,24,"Q1"
"10961",10961,"Eastern MichiganBuffalo3-3",2026-03-03,"conf","Eastern Michigan","Buffalo","MAC","MAC","A",NA,NA,0.375757933331981,0.546556873185776,0.789142831518436,0.756391714958197,NA,NA,"future",0.243608285041803,-0.756391714958197,0,165,"Q3"
"10962",10962,"NebraskaUCLA3-3",2026-03-03,"conf","Nebraska","UCLA","B10","B10","A",NA,NA,0.926689461842875,0.883383237146971,0.789142831518436,0.330682521038581,NA,NA,"future",0.669317478961419,-0.330682521038581,0,40,"Q1"
"10963",10963,"UNC WilmingtonElon3-3",2026-03-03,"conf","UNC Wilmington","Elon","CAA","CAA","A",NA,NA,0.45266192968586,0.576866467930946,0.789142831518436,0.732989491121582,NA,NA,"future",0.267010508878418,-0.732989491121582,0,168,"Q3"
"10964",10964,"SouthernAlabama St.3-3",2026-03-03,"conf","Southern","Alabama St.","SWAC","SWAC","A",NA,NA,0.265907681407748,0.268009882386887,0.789142831518436,0.910886666510392,NA,NA,"future",0.0891133334896076,-0.910886666510392,0,313,"Q4"
"10965",10965,"AkronCentral Michigan3-3",2026-03-03,"conf","Akron","Central Michigan","MAC","MAC","A",NA,NA,0.745581397618812,0.241994330286212,0.789142831518436,0.921401475256222,NA,NA,"future",0.0785985247437777,-0.921401475256222,0,329,"Q4"
"10966",10966,"ToledoMiami OH3-3",2026-03-03,"conf","Toledo","Miami OH","MAC","MAC","A",NA,NA,0.405578446649967,0.813854927875804,0.789142831518436,0.461205767573537,NA,NA,"future",0.538794232426463,-0.461205767573537,0,49,"Q1"
"10967",10967,"Boston CollegeVirginia Tech3-3",2026-03-03,"conf","Boston College","Virginia Tech","ACC","ACC","A",NA,NA,0.452301733460503,0.853893151640768,0.789142831518436,0.39038325210195,NA,NA,"future",0.609616747898049,-0.39038325210195,0,51,"Q1"
"10968",10968,"Grand CanyonAir Force3-3",2026-03-03,"conf","Grand Canyon","Air Force","MWC","MWC","A",NA,NA,0.739302448616464,0.183685442633759,0.789142831518436,0.943285622791657,NA,NA,"future",0.0567143772083434,-0.943285622791657,0,336,"Q4"
"10969",10969,"ClemsonNorth Carolina3-3",2026-03-03,"conf","Clemson","North Carolina","ACC","ACC","A",NA,NA,0.887421585948118,0.914942599410585,0.789142831518436,0.258118902076419,NA,NA,"future",0.741881097923581,-0.258118902076419,0,27,"Q1"
"10970",10970,"BYUCincinnati3-3",2026-03-03,"conf","BYU","Cincinnati","B12","B12","A",NA,NA,0.897211603893705,0.873465038086542,0.789142831518436,0.351561364376916,NA,NA,"future",0.648438635623084,-0.351561364376916,0,72,"Q1"
"10971",10971,"Oklahoma St.UCF3-3",2026-03-03,"conf","Oklahoma St.","UCF","B12","B12","A",NA,NA,0.704302099365832,0.866736847529921,0.789142831518436,0.365251362941497,NA,NA,"future",0.634748637058503,-0.365251362941497,0,39,"Q1"
"10972",10972,"North Carolina A&TCampbell3-3",2026-03-03,"conf","North Carolina A&T","Campbell","CAA","CAA","A",NA,NA,0.167266946360123,0.480657896699851,0.789142831518436,0.801734966102244,NA,NA,"future",0.198265033897756,-0.801734966102244,0,203,"Q3"
"10973",10973,"Seton HallXavier3-3",2026-03-03,"conf","Seton Hall","Xavier","BE","BE","A",NA,NA,0.784391079417502,0.780139218822579,0.789142831518436,0.513318973154326,NA,NA,"future",0.486681026845674,-0.513318973154326,0,94,"Q2"
"10974",10974,"George MasonVCU3-3",2026-03-03,"conf","George Mason","VCU","A10","A10","A",NA,NA,0.622989999921908,0.832009910410597,0.789142831518436,0.430411360912575,NA,NA,"future",0.569588639087425,-0.430411360912575,0,55,"Q1"
"10975",10975,"TennesseeSouth Carolina3-3",2026-03-03,"conf","Tennessee","South Carolina","SEC","SEC","A",NA,NA,0.910843273419277,0.817726977948728,0.789142831518436,0.454809537531623,NA,NA,"future",0.545190462468377,-0.454809537531623,0,85,"Q2"
"10976",10976,"Utah St.UNLV3-3",2026-03-03,"conf","Utah St.","UNLV","MWC","MWC","A",NA,NA,0.849238029418344,0.708634239033289,0.789142831518436,0.606113922037165,NA,NA,"future",0.393886077962835,-0.606113922037165,0,127,"Q2"
"10977",10977,"Grambling St.Alabama A&M3-3",2026-03-03,"conf","Grambling St.","Alabama A&M","SWAC","SWAC","A",NA,NA,0.233559697555641,0.264840745295219,0.789142831518436,0.91219415768358,NA,NA,"future",0.0878058423164204,-0.91219415768358,0,308,"Q4"
"10978",10978,"TowsonStony Brook3-3",2026-03-03,"conf","Towson","Stony Brook","CAA","CAA","A",NA,NA,0.35134538872408,0.460531374139957,0.789142831518436,0.814265765425597,NA,NA,"future",0.185734234574403,-0.814265765425597,0,234,"Q3"
"10979",10979,"OhioMassachusetts3-3",2026-03-03,"conf","Ohio","Massachusetts","MAC","MAC","A",NA,NA,0.300680871365136,0.572880082018046,0.789142831518436,0.736169735795053,NA,NA,"future",0.263830264204947,-0.736169735795053,0,195,"Q3"
"10980",10980,"Kent St.Northern Illinois3-3",2026-03-03,"conf","Kent St.","Northern Illinois","MAC","MAC","A",NA,NA,0.481287807626764,0.231423124479628,0.789142831518436,0.925536135207541,NA,NA,"future",0.0744638647924589,-0.925536135207541,0,312,"Q4"
"10981",10981,"HamptonWilliam & Mary3-3",2026-03-03,"conf","Hampton","William & Mary","CAA","CAA","A",NA,NA,0.224878457335432,0.684495357208954,0.789142831518436,0.633034687260019,NA,NA,"future",0.366965312739981,-0.633034687260019,0,108,"Q2"
"10982",10982,"KentuckyTexas A&M3-3",2026-03-03,"conf","Kentucky","Texas A&M","SEC","SEC","A",NA,NA,0.817212751797622,0.915550420652576,0.789142831518436,0.256621248205328,NA,NA,"future",0.743378751794672,-0.256621248205328,0,41,"Q1"
"10983",10983,"MissouriOklahoma3-3",2026-03-03,"conf","Missouri","Oklahoma","SEC","SEC","A",NA,NA,0.730398132959743,0.795763730228384,0.789142831518436,0.489936745058446,NA,NA,"future",0.510063254941554,-0.489936745058446,0,76,"Q2"
"10984",10984,"TexasArkansas3-4",2026-03-04,"conf","Arkansas","Texas","SEC","SEC","H",NA,NA,0.944779447184236,0.805200835828333,0.87694452176131,0.632901780263016,NA,NA,"future",0.367098219736984,-0.632901780263016,0,43,"Q2"
"10985",10985,"MinnesotaIndiana3-4",2026-03-04,"conf","Indiana","Minnesota","B10","B10","H",NA,NA,0.929075305570624,0.730929552070615,0.87694452176131,0.724014798467854,NA,NA,"future",0.275985201532146,-0.724014798467854,0,83,"Q3"
"10986",10986,"USCWashington3-4",2026-03-04,"conf","Washington","USC","B10","B10","H",NA,NA,0.850500833069505,0.749858766690896,0.87694452176131,0.703902122457448,NA,NA,"future",0.296097877542552,-0.703902122457448,0,56,"Q2"
"10987",10987,"RiceNorth Texas3-4",2026-03-04,"conf","North Texas","Rice","Amer","Amer","H",NA,NA,0.61394540023339,0.305946467034478,0.87694452176131,0.941747346673167,NA,NA,"future",0.0582526533268328,-0.941747346673167,0,253,"Q4"
"10988",10988,"MarquetteProvidence3-4",2026-03-04,"conf","Providence","Marquette","BE","BE","H",NA,NA,0.803485279294478,0.526647022481542,0.87694452176131,0.864960820902639,NA,NA,"future",0.135039179097361,-0.864960820902639,0,142,"Q3"
"10989",10989,"PurdueNorthwestern3-4",2026-03-04,"conf","Northwestern","Purdue","B10","B10","H",NA,NA,0.848307220201776,0.942325072165618,0.87694452176131,0.303704422926014,NA,NA,"future",0.696295577073986,-0.303704422926014,0,5,"Q1"
"10990",10990,"DuquesneRhode Island3-4",2026-03-04,"conf","Rhode Island","Duquesne","A10","A10","H",NA,NA,0.656655293009964,0.509896069293123,0.87694452176131,0.872608167411856,NA,NA,"future",0.127391832588144,-0.872608167411856,0,155,"Q3"
"10991",10991,"StanfordNotre Dame3-4",2026-03-04,"conf","Notre Dame","Stanford","ACC","ACC","H",NA,NA,0.775906977662226,0.712676563861534,0.87694452176131,0.741808445428602,NA,NA,"future",0.258191554571398,-0.741808445428602,0,68,"Q2"
"10992",10992,"Colorado St.New Mexico3-4",2026-03-04,"conf","New Mexico","Colorado St.","MWC","MWC","H",NA,NA,0.889177912187195,0.62699617671433,0.87694452176131,0.809143842490246,NA,NA,"future",0.190856157509754,-0.809143842490246,0,92,"Q3"
"10993",10993,"Florida St.Pittsburgh3-4",2026-03-04,"conf","Pittsburgh","Florida St.","ACC","ACC","H",NA,NA,0.730765128903465,0.567618274698031,0.87694452176131,0.844443407314126,NA,NA,"future",0.155556592685874,-0.844443407314126,0,115,"Q3"
"10994",10994,"Loyola ChicagoSaint Louis3-4",2026-03-04,"conf","Saint Louis","Loyola Chicago","A10","A10","H",NA,NA,0.934398970437872,0.1760796726165,0.87694452176131,0.970884750422331,NA,NA,"future",0.0291152495776692,-0.970884750422331,0,315,"Q4"
"10995",10995,"St. BonaventureGeorge Washington3-4",2026-03-04,"conf","George Washington","St. Bonaventure","A10","A10","H",NA,NA,0.805846857394486,0.42887918075561,0.87694452176131,0.904670714557104,NA,NA,"future",0.0953292854428963,-0.904670714557104,0,144,"Q3"
"10996",10996,"BaylorHouston3-4",2026-03-04,"conf","Houston","Baylor","B12","B12","H",NA,NA,0.978859960512281,0.740905781509242,0.87694452176131,0.713639564464455,NA,NA,"future",0.286360435535545,-0.713639564464455,0,53,"Q2"
"10997",10997,"Saint Joseph'sDavidson3-4",2026-03-04,"conf","Davidson","Saint Joseph's","A10","A10","H",NA,NA,0.692626171471865,0.441375051805727,0.87694452176131,0.90019487903602,NA,NA,"future",0.0998051209639798,-0.90019487903602,0,192,"Q4"
"10998",10998,"Miami FLSMU3-4",2026-03-04,"conf","SMU","Miami FL","ACC","ACC","H",NA,NA,0.916602426915101,0.797942523828166,0.87694452176131,0.643439496156293,NA,NA,"future",0.356560503843707,-0.643439496156293,0,37,"Q2"
"10999",10999,"CaliforniaGeorgia Tech3-4",2026-03-04,"conf","Georgia Tech","California","ACC","ACC","H",NA,NA,0.649662104684215,0.717957478164634,0.87694452176131,0.736810404185855,NA,NA,"future",0.263189595814145,-0.736810404185855,0,60,"Q2"
"11000",11000,"UABCharlotte3-4",2026-03-04,"conf","Charlotte","UAB","Amer","Amer","H",NA,NA,0.567723178537992,0.524998488358512,0.87694452176131,0.865731238499826,NA,NA,"future",0.134268761500174,-0.865731238499826,0,122,"Q3"
"11001",11001,"CreightonButler3-4",2026-03-04,"conf","Butler","Creighton","BE","BE","H",NA,NA,0.858613464070704,0.754064342104998,0.87694452176131,0.699180955753172,NA,NA,"future",0.300819044246828,-0.699180955753172,0,58,"Q2"
"11002",11002,"Ohio St.Penn St.3-4",2026-03-04,"conf","Penn St.","Ohio St.","B10","B10","H",NA,NA,0.644016964773121,0.817900794713915,0.87694452176131,0.613398179056679,NA,NA,"future",0.386601820943321,-0.613398179056679,0,35,"Q2"
"11003",11003,"MarylandWisconsin3-4",2026-03-04,"conf","Wisconsin","Maryland","B10","B10","H",NA,NA,0.913235229454143,0.573049543206266,0.87694452176131,0.841509712207793,NA,NA,"future",0.158490287792207,-0.841509712207793,0,152,"Q3"
"11004",11004,"VillanovaDePaul3-4",2026-03-04,"conf","DePaul","Villanova","BE","BE","H",NA,NA,0.723148523927946,0.84811313237523,0.87694452176131,0.560681993494687,NA,NA,"future",0.439318006505313,-0.560681993494687,0,33,"Q2"
"11005",11005,"FordhamLa Salle3-4",2026-03-04,"conf","La Salle","Fordham","A10","A10","H",NA,NA,0.503258861337018,0.363206300265358,0.87694452176131,0.925895367207,NA,NA,"future",0.0741046327929997,-0.925895367207,0,226,"Q4"
"11006",11006,"MississippiVanderbilt3-4",2026-03-04,"conf","Vanderbilt","Mississippi","SEC","SEC","H",NA,NA,0.960919519146125,0.654298907124239,0.87694452176131,0.790148149620637,NA,NA,"future",0.209851850379363,-0.790148149620637,0,87,"Q3"
"11007",11007,"TexasArkansas3-4",2026-03-04,"conf","Texas","Arkansas","SEC","SEC","A",NA,NA,0.805200835828333,0.944779447184236,0.789142831518436,0.17948361785422,NA,NA,"future",0.82051638214578,-0.17948361785422,0,20,"Q1"
"11008",11008,"MinnesotaIndiana3-4",2026-03-04,"conf","Minnesota","Indiana","B10","B10","A",NA,NA,0.730929552070615,0.929075305570624,0.789142831518436,0.222214997574681,NA,NA,"future",0.777785002425319,-0.222214997574681,0,38,"Q1"
"11009",11009,"USCWashington3-4",2026-03-04,"conf","USC","Washington","B10","B10","A",NA,NA,0.749858766690896,0.850500833069505,0.789142831518436,0.396811542881163,NA,NA,"future",0.603188457118837,-0.396811542881163,0,62,"Q1"
"11010",11010,"RiceNorth Texas3-4",2026-03-04,"conf","Rice","North Texas","Amer","Amer","A",NA,NA,0.305946467034478,0.61394540023339,0.789142831518436,0.701790604371229,NA,NA,"future",0.298209395628771,-0.701790604371229,0,147,"Q3"
"11011",11011,"MarquetteProvidence3-4",2026-03-04,"conf","Marquette","Providence","BE","BE","A",NA,NA,0.526647022481542,0.803485279294478,0.789142831518436,0.477900616033965,NA,NA,"future",0.522099383966035,-0.477900616033965,0,89,"Q2"
"11012",11012,"PurdueNorthwestern3-4",2026-03-04,"conf","Purdue","Northwestern","B10","B10","A",NA,NA,0.942325072165618,0.848307220201776,0.789142831518436,0.400923368847485,NA,NA,"future",0.599076631152515,-0.400923368847485,0,69,"Q1"
"11013",11013,"DuquesneRhode Island3-4",2026-03-04,"conf","Duquesne","Rhode Island","A10","A10","A",NA,NA,0.509896069293123,0.656655293009964,0.789142831518436,0.661803604151082,NA,NA,"future",0.338196395848918,-0.661803604151082,0,133,"Q2"
"11014",11014,"StanfordNotre Dame3-4",2026-03-04,"conf","Stanford","Notre Dame","ACC","ACC","A",NA,NA,0.712676563861534,0.775906977662226,0.789142831518436,0.519438937310661,NA,NA,"future",0.480561062689339,-0.519438937310661,0,81,"Q2"
"11015",11015,"Colorado St.New Mexico3-4",2026-03-04,"conf","Colorado St.","New Mexico","MWC","MWC","A",NA,NA,0.62699617671433,0.889177912187195,0.789142831518436,0.318080985198017,NA,NA,"future",0.681919014801983,-0.318080985198017,0,42,"Q1"
"11016",11016,"Florida St.Pittsburgh3-4",2026-03-04,"conf","Florida St.","Pittsburgh","ACC","ACC","A",NA,NA,0.567618274698031,0.730765128903465,0.789142831518436,0.579630896823016,NA,NA,"future",0.420369103176984,-0.579630896823016,0,121,"Q2"
"11017",11017,"Loyola ChicagoSaint Louis3-4",2026-03-04,"conf","Loyola Chicago","Saint Louis","A10","A10","A",NA,NA,0.1760796726165,0.934398970437872,0.789142831518436,0.20807868025584,NA,NA,"future",0.79192131974416,-0.20807868025584,0,22,"Q1"
"11018",11018,"St. BonaventureGeorge Washington3-4",2026-03-04,"conf","St. Bonaventure","George Washington","A10","A10","A",NA,NA,0.42887918075561,0.805846857394486,0.789142831518436,0.474153029460988,NA,NA,"future",0.525846970539012,-0.474153029460988,0,75,"Q1"
"11019",11019,"BaylorHouston3-4",2026-03-04,"conf","Baylor","Houston","B12","B12","A",NA,NA,0.740905781509242,0.978859960512281,0.789142831518436,0.0747819159995559,NA,NA,"future",0.925218084000444,-0.0747819159995559,0,10,"Q1"
"11020",11020,"Saint Joseph'sDavidson3-4",2026-03-04,"conf","Saint Joseph's","Davidson","A10","A10","A",NA,NA,0.441375051805727,0.692626171471865,0.789142831518436,0.624182848539627,NA,NA,"future",0.375817151460373,-0.624182848539627,0,119,"Q2"
"11021",11021,"Miami FLSMU3-4",2026-03-04,"conf","Miami FL","SMU","ACC","ACC","A",NA,NA,0.797942523828166,0.916602426915101,0.789142831518436,0.254019532125076,NA,NA,"future",0.745980467874924,-0.254019532125076,0,30,"Q1"
"11022",11022,"CaliforniaGeorgia Tech3-4",2026-03-04,"conf","California","Georgia Tech","ACC","ACC","A",NA,NA,0.717957478164634,0.649662104684215,0.789142831518436,0.668678034087465,NA,NA,"future",0.331321965912535,-0.668678034087465,0,146,"Q3"
"11023",11023,"UABCharlotte3-4",2026-03-04,"conf","UAB","Charlotte","Amer","Amer","A",NA,NA,0.524998488358512,0.567723178537992,0.789142831518436,0.740236588946491,NA,NA,"future",0.259763411053509,-0.740236588946491,0,173,"Q3"
"11024",11024,"CreightonButler3-4",2026-03-04,"conf","Creighton","Butler","BE","BE","A",NA,NA,0.754064342104998,0.858613464070704,0.789142831518436,0.381295065510961,NA,NA,"future",0.618704934489039,-0.381295065510961,0,48,"Q1"
"11025",11025,"Ohio St.Penn St.3-4",2026-03-04,"conf","Ohio St.","Penn St.","B10","B10","A",NA,NA,0.817900794713915,0.644016964773121,0.789142831518436,0.674129982609513,NA,NA,"future",0.325870017390487,-0.674129982609513,0,131,"Q2"
"11026",11026,"MarylandWisconsin3-4",2026-03-04,"conf","Maryland","Wisconsin","B10","B10","A",NA,NA,0.573049543206266,0.913235229454143,0.789142831518436,0.262304234633571,NA,NA,"future",0.737695765366429,-0.262304234633571,0,36,"Q1"
"11027",11027,"VillanovaDePaul3-4",2026-03-04,"conf","Villanova","DePaul","BE","BE","A",NA,NA,0.84811313237523,0.723148523927946,0.789142831518436,0.588951567067976,NA,NA,"future",0.411048432932024,-0.588951567067976,0,113,"Q2"
"11028",11028,"FordhamLa Salle3-4",2026-03-04,"conf","Fordham","La Salle","A10","A10","A",NA,NA,0.363206300265358,0.503258861337018,0.789142831518436,0.786965573726056,NA,NA,"future",0.213034426273944,-0.786965573726056,0,227,"Q3"
"11029",11029,"MississippiVanderbilt3-4",2026-03-04,"conf","Mississippi","Vanderbilt","SEC","SEC","A",NA,NA,0.654298907124239,0.960919519146125,0.789142831518436,0.132101847871506,NA,NA,"future",0.867898152128494,-0.132101847871506,0,16,"Q1"
"11030",11030,"Arkansas Pine BluffAlcorn St.3-5",2026-03-05,"conf","Alcorn St.","Arkansas Pine Bluff","SWAC","SWAC","H",NA,NA,0.174056746218553,0.210499397365107,0.87694452176131,0.963935877536827,NA,NA,"future",0.0360641224631731,-0.963935877536827,0,311,"Q4"
"11031",11031,"Kennesaw St.UTEP3-5",2026-03-05,"conf","UTEP","Kennesaw St.","CUSA","CUSA","H",NA,NA,0.346704940492434,0.417773718358861,0.87694452176131,0.908522587405783,NA,NA,"future",0.0914774125942168,-0.908522587405783,0,159,"Q3"
"11032",11032,"TulsaEast Carolina3-5",2026-03-05,"conf","East Carolina","Tulsa","Amer","Amer","H",NA,NA,0.262679066039086,0.756867007275388,0.87694452176131,0.695980430402939,NA,NA,"future",0.304019569597061,-0.695980430402939,0,47,"Q2"
"11033",11033,"South Carolina St.North Carolina Central3-5",2026-03-05,"conf","North Carolina Central","South Carolina St.","MEAC","MEAC","H",NA,NA,0.146611416892688,0.0507325033248179,0.87694452176131,0.992556422425133,NA,NA,"future",0.00744357757486747,-0.992556422425133,0,360,"Q4"
"11034",11034,"Louisiana TechLiberty3-5",2026-03-05,"conf","Liberty","Louisiana Tech","CUSA","CUSA","H",NA,NA,0.754201371304044,0.208034428147825,0.87694452176131,0.964450169222807,NA,NA,"future",0.0355498307771926,-0.964450169222807,0,264,"Q4"
"11035",11035,"Utah ValleySouthern Utah3-5",2026-03-05,"conf","Southern Utah","Utah Valley","WAC","WAC","H",NA,NA,0.331760954622987,0.65875856803625,0.87694452176131,0.786850012957824,NA,NA,"future",0.213149987042176,-0.786850012957824,0,96,"Q3"
"11036",11036,"Cal St. NorthridgeCal St. Bakersfield3-5",2026-03-05,"conf","Cal St. Bakersfield","Cal St. Northridge","BW","BW","H",NA,NA,0.265483872557692,0.385010418560885,0.87694452176131,0.91924578431368,NA,NA,"future",0.0807542156863204,-0.91924578431368,0,209,"Q4"
"11037",11037,"Mississippi Valley St.Jackson St.3-5",2026-03-05,"conf","Jackson St.","Mississippi Valley St.","SWAC","SWAC","H",NA,NA,0.203615154509213,0.0200041175334786,0.87694452176131,0.997143844867186,NA,NA,"future",0.00285615513281423,-0.997143844867186,0,365,"Q4"
"11038",11038,"HowardNorfolk St.3-5",2026-03-05,"conf","Norfolk St.","Howard","MEAC","MEAC","H",NA,NA,0.214099252585284,0.233389525482971,0.87694452176131,0.95902984853669,NA,NA,"future",0.0409701514633097,-0.95902984853669,0,252,"Q4"
"11039",11039,"Middle TennesseeFIU3-5",2026-03-05,"conf","FIU","Middle Tennessee","CUSA","CUSA","H",NA,NA,0.568091309363212,0.617437484215807,0.87694452176131,0.815345086458109,NA,NA,"future",0.184654913541891,-0.815345086458109,0,111,"Q3"
"11040",11040,"MichiganIowa3-5",2026-03-05,"conf","Iowa","Michigan","B10","B10","H",NA,NA,0.951016965997977,0.976564220412699,0.87694452176131,0.146044441707653,NA,NA,"future",0.853955558292347,-0.146044441707653,0,1,"Q1"
"11041",11041,"South FloridaMemphis3-5",2026-03-05,"conf","Memphis","South Florida","Amer","Amer","H",NA,NA,0.777847739912943,0.716094166023229,0.87694452176131,0.738587386794364,NA,NA,"future",0.261412613205636,-0.738587386794364,0,66,"Q2"
"11042",11042,"UC DavisLong Beach St.3-5",2026-03-05,"conf","Long Beach St.","UC Davis","BW","BW","H",NA,NA,0.420920977464503,0.410152855593226,0.87694452176131,0.911100116157902,NA,NA,"future",0.0888998838420977,-0.911100116157902,0,176,"Q4"
"11043",11043,"Coppin St.Morgan St.3-5",2026-03-05,"conf","Morgan St.","Coppin St.","MEAC","MEAC","H",NA,NA,0.0769875851717531,0.0259808577725411,0.87694452176131,0.996271000581672,NA,NA,"future",0.00372899941832849,-0.996271000581672,0,364,"Q4"
"11044",11044,"Abilene ChristianCal Baptist3-5",2026-03-05,"conf","Cal Baptist","Abilene Christian","WAC","WAC","H",NA,NA,0.691435207905624,0.25561463996283,0.87694452176131,0.954029569648245,NA,NA,"future",0.045970430351755,-0.954029569648245,0,241,"Q4"
"11045",11045,"Grambling St.Alabama St.3-5",2026-03-05,"conf","Alabama St.","Grambling St.","SWAC","SWAC","H",NA,NA,0.268009882386887,0.233559697555641,0.87694452176131,0.958992470941088,NA,NA,"future",0.0410075290589117,-0.958992470941088,0,266,"Q4"
"11046",11046,"Cal PolyUC Irvine3-5",2026-03-05,"conf","UC Irvine","Cal Poly","BW","BW","H",NA,NA,0.71694009377673,0.22558726115521,0.87694452176131,0.960729012486904,NA,NA,"future",0.0392709875130959,-0.960729012486904,0,257,"Q4"
"11047",11047,"Sam Houston St.Delaware3-5",2026-03-05,"conf","Delaware","Sam Houston St.","CUSA","CUSA","H",NA,NA,0.290475626387562,0.562519903891757,0.87694452176131,0.847149015990964,NA,NA,"future",0.152850984009036,-0.847149015990964,0,105,"Q3"
"11048",11048,"Western KentuckyMissouri St.3-5",2026-03-05,"conf","Missouri St.","Western Kentucky","CUSA","CUSA","H",NA,NA,0.618345928322213,0.381373069076346,0.87694452176131,0.920380838248542,NA,NA,"future",0.0796191617514583,-0.920380838248542,0,167,"Q4"
"11049",11049,"Jacksonville St.New Mexico St.3-5",2026-03-05,"conf","New Mexico St.","Jacksonville St.","CUSA","CUSA","H",NA,NA,0.670484002673614,0.295930609897491,0.87694452176131,0.944305079945083,NA,NA,"future",0.0556949200549175,-0.944305079945083,0,245,"Q4"
"11050",11050,"Bethune CookmanFlorida A&M3-5",2026-03-05,"conf","Florida A&M","Bethune Cookman","SWAC","SWAC","H",NA,NA,0.313122465804659,0.251758726760507,0.87694452176131,0.954914569002642,NA,NA,"future",0.0450854309973584,-0.954914569002642,0,268,"Q4"
"11051",11051,"UT ArlingtonTarleton St.3-5",2026-03-05,"conf","Tarleton St.","UT Arlington","WAC","WAC","H",NA,NA,0.559896594488506,0.429835729480134,0.87694452176131,0.90433348387365,NA,NA,"future",0.0956665161263495,-0.90433348387365,0,123,"Q3"
"11052",11052,"Prairie View A&MTexas Southern3-5",2026-03-05,"conf","Texas Southern","Prairie View A&M","SWAC","SWAC","H",NA,NA,0.218447040616154,0.172466558867004,0.87694452176131,0.971586187483802,NA,NA,"future",0.0284138125161976,-0.971586187483802,0,296,"Q4"
"11053",11053,"SouthernAlabama A&M3-5",2026-03-05,"conf","Alabama A&M","Southern","SWAC","SWAC","H",NA,NA,0.264840745295219,0.265907681407748,0.87694452176131,0.951629886177392,NA,NA,"future",0.0483701138226084,-0.951629886177392,0,278,"Q4"
"11054",11054,"TulaneTemple3-5",2026-03-05,"conf","Temple","Tulane","Amer","Amer","H",NA,NA,0.639379701297134,0.343744187026903,0.87694452176131,0.931531828337849,NA,NA,"future",0.0684681716621508,-0.931531828337849,0,202,"Q4"
"11055",11055,"Delaware St.Maryland Eastern Shore3-5",2026-03-05,"conf","Maryland Eastern Shore","Delaware St.","MEAC","MEAC","H",NA,NA,0.194861945562525,0.0497573037483458,0.87694452176131,0.99270589963853,NA,NA,"future",0.00729410036147027,-0.99270589963853,0,358,"Q4"
"11056",11056,"UC San DiegoCal St. Fullerton3-5",2026-03-05,"conf","Cal St. Fullerton","UC San Diego","BW","BW","H",NA,NA,0.486141474245039,0.591942410772934,0.87694452176131,0.830870239432055,NA,NA,"future",0.169129760567945,-0.830870239432055,0,98,"Q3"
"11057",11057,"RutgersMichigan St.3-5",2026-03-05,"conf","Michigan St.","Rutgers","B10","B10","H",NA,NA,0.96316998011938,0.434313559219032,0.87694452176131,0.902743058079771,NA,NA,"future",0.0972569419202294,-0.902743058079771,0,153,"Q3"
"11058",11058,"UC RiversideHawaii3-5",2026-03-05,"conf","Hawaii","UC Riverside","BW","BW","H",NA,NA,0.782563869210565,0.201552689174799,0.87694452176131,0.965789939307561,NA,NA,"future",0.0342100606924388,-0.965789939307561,0,283,"Q4"
"11059",11059,"Arkansas Pine BluffAlcorn St.3-5",2026-03-05,"conf","Arkansas Pine Bluff","Alcorn St.","SWAC","SWAC","A",NA,NA,0.210499397365107,0.174056746218553,0.789142831518436,0.946693194210632,NA,NA,"future",0.053306805789368,-0.946693194210632,0,351,"Q4"
"11060",11060,"Kennesaw St.UTEP3-5",2026-03-05,"conf","Kennesaw St.","UTEP","CUSA","CUSA","A",NA,NA,0.417773718358861,0.346704940492434,0.789142831518436,0.87580832614611,NA,NA,"future",0.12419167385389,-0.87580832614611,0,276,"Q4"
"11061",11061,"TulsaEast Carolina3-5",2026-03-05,"conf","Tulsa","East Carolina","Amer","Amer","A",NA,NA,0.756867007275388,0.262679066039086,0.789142831518436,0.913081687465795,NA,NA,"future",0.0869183125342055,-0.913081687465795,0,299,"Q4"
"11062",11062,"South Carolina St.North Carolina Central3-5",2026-03-05,"conf","South Carolina St.","North Carolina Central","MEAC","MEAC","A",NA,NA,0.0507325033248179,0.146611416892688,0.789142831518436,0.956110386825677,NA,NA,"future",0.0438896131743233,-0.956110386825677,0,344,"Q4"
"11063",11063,"Louisiana TechLiberty3-5",2026-03-05,"conf","Louisiana Tech","Liberty","CUSA","CUSA","A",NA,NA,0.208034428147825,0.754201371304044,0.789142831518436,0.549492294681649,NA,NA,"future",0.450507705318351,-0.549492294681649,0,84,"Q2"
"11064",11064,"Utah ValleySouthern Utah3-5",2026-03-05,"conf","Utah Valley","Southern Utah","WAC","WAC","A",NA,NA,0.65875856803625,0.331760954622987,0.789142831518436,0.882880763427249,NA,NA,"future",0.117119236572751,-0.882880763427249,0,294,"Q4"
"11065",11065,"Cal St. NorthridgeCal St. Bakersfield3-5",2026-03-05,"conf","Cal St. Northridge","Cal St. Bakersfield","BW","BW","A",NA,NA,0.385010418560885,0.265483872557692,0.789142831518436,0.911929432395944,NA,NA,"future",0.0880705676040564,-0.911929432395944,0,301,"Q4"
"11066",11066,"Mississippi Valley St.Jackson St.3-5",2026-03-05,"conf","Mississippi Valley St.","Jackson St.","SWAC","SWAC","A",NA,NA,0.0200041175334786,0.203615154509213,0.789142831518436,0.936052982067883,NA,NA,"future",0.0639470179321173,-0.936052982067883,0,347,"Q4"
"11067",11067,"HowardNorfolk St.3-5",2026-03-05,"conf","Howard","Norfolk St.","MEAC","MEAC","A",NA,NA,0.233389525482971,0.214099252585284,0.789142831518436,0.932147647195999,NA,NA,"future",0.0678523528040014,-0.932147647195999,0,303,"Q4"
"11068",11068,"Middle TennesseeFIU3-5",2026-03-05,"conf","Middle Tennessee","FIU","CUSA","CUSA","A",NA,NA,0.617437484215807,0.568091309363212,0.789142831518436,0.739948017865934,NA,NA,"future",0.260051982134066,-0.739948017865934,0,198,"Q3"
"11069",11069,"MichiganIowa3-5",2026-03-05,"conf","Michigan","Iowa","B10","B10","A",NA,NA,0.976564220412699,0.951016965997977,0.789142831518436,0.161610786773865,NA,NA,"future",0.838389213226135,-0.161610786773865,0,21,"Q1"
"11070",11070,"South FloridaMemphis3-5",2026-03-05,"conf","South Florida","Memphis","Amer","Amer","A",NA,NA,0.716094166023229,0.777847739912943,0.789142831518436,0.516643488894951,NA,NA,"future",0.483356511105049,-0.516643488894951,0,112,"Q2"
"11071",11071,"UC DavisLong Beach St.3-5",2026-03-05,"conf","UC Davis","Long Beach St.","BW","BW","A",NA,NA,0.410152855593226,0.420920977464503,0.789142831518436,0.837366165744844,NA,NA,"future",0.162633834255156,-0.837366165744844,0,240,"Q3"
"11072",11072,"Coppin St.Morgan St.3-5",2026-03-05,"conf","Coppin St.","Morgan St.","MEAC","MEAC","A",NA,NA,0.0259808577725411,0.0769875851717531,0.789142831518436,0.978199161594347,NA,NA,"future",0.0218008384056526,-0.978199161594347,0,361,"Q4"
"11073",11073,"Abilene ChristianCal Baptist3-5",2026-03-05,"conf","Abilene Christian","Cal Baptist","WAC","WAC","A",NA,NA,0.25561463996283,0.691435207905624,0.789142831518436,0.625492790676781,NA,NA,"future",0.374507209323219,-0.625492790676781,0,120,"Q2"
"11074",11074,"Grambling St.Alabama St.3-5",2026-03-05,"conf","Grambling St.","Alabama St.","SWAC","SWAC","A",NA,NA,0.233559697555641,0.268009882386887,0.789142831518436,0.910886666510392,NA,NA,"future",0.0891133334896076,-0.910886666510392,0,313,"Q4"
"11075",11075,"Cal PolyUC Irvine3-5",2026-03-05,"conf","Cal Poly","UC Irvine","BW","BW","A",NA,NA,0.22558726115521,0.71694009377673,0.789142831518436,0.596386841218079,NA,NA,"future",0.403613158781921,-0.596386841218079,0,128,"Q2"
"11076",11076,"Sam Houston St.Delaware3-5",2026-03-05,"conf","Sam Houston St.","Delaware","CUSA","CUSA","A",NA,NA,0.562519903891757,0.290475626387562,0.789142831518436,0.901396772388435,NA,NA,"future",0.0986032276115646,-0.901396772388435,0,300,"Q4"
"11077",11077,"Western KentuckyMissouri St.3-5",2026-03-05,"conf","Western Kentucky","Missouri St.","CUSA","CUSA","A",NA,NA,0.381373069076346,0.618345928322213,0.789142831518436,0.697882118549372,NA,NA,"future",0.302117881450628,-0.697882118549372,0,191,"Q3"
"11078",11078,"Jacksonville St.New Mexico St.3-5",2026-03-05,"conf","Jacksonville St.","New Mexico St.","CUSA","CUSA","A",NA,NA,0.295930609897491,0.670484002673614,0.789142831518436,0.64780196307496,NA,NA,"future",0.35219803692504,-0.64780196307496,0,140,"Q3"
"11079",11079,"Bethune CookmanFlorida A&M3-5",2026-03-05,"conf","Bethune Cookman","Florida A&M","SWAC","SWAC","A",NA,NA,0.251758726760507,0.313122465804659,0.789142831518436,0.89141995383216,NA,NA,"future",0.10858004616784,-0.89141995383216,0,307,"Q4"
"11080",11080,"UT ArlingtonTarleton St.3-5",2026-03-05,"conf","UT Arlington","Tarleton St.","WAC","WAC","A",NA,NA,0.429835729480134,0.559896594488506,0.789142831518436,0.746309231111213,NA,NA,"future",0.253690768888787,-0.746309231111213,0,185,"Q3"
"11081",11081,"Prairie View A&MTexas Southern3-5",2026-03-05,"conf","Prairie View A&M","Texas Southern","SWAC","SWAC","A",NA,NA,0.172466558867004,0.218447040616154,0.789142831518436,0.930507135168519,NA,NA,"future",0.0694928648314806,-0.930507135168519,0,348,"Q4"
"11082",11082,"SouthernAlabama A&M3-5",2026-03-05,"conf","Southern","Alabama A&M","SWAC","SWAC","A",NA,NA,0.265907681407748,0.264840745295219,0.789142831518436,0.91219415768358,NA,NA,"future",0.0878058423164204,-0.91219415768358,0,308,"Q4"
"11083",11083,"TulaneTemple3-5",2026-03-05,"conf","Tulane","Temple","Amer","Amer","A",NA,NA,0.343744187026903,0.639379701297134,0.789142831518436,0.67854505050098,NA,NA,"future",0.32145494949902,-0.67854505050098,0,154,"Q3"
"11084",11084,"Delaware St.Maryland Eastern Shore3-5",2026-03-05,"conf","Delaware St.","Maryland Eastern Shore","MEAC","MEAC","A",NA,NA,0.0497573037483458,0.194861945562525,0.789142831518436,0.939259937606587,NA,NA,"future",0.0607400623934126,-0.939259937606587,0,325,"Q4"
"11085",11085,"UC San DiegoCal St. Fullerton3-5",2026-03-05,"conf","UC San Diego","Cal St. Fullerton","BW","BW","A",NA,NA,0.591942410772934,0.486141474245039,0.789142831518436,0.798221354022513,NA,NA,"future",0.201778645977487,-0.798221354022513,0,200,"Q3"
"11086",11086,"RutgersMichigan St.3-5",2026-03-05,"conf","Rutgers","Michigan St.","B10","B10","A",NA,NA,0.434313559219032,0.96316998011938,0.789142831518436,0.125192612565118,NA,NA,"future",0.874807387434882,-0.125192612565118,0,11,"Q1"
"11087",11087,"UC RiversideHawaii3-5",2026-03-05,"conf","UC Riverside","Hawaii","BW","BW","A",NA,NA,0.201552689174799,0.782563869210565,0.789142831518436,0.50977274777129,NA,NA,"future",0.49022725222871,-0.50977274777129,0,97,"Q2"
"11088",11088,"PennBrown3-6",2026-03-06,"conf","Brown","Penn","Ivy","Ivy","H",NA,NA,0.361296853591693,0.395413064060764,0.87694452176131,0.915940225457352,NA,NA,"future",0.0840597745426485,-0.915940225457352,0,178,"Q4"
"11089",11089,"UCFWest Virginia3-6",2026-03-06,"conf","West Virginia","UCF","B12","B12","H",NA,NA,0.87123425331909,0.77353273260516,0.87694452176131,0.675998096188303,NA,NA,"future",0.324001903811697,-0.675998096188303,0,39,"Q2"
"11090",11090,"Western MichiganKent St.3-6",2026-03-06,"conf","Kent St.","Western Michigan","MAC","MAC","H",NA,NA,0.638568943065511,0.256976620663072,0.87694452176131,0.953715171476899,NA,NA,"future",0.0462848285231012,-0.953715171476899,0,256,"Q4"
"11091",11091,"BuffaloToledo3-6",2026-03-06,"conf","Toledo","Buffalo","MAC","MAC","H",NA,NA,0.565070766531367,0.387632809783295,0.87694452176131,0.918420848754699,NA,NA,"future",0.0815791512453012,-0.918420848754699,0,165,"Q4"
"11092",11092,"Bowling GreenEastern Michigan3-6",2026-03-06,"conf","Eastern Michigan","Bowling Green","MAC","MAC","H",NA,NA,0.534059422473723,0.571728621824331,0.87694452176131,0.842228164877759,NA,NA,"future",0.157771835122241,-0.842228164877759,0,101,"Q3"
"11093",11093,"UNLVSan Diego St.3-6",2026-03-06,"conf","San Diego St.","UNLV","MWC","MWC","H",NA,NA,0.88804009035819,0.560876007034628,0.87694452176131,0.848011636054,NA,NA,"future",0.151988363946,-0.848011636054,0,127,"Q3"
"11094",11094,"VCUDayton3-6",2026-03-06,"conf","Dayton","VCU","A10","A10","H",NA,NA,0.806502743818976,0.722299621864947,0.87694452176131,0.732611158893325,NA,NA,"future",0.267388841106675,-0.732611158893325,0,55,"Q2"
"11095",11095,"Northern IllinoisAkron3-6",2026-03-06,"conf","Akron","Northern Illinois","MAC","MAC","H",NA,NA,0.848029041448943,0.136539414444762,0.87694452176131,0.978292340323179,NA,NA,"future",0.0217076596768214,-0.978292340323179,0,312,"Q4"
"11096",11096,"St. John'sSeton Hall3-6",2026-03-06,"conf","Seton Hall","St. John's","BE","BE","H",NA,NA,0.873855128810157,0.894211859941309,0.87694452176131,0.457429346097337,NA,NA,"future",0.542570653902663,-0.457429346097337,0,23,"Q1"
"11097",11097,"Miami OHOhio3-6",2026-03-06,"conf","Ohio","Miami OH","MAC","MAC","H",NA,NA,0.450162132915252,0.696611503750518,0.87694452176131,0.756317426282864,NA,NA,"future",0.243682573717136,-0.756317426282864,0,49,"Q2"
"11098",11098,"Central MichiganBall St.3-6",2026-03-06,"conf","Ball St.","Central Michigan","MAC","MAC","H",NA,NA,0.288514481287383,0.143586134959525,0.87694452176131,0.977014256827904,NA,NA,"future",0.0229857431720957,-0.977014256827904,0,329,"Q4"
"11099",11099,"PennBrown3-6",2026-03-06,"conf","Penn","Brown","Ivy","Ivy","A",NA,NA,0.395413064060764,0.361296853591693,0.789142831518436,0.868699218992873,NA,NA,"future",0.131300781007127,-0.868699218992873,0,275,"Q4"
"11100",11100,"UCFWest Virginia3-6",2026-03-06,"conf","UCF","West Virginia","B12","B12","A",NA,NA,0.77353273260516,0.87123425331909,0.789142831518436,0.356141766264973,NA,NA,"future",0.643858233735027,-0.356141766264973,0,59,"Q1"
"11101",11101,"Western MichiganKent St.3-6",2026-03-06,"conf","Western Michigan","Kent St.","MAC","MAC","A",NA,NA,0.256976620663072,0.638568943065511,0.789142831518436,0.679311168960651,NA,NA,"future",0.320688831039349,-0.679311168960651,0,148,"Q3"
"11102",11102,"BuffaloToledo3-6",2026-03-06,"conf","Buffalo","Toledo","MAC","MAC","A",NA,NA,0.387632809783295,0.565070766531367,0.789142831518436,0.742307911949207,NA,NA,"future",0.257692088050793,-0.742307911949207,0,169,"Q3"
"11103",11103,"Bowling GreenEastern Michigan3-6",2026-03-06,"conf","Bowling Green","Eastern Michigan","MAC","MAC","A",NA,NA,0.571728621824331,0.534059422473723,0.789142831518436,0.765543748596947,NA,NA,"future",0.234456251403053,-0.765543748596947,0,179,"Q3"
"11104",11104,"UNLVSan Diego St.3-6",2026-03-06,"conf","UNLV","San Diego St.","MWC","MWC","A",NA,NA,0.560876007034628,0.88804009035819,0.789142831518436,0.320579556111625,NA,NA,"future",0.679420443888375,-0.320579556111625,0,52,"Q1"
"11105",11105,"VCUDayton3-6",2026-03-06,"conf","VCU","Dayton","A10","A10","A",NA,NA,0.722299621864947,0.806502743818976,0.789142831518436,0.473106576585408,NA,NA,"future",0.526893423414592,-0.473106576585408,0,80,"Q2"
"11106",11106,"Northern IllinoisAkron3-6",2026-03-06,"conf","Northern Illinois","Akron","MAC","MAC","A",NA,NA,0.136539414444762,0.848029041448943,0.789142831518436,0.401442307127826,NA,NA,"future",0.598557692872174,-0.401442307127826,0,54,"Q1"
"11107",11107,"St. John'sSeton Hall3-6",2026-03-06,"conf","St. John's","Seton Hall","BE","BE","A",NA,NA,0.894211859941309,0.873855128810157,0.789142831518436,0.350756125662828,NA,NA,"future",0.649243874337172,-0.350756125662828,0,45,"Q1"
"11108",11108,"Miami OHOhio3-6",2026-03-06,"conf","Miami OH","Ohio","MAC","MAC","A",NA,NA,0.696611503750518,0.450162132915252,0.789142831518436,0.820506375236532,NA,NA,"future",0.179493624763468,-0.820506375236532,0,216,"Q3"
"11109",11109,"Central MichiganBall St.3-6",2026-03-06,"conf","Central Michigan","Ball St.","MAC","MAC","A",NA,NA,0.143586134959525,0.288514481287383,0.789142831518436,0.902240976851439,NA,NA,"future",0.097759023148561,-0.902240976851439,0,316,"Q4"
"11110",11110,"CornellDartmouth3-7",2026-03-07,"conf","Dartmouth","Cornell","Ivy","Ivy","H",NA,NA,0.465558838117583,0.377743777487108,0.87694452176131,0.921502900364643,NA,NA,"future",0.0784970996353572,-0.921502900364643,0,188,"Q4"
"11111",11111,"CincinnatiTCU3-7",2026-03-07,"conf","TCU","Cincinnati","B12","B12","H",NA,NA,0.865296099885822,0.78379278013368,0.87694452176131,0.662823243260027,NA,NA,"future",0.337176756739973,-0.662823243260027,0,72,"Q2"
"11112",11112,"Kansas St.Kansas3-7",2026-03-07,"conf","Kansas","Kansas St.","B12","B12","H",NA,NA,0.958273819187545,0.660770736289095,0.87694452176131,0.785342749205728,NA,NA,"future",0.214657250794272,-0.785342749205728,0,82,"Q3"
"11113",11113,"UCLAUSC3-7",2026-03-07,"conf","USC","UCLA","B10","B10","H",NA,NA,0.850928400566256,0.799123308329882,0.87694452176131,0.64175383145719,NA,NA,"future",0.35824616854281,-0.64175383145719,0,40,"Q2"
"11114",11114,"DavidsonSt. Bonaventure3-7",2026-03-07,"conf","St. Bonaventure","Davidson","A10","A10","H",NA,NA,0.588463345654528,0.541996731296271,0.87694452176131,0.857591084116218,NA,NA,"future",0.142408915883782,-0.857591084116218,0,119,"Q3"
"11115",11115,"IndianaOhio St.3-7",2026-03-07,"conf","Ohio St.","Indiana","B10","B10","H",NA,NA,0.895316100144004,0.873086517947804,0.87694452176131,0.508818932948501,NA,NA,"future",0.491181067051499,-0.508818932948501,0,38,"Q2"
"11116",11116,"UC DavisUC Irvine3-7",2026-03-07,"conf","UC Irvine","UC Davis","BW","BW","H",NA,NA,0.71694009377673,0.410152855593226,0.87694452176131,0.911100116157902,NA,NA,"future",0.0888998838420977,-0.911100116157902,0,176,"Q4"
"11117",11117,"Texas TechBYU3-7",2026-03-07,"conf","BYU","Texas Tech","B12","B12","H",NA,NA,0.943249231571529,0.914150403527372,0.87694452176131,0.400930435453587,NA,NA,"future",0.599069564546413,-0.400930435453587,0,17,"Q1"
"11118",11118,"StanfordN.C. State3-7",2026-03-07,"conf","N.C. State","Stanford","ACC","ACC","H",NA,NA,0.928506150979041,0.712676563861534,0.87694452176131,0.741808445428602,NA,NA,"future",0.258191554571398,-0.741808445428602,0,68,"Q2"
"11119",11119,"Air ForceNevada3-7",2026-03-07,"conf","Nevada","Air Force","MWC","MWC","H",NA,NA,0.843851415463164,0.105682919431014,0.87694452176131,0.983688285585496,NA,NA,"future",0.0163117144145042,-0.983688285585496,0,336,"Q4"
"11120",11120,"Virginia TechVirginia3-7",2026-03-07,"conf","Virginia","Virginia Tech","ACC","ACC","H",NA,NA,0.96842400434267,0.754253091747402,0.87694452176131,0.698966789253546,NA,NA,"future",0.301033210746454,-0.698966789253546,0,51,"Q2"
"11121",11121,"Louisiana TechDelaware3-7",2026-03-07,"conf","Delaware","Louisiana Tech","CUSA","CUSA","H",NA,NA,0.290475626387562,0.208034428147825,0.87694452176131,0.964450169222807,NA,NA,"future",0.0355498307771926,-0.964450169222807,0,264,"Q4"
"11122",11122,"WisconsinPurdue3-7",2026-03-07,"conf","Purdue","Wisconsin","B10","B10","H",NA,NA,0.968858276411217,0.846803951575671,0.87694452176131,0.563174984065404,NA,NA,"future",0.436825015934596,-0.563174984065404,0,36,"Q2"
"11123",11123,"NorthwesternMinnesota3-7",2026-03-07,"conf","Minnesota","Northwestern","B10","B10","H",NA,NA,0.837995134981792,0.745990934106807,0.87694452176131,0.708160123263315,NA,NA,"future",0.291839876736685,-0.708160123263315,0,69,"Q2"
"11124",11124,"FloridaKentucky3-7",2026-03-07,"conf","Kentucky","Florida","SEC","SEC","H",NA,NA,0.894882969930619,0.940366182041113,0.87694452176131,0.311259394238092,NA,NA,"future",0.688740605761908,-0.311259394238092,0,14,"Q1"
"11125",11125,"Saint LouisGeorge Mason3-7",2026-03-07,"conf","George Mason","Saint Louis","A10","A10","H",NA,NA,0.758834600748699,0.882079346144617,0.87694452176131,0.487886969241814,NA,NA,"future",0.512113030758186,-0.487886969241814,0,22,"Q1"
"11126",11126,"Notre DameBoston College3-7",2026-03-07,"conf","Boston College","Notre Dame","ACC","ACC","H",NA,NA,0.611273164360049,0.645182423439833,0.87694452176131,0.796713547399044,NA,NA,"future",0.203286452600956,-0.796713547399044,0,81,"Q3"
"11127",11127,"HoustonOklahoma St.3-7",2026-03-07,"conf","Oklahoma St.","Houston","B12","B12","H",NA,NA,0.819344264260517,0.960500923846367,0.87694452176131,0.226642204378726,NA,NA,"future",0.773357795621274,-0.226642204378726,0,10,"Q1"
"11128",11128,"Arizona St.Iowa St.3-7",2026-03-07,"conf","Iowa St.","Arizona St.","B12","B12","H",NA,NA,0.963201567205515,0.630271822278081,0.87694452176131,0.806967577765592,NA,NA,"future",0.193032422234408,-0.806967577765592,0,93,"Q3"
"11129",11129,"Cal St. BakersfieldCal Poly3-7",2026-03-07,"conf","Cal Poly","Cal St. Bakersfield","BW","BW","H",NA,NA,0.356782664805302,0.159533932612316,0.87694452176131,0.974055493161456,NA,NA,"future",0.0259445068385435,-0.974055493161456,0,301,"Q4"
"11130",11130,"WashingtonOregon3-7",2026-03-07,"conf","Oregon","Washington","B10","B10","H",NA,NA,0.81299290274961,0.749226742667862,0.87694452176131,0.704603340179548,NA,NA,"future",0.295396659820452,-0.704603340179548,0,62,"Q2"
"11131",11131,"ArkansasMissouri3-7",2026-03-07,"conf","Missouri","Arkansas","SEC","SEC","H",NA,NA,0.837628198528992,0.899851369198693,0.87694452176131,0.442316531859976,NA,NA,"future",0.557683468140024,-0.442316531859976,0,20,"Q1"
"11132",11132,"New MexicoUtah St.3-7",2026-03-07,"conf","Utah St.","New Mexico","MWC","MWC","H",NA,NA,0.914720101774999,0.808195778802625,0.87694452176131,0.628428109075613,NA,NA,"future",0.371571890924387,-0.628428109075613,0,42,"Q2"
"11133",11133,"Boise St.Colorado St.3-7",2026-03-07,"conf","Colorado St.","Boise St.","MWC","MWC","H",NA,NA,0.761948848530048,0.719435859842334,0.87694452176131,0.735389901479989,NA,NA,"future",0.264610098520011,-0.735389901479989,0,71,"Q2"
"11134",11134,"LouisvilleMiami FL3-7",2026-03-07,"conf","Miami FL","Louisville","ACC","ACC","H",NA,NA,0.882624997146115,0.927853101372083,0.87694452176131,0.356552099528878,NA,NA,"future",0.643447900471122,-0.356552099528878,0,15,"Q1"
"11135",11135,"SMUFlorida St.3-7",2026-03-07,"conf","Florida St.","SMU","ACC","ACC","H",NA,NA,0.714263605095652,0.852332367434774,0.87694452176131,0.55250469969308,NA,NA,"future",0.44749530030692,-0.55250469969308,0,30,"Q1"
"11136",11136,"North CarolinaDuke3-7",2026-03-07,"conf","Duke","North Carolina","ACC","ACC","H",NA,NA,0.967169328775528,0.849603281638803,0.87694452176131,0.557819068404126,NA,NA,"future",0.442180931595874,-0.557819068404126,0,27,"Q1"
"11137",11137,"George WashingtonLoyola Chicago3-7",2026-03-07,"conf","Loyola Chicago","George Washington","A10","A10","H",NA,NA,0.28923647413666,0.685508618398289,0.87694452176131,0.765774611648292,NA,NA,"future",0.234225388351708,-0.765774611648292,0,75,"Q2"
"11138",11138,"GeorgiaMississippi St.3-7",2026-03-07,"conf","Mississippi St.","Georgia","SEC","SEC","H",NA,NA,0.769828564240354,0.851354270638983,0.87694452176131,0.554420048271428,NA,NA,"future",0.445579951728572,-0.554420048271428,0,24,"Q1"
"11139",11139,"Long Beach St.Hawaii3-7",2026-03-07,"conf","Hawaii","Long Beach St.","BW","BW","H",NA,NA,0.782563869210565,0.276270766068189,0.87694452176131,0.949157607123227,NA,NA,"future",0.0508423928767727,-0.949157607123227,0,240,"Q4"
"11140",11140,"Jacksonville St.UTEP3-7",2026-03-07,"conf","UTEP","Jacksonville St.","CUSA","CUSA","H",NA,NA,0.346704940492434,0.295930609897491,0.87694452176131,0.944305079945083,NA,NA,"future",0.0556949200549175,-0.944305079945083,0,245,"Q4"
"11141",11141,"PrincetonYale3-7",2026-03-07,"conf","Yale","Princeton","Ivy","Ivy","H",NA,NA,0.814418788081781,0.302269000525834,0.87694452176131,0.942693369093223,NA,NA,"future",0.0573066309067766,-0.942693369093223,0,239,"Q4"
"11142",11142,"XavierVillanova3-7",2026-03-07,"conf","Villanova","Xavier","BE","BE","H",NA,NA,0.914034335117992,0.650772325033312,0.87694452176131,0.792715583981746,NA,NA,"future",0.207284416018254,-0.792715583981746,0,94,"Q3"
"11143",11143,"CaliforniaWake Forest3-7",2026-03-07,"conf","Wake Forest","California","ACC","ACC","H",NA,NA,0.830188381602287,0.717957478164634,0.87694452176131,0.736810404185855,NA,NA,"future",0.263189595814145,-0.736810404185855,0,60,"Q2"
"11144",11144,"Cal BaptistSouthern Utah3-7",2026-03-07,"conf","Southern Utah","Cal Baptist","WAC","WAC","H",NA,NA,0.331760954622987,0.540609234029639,0.87694452176131,0.858272191250011,NA,NA,"future",0.141727808749989,-0.858272191250011,0,120,"Q3"
"11145",11145,"Texas A&MLSU3-7",2026-03-07,"conf","LSU","Texas A&M","SEC","SEC","H",NA,NA,0.86991035902452,0.85060177721884,0.87694452176131,0.555885454080178,NA,NA,"future",0.444114545919822,-0.555885454080178,0,41,"Q2"
"11146",11146,"Florida AtlanticWichita St.3-7",2026-03-07,"conf","Wichita St.","Florida Atlantic","Amer","Amer","H",NA,NA,0.738904436061514,0.669116075241684,0.87694452176131,0.778960430736667,NA,NA,"future",0.221039569263333,-0.778960430736667,0,91,"Q3"
"11147",11147,"Kennesaw St.New Mexico St.3-7",2026-03-07,"conf","New Mexico St.","Kennesaw St.","CUSA","CUSA","H",NA,NA,0.670484002673614,0.417773718358861,0.87694452176131,0.908522587405783,NA,NA,"future",0.0914774125942168,-0.908522587405783,0,159,"Q3"
"11148",11148,"Utah ValleyUtah Tech3-7",2026-03-07,"conf","Utah Tech","Utah Valley","WAC","WAC","H",NA,NA,0.479891400510013,0.65875856803625,0.87694452176131,0.786850012957824,NA,NA,"future",0.213149987042176,-0.786850012957824,0,96,"Q3"
"11149",11149,"WyomingSan Jose St.3-7",2026-03-07,"conf","San Jose St.","Wyoming","MWC","MWC","H",NA,NA,0.426462166380668,0.628540397083757,0.87694452176131,0.80812121966831,NA,NA,"future",0.19187878033169,-0.80812121966831,0,100,"Q3"
"11150",11150,"South CarolinaMississippi3-7",2026-03-07,"conf","Mississippi","South Carolina","SEC","SEC","H",NA,NA,0.782795445947566,0.702029460608034,0.87694452176131,0.751537221073831,NA,NA,"future",0.248462778926169,-0.751537221073831,0,85,"Q3"
"11151",11151,"Fresno St.Grand Canyon3-7",2026-03-07,"conf","Grand Canyon","Fresno St.","MWC","MWC","H",NA,NA,0.843748589646882,0.481922792123584,0.87694452176131,0.884540532188665,NA,NA,"future",0.115459467811335,-0.884540532188665,0,139,"Q3"
"11152",11152,"VanderbiltTennessee3-7",2026-03-07,"conf","Tennessee","Vanderbilt","SEC","SEC","H",NA,NA,0.951108153148531,0.928124167770446,0.87694452176131,0.355622029564161,NA,NA,"future",0.644377970435839,-0.355622029564161,0,16,"Q1"
"11153",11153,"ArizonaColorado3-7",2026-03-07,"conf","Colorado","Arizona","B12","B12","H",NA,NA,0.772290823716488,0.958472429946254,0.87694452176131,0.235920885661496,NA,NA,"future",0.764079114338504,-0.235920885661496,0,3,"Q1"
"11154",11154,"ProvidenceGeorgetown3-7",2026-03-07,"conf","Georgetown","Providence","BE","BE","H",NA,NA,0.736066932523059,0.682260447232124,0.87694452176131,0.768458776904752,NA,NA,"future",0.231541223095248,-0.768458776904752,0,89,"Q3"
"11155",11155,"Western KentuckyFIU3-7",2026-03-07,"conf","FIU","Western Kentucky","CUSA","CUSA","H",NA,NA,0.568091309363212,0.381373069076346,0.87694452176131,0.920380838248542,NA,NA,"future",0.0796191617514583,-0.920380838248542,0,167,"Q4"
"11156",11156,"AuburnAlabama3-7",2026-03-07,"conf","Alabama","Auburn","SEC","SEC","H",NA,NA,0.954434190116709,0.84883999378349,0.87694452176131,0.559288913239661,NA,NA,"future",0.440711086760339,-0.559288913239661,0,34,"Q2"
"11157",11157,"OklahomaTexas3-7",2026-03-07,"conf","Texas","Oklahoma","SEC","SEC","H",NA,NA,0.887271095950039,0.671721774627647,0.87694452176131,0.776923253027942,NA,NA,"future",0.223076746972058,-0.776923253027942,0,76,"Q3"
"11158",11158,"La SalleSaint Joseph's3-7",2026-03-07,"conf","Saint Joseph's","La Salle","A10","A10","H",NA,NA,0.600718255311877,0.347282363436385,0.87694452176131,0.930527128014643,NA,NA,"future",0.0694728719853572,-0.930527128014643,0,227,"Q4"
"11159",11159,"RichmondDuquesne3-7",2026-03-07,"conf","Duquesne","Richmond","A10","A10","H",NA,NA,0.664548733997581,0.505311078308384,0.87694452176131,0.874633481206489,NA,NA,"future",0.125366518793511,-0.874633481206489,0,126,"Q3"
"11160",11160,"UC San DiegoUC Santa Barbara3-7",2026-03-07,"conf","UC Santa Barbara","UC San Diego","BW","BW","H",NA,NA,0.641009132198243,0.591942410772934,0.87694452176131,0.830870239432055,NA,NA,"future",0.169129760567945,-0.830870239432055,0,98,"Q3"
"11161",11161,"UtahBaylor3-7",2026-03-07,"conf","Baylor","Utah","B12","B12","H",NA,NA,0.844844372317854,0.594076360174539,0.87694452176131,0.82962411412064,NA,NA,"future",0.17037588587936,-0.82962411412064,0,117,"Q3"
"11162",11162,"ColumbiaHarvard3-7",2026-03-07,"conf","Harvard","Columbia","Ivy","Ivy","H",NA,NA,0.510633319046039,0.408052728218098,0.87694452176131,0.911801277983662,NA,NA,"future",0.0881987220163379,-0.911801277983662,0,151,"Q3"
"11163",11163,"Sam Houston St.Liberty3-7",2026-03-07,"conf","Liberty","Sam Houston St.","CUSA","CUSA","H",NA,NA,0.754201371304044,0.562519903891757,0.87694452176131,0.847149015990964,NA,NA,"future",0.152850984009036,-0.847149015990964,0,105,"Q3"
"11164",11164,"ConnecticutMarquette3-7",2026-03-07,"conf","Marquette","Connecticut","BE","BE","H",NA,NA,0.679338014949704,0.948353630627273,0.87694452176131,0.279589420810512,NA,NA,"future",0.720410579189488,-0.279589420810512,0,8,"Q1"
"11165",11165,"Georgia TechClemson3-7",2026-03-07,"conf","Clemson","Georgia Tech","ACC","ACC","H",NA,NA,0.937538780726441,0.493378438439407,0.87694452176131,0.879774473681039,NA,NA,"future",0.120225526318961,-0.879774473681039,0,146,"Q3"
"11166",11166,"Middle TennesseeMissouri St.3-7",2026-03-07,"conf","Missouri St.","Middle Tennessee","CUSA","CUSA","H",NA,NA,0.618345928322213,0.617437484215807,0.87694452176131,0.815345086458109,NA,NA,"future",0.184654913541891,-0.815345086458109,0,111,"Q3"
"11167",11167,"Cal St. FullertonCal St. Northridge3-7",2026-03-07,"conf","Cal St. Northridge","Cal St. Fullerton","BW","BW","H",NA,NA,0.543814122124777,0.331925225797259,0.87694452176131,0.934825940311833,NA,NA,"future",0.0651740596881669,-0.934825940311833,0,200,"Q4"
"11168",11168,"UT ArlingtonAbilene Christian3-7",2026-03-07,"conf","Abilene Christian","UT Arlington","WAC","WAC","H",NA,NA,0.395357780875213,0.429835729480134,0.87694452176131,0.90433348387365,NA,NA,"future",0.0956665161263495,-0.90433348387365,0,123,"Q3"
"11169",11169,"PittsburghSyracuse3-7",2026-03-07,"conf","Syracuse","Pittsburgh","ACC","ACC","H",NA,NA,0.839475742553748,0.587700127965515,0.87694452176131,0.83332008576474,NA,NA,"future",0.16667991423526,-0.83332008576474,0,121,"Q3"
"11170",11170,"ButlerDePaul3-7",2026-03-07,"conf","DePaul","Butler","BE","BE","H",NA,NA,0.723148523927946,0.761292597156938,0.87694452176131,0.690835707123408,NA,NA,"future",0.309164292876592,-0.690835707123408,0,48,"Q2"
"11171",11171,"Rhode IslandFordham3-7",2026-03-07,"conf","Fordham","Rhode Island","A10","A10","H",NA,NA,0.520630114053518,0.501095551708488,0.87694452176131,0.876470842985361,NA,NA,"future",0.123529157014639,-0.876470842985361,0,133,"Q3"
"11172",11172,"CornellDartmouth3-7",2026-03-07,"conf","Cornell","Dartmouth","Ivy","Ivy","A",NA,NA,0.377743777487108,0.465558838117583,0.789142831518436,0.811188227275576,NA,NA,"future",0.188811772724424,-0.811188227275576,0,222,"Q3"
"11173",11173,"CincinnatiTCU3-7",2026-03-07,"conf","Cincinnati","TCU","B12","B12","A",NA,NA,0.78379278013368,0.865296099885822,0.789142831518436,0.368134924888612,NA,NA,"future",0.631865075111388,-0.368134924888612,0,46,"Q1"
"11174",11174,"Kansas St.Kansas3-7",2026-03-07,"conf","Kansas St.","Kansas","B12","B12","A",NA,NA,0.660770736289095,0.958273819187545,0.789142831518436,0.140126652159027,NA,NA,"future",0.859873347840973,-0.140126652159027,0,18,"Q1"
"11175",11175,"UCLAUSC3-7",2026-03-07,"conf","UCLA","USC","B10","B10","A",NA,NA,0.799123308329882,0.850928400566256,0.789142831518436,0.396005997866024,NA,NA,"future",0.603994002133976,-0.396005997866024,0,56,"Q1"
"11176",11176,"DavidsonSt. Bonaventure3-7",2026-03-07,"conf","Davidson","St. Bonaventure","A10","A10","A",NA,NA,0.541996731296271,0.588463345654528,0.789142831518436,0.723552025588615,NA,NA,"future",0.276447974411385,-0.723552025588615,0,144,"Q3"
"11177",11177,"IndianaOhio St.3-7",2026-03-07,"conf","Indiana","Ohio St.","B10","B10","A",NA,NA,0.873086517947804,0.895316100144004,0.789142831518436,0.304393013328042,NA,NA,"future",0.695606986671958,-0.304393013328042,0,35,"Q1"
"11178",11178,"UC DavisUC Irvine3-7",2026-03-07,"conf","UC Davis","UC Irvine","BW","BW","A",NA,NA,0.410152855593226,0.71694009377673,0.789142831518436,0.596386841218079,NA,NA,"future",0.403613158781921,-0.596386841218079,0,128,"Q2"
"11179",11179,"Texas TechBYU3-7",2026-03-07,"conf","Texas Tech","BYU","B12","B12","A",NA,NA,0.914150403527372,0.943249231571529,0.789142831518436,0.183787432026584,NA,NA,"future",0.816212567973416,-0.183787432026584,0,12,"Q1"
"11180",11180,"StanfordN.C. State3-7",2026-03-07,"conf","Stanford","N.C. State","ACC","ACC","A",NA,NA,0.712676563861534,0.928506150979041,0.789142831518436,0.223705894573487,NA,NA,"future",0.776294105426513,-0.223705894573487,0,29,"Q1"
"11181",11181,"Air ForceNevada3-7",2026-03-07,"conf","Air Force","Nevada","MWC","MWC","A",NA,NA,0.105682919431014,0.843851415463164,0.789142831518436,0.409168925081937,NA,NA,"future",0.590831074918063,-0.409168925081937,0,65,"Q1"
"11182",11182,"Virginia TechVirginia3-7",2026-03-07,"conf","Virginia Tech","Virginia","ACC","ACC","A",NA,NA,0.754253091747402,0.96842400434267,0.789142831518436,0.108756479072216,NA,NA,"future",0.891243520927784,-0.108756479072216,0,13,"Q1"
"11183",11183,"Louisiana TechDelaware3-7",2026-03-07,"conf","Louisiana Tech","Delaware","CUSA","CUSA","A",NA,NA,0.208034428147825,0.290475626387562,0.789142831518436,0.901396772388435,NA,NA,"future",0.0986032276115646,-0.901396772388435,0,300,"Q4"
"11184",11184,"WisconsinPurdue3-7",2026-03-07,"conf","Wisconsin","Purdue","B10","B10","A",NA,NA,0.846803951575671,0.968858276411217,0.789142831518436,0.107378422298164,NA,NA,"future",0.892621577701836,-0.107378422298164,0,5,"Q1"
"11185",11185,"NorthwesternMinnesota3-7",2026-03-07,"conf","Northwestern","Minnesota","B10","B10","A",NA,NA,0.745990934106807,0.837995134981792,0.789142831518436,0.419793884137052,NA,NA,"future",0.580206115862948,-0.419793884137052,0,83,"Q2"
"11186",11186,"FloridaKentucky3-7",2026-03-07,"conf","Florida","Kentucky","SEC","SEC","A",NA,NA,0.940366182041113,0.894882969930619,0.789142831518436,0.305370611040222,NA,NA,"future",0.694629388959778,-0.305370611040222,0,31,"Q1"
"11187",11187,"Saint LouisGeorge Mason3-7",2026-03-07,"conf","Saint Louis","George Mason","A10","A10","A",NA,NA,0.882079346144617,0.758834600748699,0.789142831518436,0.543257964252141,NA,NA,"future",0.456742035747859,-0.543257964252141,0,63,"Q1"
"11188",11188,"Notre DameBoston College3-7",2026-03-07,"conf","Notre Dame","Boston College","ACC","ACC","A",NA,NA,0.645182423439833,0.611273164360049,0.789142831518436,0.704141763062635,NA,NA,"future",0.295858236937365,-0.704141763062635,0,157,"Q3"
"11189",11189,"HoustonOklahoma St.3-7",2026-03-07,"conf","Houston","Oklahoma St.","B12","B12","A",NA,NA,0.960500923846367,0.819344264260517,0.789142831518436,0.452111051323319,NA,NA,"future",0.547888948676681,-0.452111051323319,0,73,"Q1"
"11190",11190,"Arizona St.Iowa St.3-7",2026-03-07,"conf","Arizona St.","Iowa St.","B12","B12","A",NA,NA,0.630271822278081,0.963201567205515,0.789142831518436,0.125095084414269,NA,NA,"future",0.874904915585731,-0.125095084414269,0,6,"Q1"
"11191",11191,"Cal St. BakersfieldCal Poly3-7",2026-03-07,"conf","Cal St. Bakersfield","Cal Poly","BW","BW","A",NA,NA,0.159533932612316,0.356782664805302,0.789142831518436,0.870920500600285,NA,NA,"future",0.129079499399715,-0.870920500600285,0,257,"Q4"
"11192",11192,"WashingtonOregon3-7",2026-03-07,"conf","Washington","Oregon","B10","B10","A",NA,NA,0.749226742667862,0.81299290274961,0.789142831518436,0.462617524270081,NA,NA,"future",0.537382475729919,-0.462617524270081,0,104,"Q2"
"11193",11193,"ArkansasMissouri3-7",2026-03-07,"conf","Arkansas","Missouri","SEC","SEC","A",NA,NA,0.899851369198693,0.837628198528992,0.789142831518436,0.42045174979891,NA,NA,"future",0.57954825020109,-0.42045174979891,0,70,"Q1"
"11194",11194,"New MexicoUtah St.3-7",2026-03-07,"conf","New Mexico","Utah St.","MWC","MWC","A",NA,NA,0.808195778802625,0.914720101774999,0.789142831518436,0.25866611800377,NA,NA,"future",0.74133388199623,-0.25866611800377,0,25,"Q1"
"11195",11195,"Boise St.Colorado St.3-7",2026-03-07,"conf","Boise St.","Colorado St.","MWC","MWC","A",NA,NA,0.719435859842334,0.761948848530048,0.789142831518436,0.539013660019678,NA,NA,"future",0.460986339980322,-0.539013660019678,0,92,"Q2"
"11196",11196,"LouisvilleMiami FL3-7",2026-03-07,"conf","Louisville","Miami FL","ACC","ACC","A",NA,NA,0.927853101372083,0.882624997146115,0.789142831518436,0.332309029138053,NA,NA,"future",0.667690970861947,-0.332309029138053,0,37,"Q1"
"11197",11197,"SMUFlorida St.3-7",2026-03-07,"conf","SMU","Florida St.","ACC","ACC","A",NA,NA,0.852332367434774,0.714263605095652,0.789142831518436,0.599548438685226,NA,NA,"future",0.400451561314774,-0.599548438685226,0,115,"Q2"
"11198",11198,"North CarolinaDuke3-7",2026-03-07,"conf","North Carolina","Duke","ACC","ACC","A",NA,NA,0.849603281638803,0.967169328775528,0.789142831518436,0.1127209681814,NA,NA,"future",0.8872790318186,-0.1127209681814,0,2,"Q1"
"11199",11199,"George WashingtonLoyola Chicago3-7",2026-03-07,"conf","George Washington","Loyola Chicago","A10","A10","A",NA,NA,0.685508618398289,0.28923647413666,0.789142831518436,0.901930542270354,NA,NA,"future",0.0980694577296459,-0.901930542270354,0,315,"Q4"
"11200",11200,"GeorgiaMississippi St.3-7",2026-03-07,"conf","Georgia","Mississippi St.","SEC","SEC","A",NA,NA,0.851354270638983,0.769828564240354,0.789142831518436,0.528076163539221,NA,NA,"future",0.471923836460779,-0.528076163539221,0,99,"Q2"
"11201",11201,"Long Beach St.Hawaii3-7",2026-03-07,"conf","Long Beach St.","Hawaii","BW","BW","A",NA,NA,0.276270766068189,0.782563869210565,0.789142831518436,0.50977274777129,NA,NA,"future",0.49022725222871,-0.50977274777129,0,97,"Q2"
"11202",11202,"Jacksonville St.UTEP3-7",2026-03-07,"conf","Jacksonville St.","UTEP","CUSA","CUSA","A",NA,NA,0.295930609897491,0.346704940492434,0.789142831518436,0.87580832614611,NA,NA,"future",0.12419167385389,-0.87580832614611,0,276,"Q4"
"11203",11203,"PrincetonYale3-7",2026-03-07,"conf","Princeton","Yale","Ivy","Ivy","A",NA,NA,0.302269000525834,0.814418788081781,0.789142831518436,0.460279928688857,NA,NA,"future",0.539720071311143,-0.460279928688857,0,61,"Q1"
"11204",11204,"XavierVillanova3-7",2026-03-07,"conf","Xavier","Villanova","BE","BE","A",NA,NA,0.650772325033312,0.914034335117992,0.789142831518436,0.260349308981246,NA,NA,"future",0.739650691018754,-0.260349308981246,0,33,"Q1"
"11205",11205,"CaliforniaWake Forest3-7",2026-03-07,"conf","California","Wake Forest","ACC","ACC","A",NA,NA,0.717957478164634,0.830188381602287,0.789142831518436,0.433595457149497,NA,NA,"future",0.566404542850503,-0.433595457149497,0,67,"Q1"
"11206",11206,"Cal BaptistSouthern Utah3-7",2026-03-07,"conf","Cal Baptist","Southern Utah","WAC","WAC","A",NA,NA,0.540609234029639,0.331760954622987,0.789142831518436,0.882880763427249,NA,NA,"future",0.117119236572751,-0.882880763427249,0,294,"Q4"
"11207",11207,"Texas A&MLSU3-7",2026-03-07,"conf","Texas A&M","LSU","SEC","SEC","A",NA,NA,0.85060177721884,0.86991035902452,0.789142831518436,0.358840545849542,NA,NA,"future",0.641159454150458,-0.358840545849542,0,50,"Q1"
"11208",11208,"Florida AtlanticWichita St.3-7",2026-03-07,"conf","Florida Atlantic","Wichita St.","Amer","Amer","A",NA,NA,0.669116075241684,0.738904436061514,0.789142831518436,0.569419774868401,NA,NA,"future",0.430580225131599,-0.569419774868401,0,95,"Q2"
"11209",11209,"Kennesaw St.New Mexico St.3-7",2026-03-07,"conf","Kennesaw St.","New Mexico St.","CUSA","CUSA","A",NA,NA,0.417773718358861,0.670484002673614,0.789142831518436,0.64780196307496,NA,NA,"future",0.35219803692504,-0.64780196307496,0,140,"Q3"
"11210",11210,"Utah ValleyUtah Tech3-7",2026-03-07,"conf","Utah Valley","Utah Tech","WAC","WAC","A",NA,NA,0.65875856803625,0.479891400510013,0.789142831518436,0.802222630355226,NA,NA,"future",0.197777369644774,-0.802222630355226,0,199,"Q3"
"11211",11211,"WyomingSan Jose St.3-7",2026-03-07,"conf","Wyoming","San Jose St.","MWC","MWC","A",NA,NA,0.628540397083757,0.426462166380668,0.789142831518436,0.834251951782731,NA,NA,"future",0.165748048217269,-0.834251951782731,0,259,"Q4"
"11212",11212,"South CarolinaMississippi3-7",2026-03-07,"conf","South Carolina","Mississippi","SEC","SEC","A",NA,NA,0.702029460608034,0.782795445947566,0.789142831518436,0.509432503898883,NA,NA,"future",0.490567496101117,-0.509432503898883,0,87,"Q2"
"11213",11213,"Fresno St.Grand Canyon3-7",2026-03-07,"conf","Fresno St.","Grand Canyon","MWC","MWC","A",NA,NA,0.481922792123584,0.843748589646882,0.789142831518436,0.409357541008259,NA,NA,"future",0.590642458991741,-0.409357541008259,0,86,"Q2"
"11214",11214,"VanderbiltTennessee3-7",2026-03-07,"conf","Vanderbilt","Tennessee","SEC","SEC","A",NA,NA,0.928124167770446,0.951108153148531,0.789142831518436,0.161345502513521,NA,NA,"future",0.838654497486479,-0.161345502513521,0,26,"Q1"
"11215",11215,"ArizonaColorado3-7",2026-03-07,"conf","Arizona","Colorado","B12","B12","A",NA,NA,0.958472429946254,0.772290823716488,0.789142831518436,0.524598733389019,NA,NA,"future",0.475401266610981,-0.524598733389019,0,78,"Q2"
"11216",11216,"ProvidenceGeorgetown3-7",2026-03-07,"conf","Providence","Georgetown","BE","BE","A",NA,NA,0.682260447232124,0.736066932523059,0.789142831518436,0.573009575192196,NA,NA,"future",0.426990424807804,-0.573009575192196,0,118,"Q2"
"11217",11217,"Western KentuckyFIU3-7",2026-03-07,"conf","Western Kentucky","FIU","CUSA","CUSA","A",NA,NA,0.381373069076346,0.568091309363212,0.789142831518436,0.739948017865934,NA,NA,"future",0.260051982134066,-0.739948017865934,0,198,"Q3"
"11218",11218,"AuburnAlabama3-7",2026-03-07,"conf","Auburn","Alabama","SEC","SEC","A",NA,NA,0.84883999378349,0.954434190116709,0.789142831518436,0.151588690123373,NA,NA,"future",0.848411309876627,-0.151588690123373,0,19,"Q1"
"11219",11219,"OklahomaTexas3-7",2026-03-07,"conf","Oklahoma","Texas","SEC","SEC","A",NA,NA,0.671721774627647,0.887271095950039,0.789142831518436,0.322261464403328,NA,NA,"future",0.677738535596672,-0.322261464403328,0,43,"Q1"
"11220",11220,"La SalleSaint Joseph's3-7",2026-03-07,"conf","La Salle","Saint Joseph's","A10","A10","A",NA,NA,0.347282363436385,0.600718255311877,0.789142831518436,0.713267667429442,NA,NA,"future",0.286732332570558,-0.713267667429442,0,192,"Q3"
"11221",11221,"RichmondDuquesne3-7",2026-03-07,"conf","Richmond","Duquesne","A10","A10","A",NA,NA,0.505311078308384,0.664548733997581,0.789142831518436,0.653879211488026,NA,NA,"future",0.346120788511974,-0.653879211488026,0,155,"Q3"
"11222",11222,"UC San DiegoUC Santa Barbara3-7",2026-03-07,"conf","UC San Diego","UC Santa Barbara","BW","BW","A",NA,NA,0.591942410772934,0.641009132198243,0.789142831518436,0.677000142650276,NA,NA,"future",0.322999857349724,-0.677000142650276,0,145,"Q3"
"11223",11223,"UtahBaylor3-7",2026-03-07,"conf","Utah","Baylor","B12","B12","A",NA,NA,0.594076360174539,0.844844372317854,0.789142831518436,0.407343680053834,NA,NA,"future",0.592656319946166,-0.407343680053834,0,53,"Q1"
"11224",11224,"ColumbiaHarvard3-7",2026-03-07,"conf","Columbia","Harvard","Ivy","Ivy","A",NA,NA,0.408052728218098,0.510633319046039,0.789142831518436,0.781977323713595,NA,NA,"future",0.218022676286405,-0.781977323713595,0,182,"Q3"
"11225",11225,"Sam Houston St.Liberty3-7",2026-03-07,"conf","Sam Houston St.","Liberty","CUSA","CUSA","A",NA,NA,0.562519903891757,0.754201371304044,0.789142831518436,0.549492294681649,NA,NA,"future",0.450507705318351,-0.549492294681649,0,84,"Q2"
"11226",11226,"ConnecticutMarquette3-7",2026-03-07,"conf","Connecticut","Marquette","BE","BE","A",NA,NA,0.948353630627273,0.679338014949704,0.789142831518436,0.638540499954744,NA,NA,"future",0.361459500045256,-0.638540499954744,0,142,"Q3"
"11227",11227,"Georgia TechClemson3-7",2026-03-07,"conf","Georgia Tech","Clemson","ACC","ACC","A",NA,NA,0.493378438439407,0.937538780726441,0.789142831518436,0.199576091999099,NA,NA,"future",0.800423908000901,-0.199576091999099,0,32,"Q1"
"11228",11228,"Middle TennesseeMissouri St.3-7",2026-03-07,"conf","Middle Tennessee","Missouri St.","CUSA","CUSA","A",NA,NA,0.617437484215807,0.618345928322213,0.789142831518436,0.697882118549372,NA,NA,"future",0.302117881450628,-0.697882118549372,0,191,"Q3"
"11229",11229,"Cal St. FullertonCal St. Northridge3-7",2026-03-07,"conf","Cal St. Fullerton","Cal St. Northridge","BW","BW","A",NA,NA,0.331925225797259,0.543814122124777,0.789142831518436,0.758424134649901,NA,NA,"future",0.241575865350099,-0.758424134649901,0,209,"Q3"
"11230",11230,"UT ArlingtonAbilene Christian3-7",2026-03-07,"conf","UT Arlington","Abilene Christian","WAC","WAC","A",NA,NA,0.429835729480134,0.395357780875213,0.789142831518436,0.851271945390759,NA,NA,"future",0.148728054609241,-0.851271945390759,0,241,"Q4"
"11231",11231,"PittsburghSyracuse3-7",2026-03-07,"conf","Pittsburgh","Syracuse","ACC","ACC","A",NA,NA,0.587700127965515,0.839475742553748,0.789142831518436,0.417130023189949,NA,NA,"future",0.582869976810051,-0.417130023189949,0,77,"Q2"
"11232",11232,"ButlerDePaul3-7",2026-03-07,"conf","Butler","DePaul","BE","BE","A",NA,NA,0.761292597156938,0.723148523927946,0.789142831518436,0.588951567067976,NA,NA,"future",0.411048432932024,-0.588951567067976,0,113,"Q2"
"11233",11233,"Rhode IslandFordham3-7",2026-03-07,"conf","Rhode Island","Fordham","A10","A10","A",NA,NA,0.501095551708488,0.520630114053518,0.789142831518436,0.775076087478428,NA,NA,"future",0.224923912521572,-0.775076087478428,0,226,"Q3"
"11234",11234,"UTSARice3-8",2026-03-08,"conf","Rice","UTSA","Amer","Amer","H",NA,NA,0.456337279232508,0.0659428297410237,0.87694452176131,0.990190615450233,NA,NA,"future",0.00980938454976721,-0.990190615450233,0,349,"Q4"
"11235",11235,"IowaNebraska3-8",2026-03-08,"conf","Nebraska","Iowa","B10","B10","H",NA,NA,0.960111303481749,0.910684041262198,0.87694452176131,0.411393574304387,NA,NA,"future",0.588606425695613,-0.411393574304387,0,21,"Q1"
"11236",11236,"IllinoisMaryland3-8",2026-03-08,"conf","Maryland","Illinois","B10","B10","H",NA,NA,0.718765491706146,0.944572611131982,0.87694452176131,0.294869444924917,NA,NA,"future",0.705130555075083,-0.294869444924917,0,9,"Q1"
"11237",11237,"Michigan St.Michigan3-8",2026-03-08,"conf","Michigan","Michigan St.","B10","B10","H",NA,NA,0.98755383780862,0.932129770868875,0.87694452176131,0.341623855432532,NA,NA,"future",0.658376144567468,-0.341623855432532,0,11,"Q1"
"11238",11238,"East CarolinaUAB3-8",2026-03-08,"conf","UAB","East Carolina","Amer","Amer","H",NA,NA,0.677896014710966,0.157608291479868,0.87694452176131,0.974417735158404,NA,NA,"future",0.0255822648415964,-0.974417735158404,0,299,"Q4"
"11239",11239,"CharlotteSouth Florida3-8",2026-03-08,"conf","South Florida","Charlotte","Amer","Amer","H",NA,NA,0.827671121247399,0.408184823211502,0.87694452176131,0.911757290865428,NA,NA,"future",0.0882427091345716,-0.911757290865428,0,173,"Q4"
"11240",11240,"TempleTulsa3-8",2026-03-08,"conf","Tulsa","Temple","Amer","Amer","H",NA,NA,0.855650066325967,0.482165271889948,0.87694452176131,0.884441310768963,NA,NA,"future",0.115558689231037,-0.884441310768963,0,154,"Q3"
"11241",11241,"MemphisTulane3-8",2026-03-08,"conf","Tulane","Memphis","Amer","Amer","H",NA,NA,0.499347286934666,0.647741340141445,0.87694452176131,0.794894141174265,NA,NA,"future",0.205105858825735,-0.794894141174265,0,112,"Q3"
"11242",11242,"Penn St.Rutgers3-8",2026-03-08,"conf","Rutgers","Penn St.","B10","B10","H",NA,NA,0.593817364755892,0.48720277375858,0.87694452176131,0.882363892431686,NA,NA,"future",0.117636107568314,-0.882363892431686,0,131,"Q3"
"11243",11243,"UTSARice3-8",2026-03-08,"conf","UTSA","Rice","Amer","Amer","A",NA,NA,0.0659428297410237,0.456337279232508,0.789142831518436,0.816807094698556,NA,NA,"future",0.183192905301444,-0.816807094698556,0,253,"Q4"
"11244",11244,"IowaNebraska3-8",2026-03-08,"conf","Iowa","Nebraska","B10","B10","A",NA,NA,0.910684041262198,0.960111303481749,0.789142831518436,0.134564422606148,NA,NA,"future",0.865435577393852,-0.134564422606148,0,7,"Q1"
"11245",11245,"IllinoisMaryland3-8",2026-03-08,"conf","Illinois","Maryland","B10","B10","A",NA,NA,0.944572611131982,0.718765491706146,0.789142831518436,0.594215563299714,NA,NA,"future",0.405784436700286,-0.594215563299714,0,152,"Q3"
"11246",11246,"Michigan St.Michigan3-8",2026-03-08,"conf","Michigan St.","Michigan","B10","B10","A",NA,NA,0.932129770868875,0.98755383780862,0.789142831518436,0.0450428444038855,NA,NA,"future",0.954957155596114,-0.0450428444038855,0,1,"Q1"
"11247",11247,"East CarolinaUAB3-8",2026-03-08,"conf","East Carolina","UAB","Amer","Amer","A",NA,NA,0.157608291479868,0.677896014710966,0.789142831518436,0.640065139338454,NA,NA,"future",0.359934860661546,-0.640065139338454,0,122,"Q2"
"11248",11248,"CharlotteSouth Florida3-8",2026-03-08,"conf","Charlotte","South Florida","Amer","Amer","A",NA,NA,0.408184823211502,0.827671121247399,0.789142831518436,0.437960160751415,NA,NA,"future",0.562039839248585,-0.437960160751415,0,66,"Q1"
"11249",11249,"TempleTulsa3-8",2026-03-08,"conf","Temple","Tulsa","Amer","Amer","A",NA,NA,0.482165271889948,0.855650066325967,0.789142831518436,0.387020296107445,NA,NA,"future",0.612979703892555,-0.387020296107445,0,47,"Q1"
"11250",11250,"MemphisTulane3-8",2026-03-08,"conf","Memphis","Tulane","Amer","Amer","A",NA,NA,0.647741340141445,0.499347286934666,0.789142831518436,0.789576940282949,NA,NA,"future",0.210423059717051,-0.789576940282949,0,202,"Q3"
"11251",11251,"Penn St.Rutgers3-8",2026-03-08,"conf","Penn St.","Rutgers","B10","B10","A",NA,NA,0.48720277375858,0.593817364755892,0.789142831518436,0.719099142122945,NA,NA,"future",0.280900857877055,-0.719099142122945,0,153,"Q3"
